frame,timestamp,confidence,gaze_0_x,gaze_0_y,gaze_0_z,gaze_1_x,gaze_1_y,gaze_1_z,gaze_angle_x,gaze_angle_y,eye_lmk_x_0,eye_lmk_x_1,eye_lmk_x_2,eye_lmk_x_3,eye_lmk_x_4,eye_lmk_x_5,eye_lmk_x_6,eye_lmk_x_7,eye_lmk_x_8,eye_lmk_x_9,eye_lmk_x_10,eye_lmk_x_11,eye_lmk_x_12,eye_lmk_x_13,eye_lmk_x_14,eye_lmk_x_15,eye_lmk_x_16,eye_lmk_x_17,eye_lmk_x_18,eye_lmk_x_19,eye_lmk_x_20,eye_lmk_x_21,eye_lmk_x_22,eye_lmk_x_23,eye_lmk_x_24,eye_lmk_x_25,eye_lmk_x_26,eye_lmk_x_27,eye_lmk_x_28,eye_lmk_x_29,eye_lmk_x_30,eye_lmk_x_31,eye_lmk_x_32,eye_lmk_x_33,eye_lmk_x_34,eye_lmk_x_35,eye_lmk_x_36,eye_lmk_x_37,eye_lmk_x_38,eye_lmk_x_39,eye_lmk_x_40,eye_lmk_x_41,eye_lmk_x_42,eye_lmk_x_43,eye_lmk_x_44,eye_lmk_x_45,eye_lmk_x_46,eye_lmk_x_47,eye_lmk_x_48,eye_lmk_x_49,eye_lmk_x_50,eye_lmk_x_51,eye_lmk_x_52,eye_lmk_x_53,eye_lmk_x_54,eye_lmk_x_55,eye_lmk_y_0,eye_lmk_y_1,eye_lmk_y_2,eye_lmk_y_3,eye_lmk_y_4,eye_lmk_y_5,eye_lmk_y_6,eye_lmk_y_7,eye_lmk_y_8,eye_lmk_y_9,eye_lmk_y_10,eye_lmk_y_11,eye_lmk_y_12,eye_lmk_y_13,eye_lmk_y_14,eye_lmk_y_15,eye_lmk_y_16,eye_lmk_y_17,eye_lmk_y_18,eye_lmk_y_19,eye_lmk_y_20,eye_lmk_y_21,eye_lmk_y_22,eye_lmk_y_23,eye_lmk_y_24,eye_lmk_y_25,eye_lmk_y_26,eye_lmk_y_27,eye_lmk_y_28,eye_lmk_y_29,eye_lmk_y_30,eye_lmk_y_31,eye_lmk_y_32,eye_lmk_y_33,eye_lmk_y_34,eye_lmk_y_35,eye_lmk_y_36,eye_lmk_y_37,eye_lmk_y_38,eye_lmk_y_39,eye_lmk_y_40,eye_lmk_y_41,eye_lmk_y_42,eye_lmk_y_43,eye_lmk_y_44,eye_lmk_y_45,eye_lmk_y_46,eye_lmk_y_47,eye_lmk_y_48,eye_lmk_y_49,eye_lmk_y_50,eye_lmk_y_51,eye_lmk_y_52,eye_lmk_y_53,eye_lmk_y_54,eye_lmk_y_55,eye_lmk_X_0,eye_lmk_X_1,eye_lmk_X_2,eye_lmk_X_3,eye_lmk_X_4,eye_lmk_X_5,eye_lmk_X_6,eye_lmk_X_7,eye_lmk_X_8,eye_lmk_X_9,eye_lmk_X_10,eye_lmk_X_11,eye_lmk_X_12,eye_lmk_X_13,eye_lmk_X_14,eye_lmk_X_15,eye_lmk_X_16,eye_lmk_X_17,eye_lmk_X_18,eye_lmk_X_19,eye_lmk_X_20,eye_lmk_X_21,eye_lmk_X_22,eye_lmk_X_23,eye_lmk_X_24,eye_lmk_X_25,eye_lmk_X_26,eye_lmk_X_27,eye_lmk_X_28,eye_lmk_X_29,eye_lmk_X_30,eye_lmk_X_31,eye_lmk_X_32,eye_lmk_X_33,eye_lmk_X_34,eye_lmk_X_35,eye_lmk_X_36,eye_lmk_X_37,eye_lmk_X_38,eye_lmk_X_39,eye_lmk_X_40,eye_lmk_X_41,eye_lmk_X_42,eye_lmk_X_43,eye_lmk_X_44,eye_lmk_X_45,eye_lmk_X_46,eye_lmk_X_47,eye_lmk_X_48,eye_lmk_X_49,eye_lmk_X_50,eye_lmk_X_51,eye_lmk_X_52,eye_lmk_X_53,eye_lmk_X_54,eye_lmk_X_55,eye_lmk_Y_0,eye_lmk_Y_1,eye_lmk_Y_2,eye_lmk_Y_3,eye_lmk_Y_4,eye_lmk_Y_5,eye_lmk_Y_6,eye_lmk_Y_7,eye_lmk_Y_8,eye_lmk_Y_9,eye_lmk_Y_10,eye_lmk_Y_11,eye_lmk_Y_12,eye_lmk_Y_13,eye_lmk_Y_14,eye_lmk_Y_15,eye_lmk_Y_16,eye_lmk_Y_17,eye_lmk_Y_18,eye_lmk_Y_19,eye_lmk_Y_20,eye_lmk_Y_21,eye_lmk_Y_22,eye_lmk_Y_23,eye_lmk_Y_24,eye_lmk_Y_25,eye_lmk_Y_26,eye_lmk_Y_27,eye_lmk_Y_28,eye_lmk_Y_29,eye_lmk_Y_30,eye_lmk_Y_31,eye_lmk_Y_32,eye_lmk_Y_33,eye_lmk_Y_34,eye_lmk_Y_35,eye_lmk_Y_36,eye_lmk_Y_37,eye_lmk_Y_38,eye_lmk_Y_39,eye_lmk_Y_40,eye_lmk_Y_41,eye_lmk_Y_42,eye_lmk_Y_43,eye_lmk_Y_44,eye_lmk_Y_45,eye_lmk_Y_46,eye_lmk_Y_47,eye_lmk_Y_48,eye_lmk_Y_49,eye_lmk_Y_50,eye_lmk_Y_51,eye_lmk_Y_52,eye_lmk_Y_53,eye_lmk_Y_54,eye_lmk_Y_55,eye_lmk_Z_0,eye_lmk_Z_1,eye_lmk_Z_2,eye_lmk_Z_3,eye_lmk_Z_4,eye_lmk_Z_5,eye_lmk_Z_6,eye_lmk_Z_7,eye_lmk_Z_8,eye_lmk_Z_9,eye_lmk_Z_10,eye_lmk_Z_11,eye_lmk_Z_12,eye_lmk_Z_13,eye_lmk_Z_14,eye_lmk_Z_15,eye_lmk_Z_16,eye_lmk_Z_17,eye_lmk_Z_18,eye_lmk_Z_19,eye_lmk_Z_20,eye_lmk_Z_21,eye_lmk_Z_22,eye_lmk_Z_23,eye_lmk_Z_24,eye_lmk_Z_25,eye_lmk_Z_26,eye_lmk_Z_27,eye_lmk_Z_28,eye_lmk_Z_29,eye_lmk_Z_30,eye_lmk_Z_31,eye_lmk_Z_32,eye_lmk_Z_33,eye_lmk_Z_34,eye_lmk_Z_35,eye_lmk_Z_36,eye_lmk_Z_37,eye_lmk_Z_38,eye_lmk_Z_39,eye_lmk_Z_40,eye_lmk_Z_41,eye_lmk_Z_42,eye_lmk_Z_43,eye_lmk_Z_44,eye_lmk_Z_45,eye_lmk_Z_46,eye_lmk_Z_47,eye_lmk_Z_48,eye_lmk_Z_49,eye_lmk_Z_50,eye_lmk_Z_51,eye_lmk_Z_52,eye_lmk_Z_53,eye_lmk_Z_54,eye_lmk_Z_55,pose_Tx,pose_Ty,pose_Tz,pose_Rx,pose_Ry,pose_Rz,x_0,x_1,x_2,x_3,x_4,x_5,x_6,x_7,x_8,x_9,x_10,x_11,x_12,x_13,x_14,x_15,x_16,x_17,x_18,x_19,x_20,x_21,x_22,x_23,x_24,x_25,x_26,x_27,x_28,x_29,x_30,x_31,x_32,x_33,x_34,x_35,x_36,x_37,x_38,x_39,x_40,x_41,x_42,x_43,x_44,x_45,x_46,x_47,x_48,x_49,x_50,x_51,x_52,x_53,x_54,x_55,x_56,x_57,x_58,x_59,x_60,x_61,x_62,x_63,x_64,x_65,x_66,x_67,y_0,y_1,y_2,y_3,y_4,y_5,y_6,y_7,y_8,y_9,y_10,y_11,y_12,y_13,y_14,y_15,y_16,y_17,y_18,y_19,y_20,y_21,y_22,y_23,y_24,y_25,y_26,y_27,y_28,y_29,y_30,y_31,y_32,y_33,y_34,y_35,y_36,y_37,y_38,y_39,y_40,y_41,y_42,y_43,y_44,y_45,y_46,y_47,y_48,y_49,y_50,y_51,y_52,y_53,y_54,y_55,y_56,y_57,y_58,y_59,y_60,y_61,y_62,y_63,y_64,y_65,y_66,y_67,X_0,X_1,X_2,X_3,X_4,X_5,X_6,X_7,X_8,X_9,X_10,X_11,X_12,X_13,X_14,X_15,X_16,X_17,X_18,X_19,X_20,X_21,X_22,X_23,X_24,X_25,X_26,X_27,X_28,X_29,X_30,X_31,X_32,X_33,X_34,X_35,X_36,X_37,X_38,X_39,X_40,X_41,X_42,X_43,X_44,X_45,X_46,X_47,X_48,X_49,X_50,X_51,X_52,X_53,X_54,X_55,X_56,X_57,X_58,X_59,X_60,X_61,X_62,X_63,X_64,X_65,X_66,X_67,Y_0,Y_1,Y_2,Y_3,Y_4,Y_5,Y_6,Y_7,Y_8,Y_9,Y_10,Y_11,Y_12,Y_13,Y_14,Y_15,Y_16,Y_17,Y_18,Y_19,Y_20,Y_21,Y_22,Y_23,Y_24,Y_25,Y_26,Y_27,Y_28,Y_29,Y_30,Y_31,Y_32,Y_33,Y_34,Y_35,Y_36,Y_37,Y_38,Y_39,Y_40,Y_41,Y_42,Y_43,Y_44,Y_45,Y_46,Y_47,Y_48,Y_49,Y_50,Y_51,Y_52,Y_53,Y_54,Y_55,Y_56,Y_57,Y_58,Y_59,Y_60,Y_61,Y_62,Y_63,Y_64,Y_65,Y_66,Y_67,Z_0,Z_1,Z_2,Z_3,Z_4,Z_5,Z_6,Z_7,Z_8,Z_9,Z_10,Z_11,Z_12,Z_13,Z_14,Z_15,Z_16,Z_17,Z_18,Z_19,Z_20,Z_21,Z_22,Z_23,Z_24,Z_25,Z_26,Z_27,Z_28,Z_29,Z_30,Z_31,Z_32,Z_33,Z_34,Z_35,Z_36,Z_37,Z_38,Z_39,Z_40,Z_41,Z_42,Z_43,Z_44,Z_45,Z_46,Z_47,Z_48,Z_49,Z_50,Z_51,Z_52,Z_53,Z_54,Z_55,Z_56,Z_57,Z_58,Z_59,Z_60,Z_61,Z_62,Z_63,Z_64,Z_65,Z_66,Z_67,p_scale,p_rx,p_ry,p_rz,p_tx,p_ty,p_0,p_1,p_2,p_3,p_4,p_5,p_6,p_7,p_8,p_9,p_10,p_11,p_12,p_13,p_14,p_15,p_16,p_17,p_18,p_19,p_20,p_21,p_22,p_23,p_24,p_25,p_26,p_27,p_28,p_29,p_30,p_31,p_32,p_33,AU01_r,AU02_r,AU04_r,AU05_r,AU06_r,AU07_r,AU09_r,AU10_r,AU12_r,AU14_r,AU15_r,AU17_r,AU20_r,AU23_r,AU25_r,AU26_r,AU45_r,AU01_c,AU02_c,AU04_c,AU05_c,AU06_c,AU07_c,AU09_c,AU10_c,AU12_c,AU14_c,AU15_c,AU17_c,AU20_c,AU23_c,AU25_c,AU26_c,AU28_c,AU45_c,0
1.0,0.0,0.98,0.058579,0.257611,-0.964472,-0.147884,0.251416,-0.956515,-0.046,0.259,554.5,557.8,567.6,578.2,583.4,581.0,570.4,559.8,541.2,545.9,554.6,566.2,578.1,586.9,592.9,586.7,577.4,566.8,556.5,547.5,565.2,569.6,573.6,575.0,572.8,568.4,564.3,563.0,690.0,692.2,703.2,716.4,724.1,721.9,710.9,697.1,682.0,689.0,698.8,710.2,721.1,730.1,737.8,731.8,723.5,713.2,701.3,690.2,702.2,709.0,714.6,715.9,711.9,705.2,699.5,698.3,358.8,349.2,344.5,347.4,356.4,366.3,370.7,367.8,360.1,356.2,354.5,352.9,353.1,355.8,360.8,364.9,368.2,369.8,368.8,365.3,361.0,362.2,360.3,356.2,352.5,351.3,353.3,357.3,348.5,337.4,330.7,332.5,341.6,352.7,359.4,358.9,351.7,345.8,341.9,340.4,341.0,343.1,346.9,351.3,353.4,354.4,354.9,355.0,352.9,353.8,350.5,344.7,340.0,339.1,342.4,348.1,-34.5,-33.2,-29.2,-24.9,-22.8,-23.9,-28.2,-32.5,-40.1,-38.1,-34.5,-29.8,-25.0,-21.4,-19.1,-21.6,-25.3,-29.6,-33.8,-37.5,-30.3,-28.5,-26.8,-26.3,-27.1,-28.9,-30.6,-31.1,18.5,19.4,23.4,28.3,31.1,30.2,26.2,21.1,15.5,18.1,21.8,26.0,30.0,33.4,36.3,34.0,30.8,27.0,22.6,18.5,23.0,25.5,27.6,28.1,26.7,24.2,22.1,21.6,-0.5,-4.4,-6.3,-5.1,-1.5,2.6,4.3,3.1,0.0,-1.5,-2.2,-2.9,-2.8,-1.7,0.3,2.0,3.3,4.0,3.6,2.1,0.4,0.9,0.1,-1.5,-3.0,-3.5,-2.7,-1.1,-4.2,-8.4,-10.9,-10.2,-6.8,-2.7,-0.2,-0.4,-3.1,-5.2,-6.7,-7.3,-7.0,-6.3,-4.8,-3.2,-2.4,-2.1,-1.9,-1.8,-2.6,-2.3,-3.5,-5.6,-7.4,-7.8,-6.5,-4.4,1211.7,1209.7,1208.8,1209.4,1211.2,1213.5,1214.1,1213.5,1217.2,1213.6,1210.4,1208.7,1209.5,1211.7,1214.7,1214.1,1213.2,1213.2,1214.2,1215.9,1213.1,1213.3,1212.9,1212.1,1211.3,1211.1,1211.5,1212.3,1109.3,1112.0,1113.6,1113.1,1110.8,1108.1,1106.5,1107.1,1110.0,1109.6,1109.3,1109.3,1110.0,1111.5,1113.0,1110.0,1107.3,1105.5,1105.8,1107.7,1109.2,1109.0,1109.8,1111.2,1112.3,1112.6,1111.8,1110.4,3.4,34.0,1354.7,0.208,0.088,-0.106,490.1,496.1,505.2,516.8,534.8,560.5,589.2,622.5,661.6,700.7,736.6,767.3,790.1,801.3,804.1,805.2,804.7,501.5,517.6,539.9,564.0,588.4,669.7,698.3,724.1,749.4,770.4,635.2,637.2,639.1,641.2,610.6,628.2,646.4,664.1,680.5,539.4,555.5,576.4,595.3,576.6,556.2,681.2,698.6,720.0,739.0,722.6,702.1,585.4,610.7,634.0,651.8,671.1,697.4,724.7,700.4,675.8,654.9,636.3,612.0,594.8,635.7,653.6,673.5,715.0,672.3,652.4,634.5,358.2,400.9,442.7,482.9,518.4,549.8,575.5,596.5,600.4,591.0,566.7,536.9,502.2,462.2,419.5,376.1,331.9,322.8,307.9,302.4,304.5,310.7,303.7,292.4,287.5,289.5,300.8,351.5,383.1,414.6,446.3,458.7,464.9,469.6,461.0,452.5,362.3,353.4,352.4,360.7,367.5,369.0,353.4,341.8,339.9,345.2,354.1,356.4,501.3,496.4,493.5,495.7,489.6,487.2,485.1,509.9,523.6,528.5,528.5,521.5,503.4,506.5,506.7,501.7,489.8,502.8,507.3,507.0,-70.2,-67.5,-63.4,-58.1,-49.5,-37.3,-23.6,-8.0,9.9,27.9,44.8,59.4,70.1,75.1,76.0,76.3,76.0,-63.3,-55.5,-45.2,-34.1,-23.0,13.2,26.0,37.6,49.0,58.7,-2.1,-1.3,-0.4,0.5,-13.2,-5.3,2.8,10.8,18.2,-45.7,-38.3,-28.8,-20.2,-28.7,-38.0,18.5,26.4,36.0,44.6,37.1,27.9,-25.0,-13.3,-2.7,5.3,14.0,25.9,38.6,27.2,16.0,6.7,-1.7,-12.7,-20.6,-2.0,6.1,15.1,34.1,14.5,5.6,-2.5,-0.8,19.2,38.9,57.9,74.6,88.9,100.1,108.7,110.0,106.1,95.9,82.6,66.4,47.6,27.6,7.4,-13.0,-17.0,-23.6,-26.0,-24.9,-22.0,-25.0,-30.1,-32.4,-31.6,-26.6,-3.8,10.3,24.3,38.3,44.4,47.0,49.0,45.2,41.5,1.1,-3.0,-3.4,0.3,3.4,4.1,-3.0,-8.2,-9.0,-6.7,-2.7,-1.6,64.7,61.7,60.1,61.0,58.2,57.4,56.9,67.6,73.3,75.4,75.6,73.0,65.5,66.0,66.0,63.7,58.9,64.0,66.0,66.0,1404.4,1407.6,1411.5,1414.2,1412.4,1405.6,1392.9,1378.5,1373.4,1378.6,1391.5,1400.9,1402.1,1397.0,1390.5,1385.5,1384.2,1370.1,1361.2,1353.2,1345.8,1338.4,1332.8,1337.6,1341.4,1345.0,1350.0,1341.6,1337.8,1333.4,1329.8,1348.6,1344.7,1341.9,1342.7,1344.5,1364.1,1358.9,1356.3,1356.0,1356.5,1359.0,1350.3,1349.1,1349.0,1351.7,1349.1,1349.1,1372.7,1357.4,1349.6,1347.6,1346.5,1353.2,1365.4,1352.2,1343.8,1343.6,1346.2,1356.2,1370.1,1352.4,1350.2,1349.4,1362.3,1345.1,1345.0,1347.9,2.204,0.237,0.092,-0.107,647.669,434.975,-17.28,-4.621,-9.429,-10.163,1.113,15.118,-17.623,8.838,-9.579,-2.271,-13.616,-0.462,1.683,-2.583,4.54,1.225,0.07,-4.981,-1.17,-4.8180000000000005,3.893,-1.004,-1.756,-1.283,-1.3090000000000002,3.327,-0.486,-0.838,1.036,0.479,0.816,-0.998,0.355,0.072,0.82,0.96,0.0,0.0,0.66,0.99,0.02,1.22,2.11,1.63,0.0,0.29,0.42,0.65,0.52,0.03,0.96,0.0,1.0,0.0,0.0,0.0,1.0,0.0,1.0,1.0,1.0,0.0,0.0,0.0,1.0,0.0,0.0,0.0,0.0,
2.0,0.033,0.98,0.025058,0.406032,-0.913515,-0.169183,0.411996,-0.8953409999999999,-0.08,0.425,551.3,555.0,565.7,577.2,582.7,579.8,568.3,556.8,538.5,545.4,554.5,564.8,575.6,585.2,592.4,586.6,577.5,566.8,556.0,546.2,562.5,567.4,572.1,573.7,571.3,566.3,561.7,560.1,692.9,696.8,707.2,718.0,722.9,719.1,708.7,697.2,685.1,691.4,700.3,711.9,723.2,731.9,738.1,732.0,723.6,713.7,702.4,692.2,703.8,708.2,712.5,714.0,712.0,707.6,703.4,701.8,366.9,356.4,351.2,354.3,364.0,374.8,379.7,376.6,366.3,364.4,363.3,361.4,359.7,359.4,360.6,366.9,371.8,374.8,374.3,371.3,369.3,370.7,368.4,363.9,359.7,358.4,360.6,365.2,354.4,344.5,340.0,343.5,353.0,362.9,367.4,364.3,354.3,351.7,350.4,349.8,349.8,349.5,350.5,355.9,360.0,362.3,361.7,359.0,357.0,358.4,356.6,352.6,348.7,347.3,349.1,353.1,-36.1,-34.5,-30.2,-25.5,-23.3,-24.6,-29.2,-33.9,-41.4,-38.5,-34.7,-30.5,-26.1,-22.3,-19.4,-21.7,-25.4,-29.8,-34.2,-38.2,-31.6,-29.6,-27.7,-27.0,-28.0,-30.0,-31.9,-32.5,21.8,23.3,27.6,32.0,34.1,32.5,28.3,23.5,18.5,21.1,24.7,29.5,34.2,37.8,40.5,37.9,34.4,30.3,25.6,21.5,26.3,28.1,29.8,30.4,29.6,27.8,26.1,25.4,2.8,-1.4,-3.6,-2.3,1.6,6.0,8.0,6.8,2.6,1.8,1.3,0.6,-0.1,-0.2,0.2,2.8,4.8,6.0,5.8,4.6,3.8,4.4,3.4,1.6,-0.1,-0.7,0.3,2.1,-2.3,-6.3,-8.2,-6.8,-2.9,1.2,3.1,1.8,-2.3,-3.4,-3.9,-4.2,-4.2,-4.3,-3.9,-1.7,0.0,0.9,0.7,-0.4,-1.2,-0.6,-1.4,-3.1,-4.6,-5.2,-4.5,-2.8,1220.8,1218.7,1217.9,1218.9,1221.0,1223.4,1223.8,1222.9,1224.1,1221.2,1218.9,1217.9,1218.5,1220.3,1222.9,1222.1,1220.8,1220.5,1221.4,1222.9,1222.5,1222.9,1222.6,1221.7,1220.8,1220.4,1220.7,1221.6,1233.0,1230.9,1230.0,1230.7,1232.8,1234.9,1235.8,1235.5,1234.4,1232.0,1230.3,1229.9,1231.4,1234.0,1237.4,1235.7,1233.9,1232.6,1232.4,1233.6,1234.6,1234.9,1234.5,1233.6,1232.8,1232.5,1232.9,1233.7,3.4,34.6,1363.3,0.2269999999999999,0.1,-0.115,490.6,497.0,505.9,518.0,536.6,563.0,590.9,623.1,662.3,701.8,738.4,769.0,791.3,801.6,803.2,804.6,805.1,501.3,517.3,539.1,563.0,587.2,669.4,698.6,723.9,748.8,770.6,634.8,636.6,638.3,640.3,609.4,627.3,645.9,663.9,680.4,538.7,555.3,575.0,593.6,575.1,556.1,682.5,701.1,721.6,740.4,723.1,703.4,584.9,610.6,633.8,651.8,671.1,697.3,724.6,699.9,675.3,654.3,635.6,611.4,594.1,635.2,653.5,673.3,715.0,671.9,652.0,633.8,358.0,401.5,443.5,483.9,519.5,550.5,575.9,596.5,599.7,589.3,564.2,534.0,498.9,458.1,415.2,371.7,327.6,322.2,307.6,302.2,304.0,309.7,303.0,292.6,288.2,289.5,299.2,353.8,384.3,415.0,445.9,458.2,464.6,469.6,460.5,451.9,367.5,361.5,359.8,363.8,371.4,373.3,356.9,349.7,348.7,350.8,359.0,360.7,500.4,496.1,493.9,496.1,490.1,487.3,484.2,510.0,524.2,529.4,529.6,522.2,502.7,506.6,506.9,502.0,489.0,503.2,507.8,507.6,-70.3,-67.5,-63.5,-57.9,-49.0,-36.3,-22.9,-7.8,10.3,28.6,46.0,60.6,71.1,75.5,75.9,76.2,76.4,-63.8,-56.0,-45.8,-34.8,-23.7,13.1,26.2,37.7,49.0,59.0,-2.4,-1.5,-0.8,0.1,-13.8,-5.7,2.7,10.7,18.2,-46.4,-38.6,-29.6,-21.1,-29.5,-38.2,19.2,27.6,36.9,45.5,37.6,28.7,-25.4,-13.4,-2.8,5.3,14.1,26.0,38.7,27.2,15.9,6.5,-2.0,-13.0,-21.1,-2.2,6.1,15.1,34.3,14.4,5.4,-2.8,-0.9,19.6,39.5,58.8,75.6,89.8,100.8,109.4,110.6,106.3,95.5,81.8,65.2,45.9,25.7,5.4,-15.0,-17.4,-23.9,-26.2,-25.3,-22.5,-25.5,-30.2,-32.3,-31.7,-27.5,-2.8,10.9,24.6,38.3,44.4,47.2,49.3,45.3,41.4,3.5,0.7,-0.1,1.7,5.2,6.0,-1.4,-4.6,-5.1,-4.1,-0.5,0.3,64.6,62.0,60.7,61.6,58.8,57.8,56.8,68.0,74.1,76.4,76.6,73.8,65.6,66.5,66.6,64.3,58.9,64.6,66.7,66.8,1411.3,1415.1,1420.2,1423.6,1421.3,1413.9,1400.5,1387.1,1384.0,1390.1,1402.6,1410.4,1409.3,1402.3,1394.6,1389.8,1388.7,1379.2,1370.2,1361.7,1353.8,1345.1,1338.7,1344.0,1347.8,1351.0,1355.5,1349.4,1346.1,1342.1,1339.0,1356.8,1353.4,1350.9,1351.5,1353.0,1372.9,1367.8,1365.3,1364.3,1365.1,1367.5,1357.5,1356.9,1356.6,1358.9,1356.6,1356.7,1380.7,1366.4,1358.9,1356.7,1355.7,1361.7,1373.2,1360.8,1353.1,1352.7,1355.2,1364.9,1378.2,1361.3,1359.3,1358.3,1370.3,1354.2,1354.0,1356.8,2.19,0.257,0.104,-0.1159999999999999,647.701,435.6230000000001,-20.628,-3.87,-10.944,-12.899,2.301,11.385,-22.229,6.134,-13.166,-5.535,-15.639,-4.022,1.811,-4.007,1.908,-0.976,-4.259,-6.934,-5.035,-6.2170000000000005,5.84,-0.38,-0.696,-2.378,-2.844,4.019,-0.922,-0.696,0.614,-0.1,0.77,-0.797,0.003,0.267,0.9,1.27,0.07,0.08,0.75,0.82,0.14,1.19,2.14,1.81,0.0,0.28,0.53,0.48,0.7,0.2,2.38,1.0,1.0,0.0,0.0,0.0,1.0,0.0,1.0,1.0,1.0,0.0,0.0,0.0,1.0,0.0,0.0,0.0,1.0,
3.0,0.067,0.98,0.0670549999999999,0.453885,-0.888534,-0.073797,0.49933,-0.8632639999999999,-0.004,0.498,554.2,557.2,566.7,577.2,582.5,580.3,570.0,559.4,541.5,547.5,555.5,565.2,575.5,584.5,591.6,585.9,576.5,566.1,556.5,548.1,564.4,569.2,573.5,574.9,572.5,567.7,563.3,562.0,696.9,700.5,711.2,722.7,728.2,724.5,713.9,701.7,686.7,693.4,702.6,713.9,724.8,733.5,740.8,734.6,726.3,716.5,704.8,694.1,708.0,713.0,717.6,719.2,716.8,711.8,707.2,705.6,370.4,360.4,355.4,358.5,367.8,378.3,382.8,379.7,370.0,368.6,367.4,365.7,364.3,363.4,363.0,369.3,373.4,375.9,376.1,374.2,373.4,374.8,372.5,368.0,363.7,362.3,364.6,369.2,360.0,349.0,343.5,346.7,356.8,367.8,373.3,370.6,355.3,354.6,354.4,354.4,354.1,353.2,353.2,358.6,362.5,364.9,364.3,361.2,362.7,364.2,361.8,357.0,352.6,351.2,353.6,358.4,-37.9,-36.5,-32.3,-27.7,-25.3,-26.3,-30.9,-35.6,-43.6,-40.8,-37.3,-32.9,-28.4,-24.5,-21.4,-23.9,-28.0,-32.6,-36.9,-40.6,-33.4,-31.3,-29.3,-28.7,-29.8,-31.9,-33.8,-34.4,23.6,25.1,29.5,34.2,36.6,35.1,30.7,25.6,19.4,22.1,25.9,30.6,35.1,38.8,41.9,39.3,35.8,31.7,26.8,22.4,28.2,30.3,32.2,32.9,31.9,29.8,27.9,27.2,4.6,0.2,-2.0,-0.7,3.4,8.1,10.1,8.7,4.4,3.8,3.3,2.5,1.9,1.5,1.3,4.1,5.9,7.0,7.1,6.3,5.9,6.5,5.5,3.5,1.6,1.0,2.0,4.0,-0.0,-4.6,-6.8,-5.5,-1.3,3.2,5.5,4.4,-1.9,-2.2,-2.3,-2.3,-2.4,-2.8,-2.8,-0.6,1.1,2.0,1.8,0.5,1.1,1.7,0.7,-1.3,-3.1,-3.7,-2.7,-0.7,1323.7,1322.2,1321.3,1321.6,1322.8,1324.6,1325.1,1324.9,1328.7,1325.3,1322.7,1321.1,1321.2,1322.5,1324.4,1323.3,1322.1,1322.4,1324.0,1326.2,1324.8,1324.9,1324.5,1323.9,1323.3,1323.2,1323.6,1324.3,1243.6,1242.0,1241.3,1242.1,1243.9,1245.5,1246.1,1245.7,1244.6,1242.6,1241.2,1240.8,1242.0,1244.1,1247.2,1245.4,1243.6,1242.2,1242.2,1243.5,1245.3,1245.6,1245.3,1244.6,1243.9,1243.5,1243.8,1244.5,3.6,35.0,1369.3,0.225,0.108,-0.1159999999999999,490.9,497.5,506.2,518.3,537.1,563.7,590.8,622.6,662.1,702.5,739.9,770.7,792.5,802.0,802.9,804.8,806.4,502.0,517.3,539.2,563.6,588.2,669.8,699.7,725.3,750.4,772.3,635.3,636.9,638.2,639.9,608.5,626.8,645.7,664.0,680.8,539.0,556.1,575.2,593.4,575.1,556.9,684.4,703.8,723.8,742.4,724.6,705.3,584.3,610.1,633.2,651.5,671.2,697.5,725.0,699.9,674.9,653.7,634.7,610.7,593.6,634.7,653.2,673.2,715.3,671.7,651.4,633.1,358.6,402.3,444.1,484.4,519.9,551.0,576.3,597.1,600.2,589.1,563.5,532.9,497.5,456.6,414.0,370.7,327.0,323.9,308.4,302.4,304.1,309.9,303.1,292.9,288.7,290.1,299.9,355.1,385.2,415.3,445.8,458.0,464.4,469.6,460.3,451.6,370.4,365.9,363.9,365.7,373.5,375.5,358.5,353.8,353.1,353.8,361.4,362.8,500.5,496.1,494.2,496.3,490.1,487.3,484.3,509.9,524.2,529.6,529.9,522.6,502.9,506.9,507.2,502.2,489.1,503.1,507.9,507.9,-70.4,-67.5,-63.6,-58.0,-49.0,-36.1,-23.1,-8.1,10.2,29.1,46.9,61.7,71.9,75.9,75.9,76.6,77.3,-63.8,-56.3,-46.0,-34.7,-23.3,13.4,26.8,38.5,49.9,60.0,-2.1,-1.4,-0.8,-0.1,-14.3,-6.0,2.6,10.9,18.5,-46.4,-38.4,-29.6,-21.3,-29.7,-38.1,20.2,29.0,38.1,46.6,38.4,29.7,-25.7,-13.7,-3.1,5.2,14.1,26.2,39.1,27.3,15.8,6.2,-2.4,-13.4,-21.4,-2.4,6.0,15.1,34.5,14.4,5.2,-3.2,-0.7,20.0,40.0,59.3,76.1,90.3,101.3,110.0,111.3,106.7,95.6,81.6,64.8,45.3,25.1,5.0,-15.3,-16.7,-23.7,-26.3,-25.3,-22.6,-25.5,-30.2,-32.2,-31.6,-27.3,-2.2,11.3,24.9,38.5,44.5,47.3,49.6,45.4,41.5,4.8,2.7,1.8,2.6,6.2,7.1,-0.7,-2.8,-3.2,-2.8,0.6,1.3,64.9,62.3,61.0,61.9,59.1,58.0,57.1,68.3,74.4,76.8,77.1,74.3,65.9,67.0,67.0,64.7,59.2,64.9,67.0,67.2,1417.1,1420.8,1426.2,1429.5,1427.0,1419.3,1405.6,1392.7,1390.3,1396.9,1408.9,1415.8,1413.8,1405.9,1398.0,1393.9,1393.5,1386.7,1377.5,1368.4,1360.4,1351.2,1344.5,1349.8,1353.6,1356.5,1360.8,1355.7,1352.4,1348.6,1345.6,1362.7,1359.6,1357.2,1357.9,1359.3,1379.6,1374.7,1372.3,1370.9,1371.9,1374.1,1363.5,1363.1,1362.8,1364.6,1362.6,1362.8,1386.3,1372.3,1364.8,1362.6,1361.6,1367.4,1378.8,1366.5,1358.9,1358.3,1360.7,1370.4,1383.9,1367.1,1365.2,1364.1,1375.8,1359.9,1359.6,1362.4,2.181,0.254,0.113,-0.1159999999999999,648.049,436.24,-21.695,-3.751,-11.853,-15.29,2.358,8.517000000000001,-26.227,3.888,-14.224,-6.794,-16.993,-5.654,1.5590000000000002,-3.806,0.527,-2.015,-6.549,-7.087999999999999,-5.908,-6.4110000000000005,6.938,-0.143,0.401,-3.323,-2.977,4.807,-0.961,-0.914,0.6459999999999999,0.081,0.845,-0.6970000000000001,-0.008,0.19,0.98,1.36,0.13,0.09,0.89,0.99,0.19,1.2,2.18,1.86,0.0,0.28,0.59,0.41,0.77,0.26,2.92,1.0,1.0,0.0,0.0,0.0,0.0,0.0,1.0,1.0,1.0,0.0,0.0,0.0,1.0,0.0,0.0,0.0,1.0,
4.0,0.1,0.98,0.0336259999999999,0.417508,-0.908051,-0.174392,0.428935,-0.886342,-0.078,0.441,551.1,554.2,564.5,576.0,582.0,579.8,568.6,557.1,539.1,544.7,552.9,563.2,574.4,584.5,592.4,586.2,576.4,565.3,555.0,545.9,562.9,567.5,571.7,572.9,570.6,565.9,561.7,560.5,693.5,697.6,708.5,719.9,725.1,721.0,710.1,698.0,685.8,692.1,701.3,713.6,725.5,734.4,740.6,734.4,725.8,715.6,703.7,693.2,704.7,709.7,714.4,716.1,713.9,709.0,704.3,702.5,367.1,356.9,351.9,355.2,364.8,375.3,380.0,376.7,366.7,364.8,363.8,362.0,360.4,360.2,361.3,366.9,371.3,374.0,373.6,370.9,369.3,370.6,368.7,364.6,360.7,359.4,361.3,365.5,355.2,345.3,340.8,344.2,353.6,363.5,368.0,364.9,354.4,351.9,350.7,350.4,350.4,349.8,350.8,355.8,359.9,362.4,361.8,358.9,357.7,359.2,357.2,353.0,348.9,347.4,349.4,353.6,-36.3,-35.0,-30.8,-26.1,-23.7,-24.6,-29.2,-34.0,-41.4,-39.0,-35.5,-31.3,-26.7,-22.6,-19.4,-22.0,-26.0,-30.5,-34.8,-38.5,-31.6,-29.7,-27.9,-27.4,-28.4,-30.3,-32.0,-32.5,21.2,22.7,27.0,31.5,33.6,32.1,27.8,23.0,18.1,20.6,24.2,29.0,33.7,37.3,39.9,37.4,33.9,29.9,25.2,21.0,25.6,27.6,29.4,30.1,29.2,27.2,25.4,24.7,2.9,-1.3,-3.3,-2.0,1.9,6.3,8.2,6.8,2.7,2.0,1.6,0.8,0.2,0.1,0.5,2.8,4.6,5.7,5.5,4.5,3.8,4.4,3.5,1.9,0.3,-0.3,0.5,2.2,-1.9,-5.8,-7.6,-6.2,-2.5,1.4,3.2,1.9,-2.2,-3.2,-3.6,-3.8,-3.8,-4.0,-3.7,-1.7,-0.0,0.9,0.7,-0.4,-0.9,-0.3,-1.1,-2.8,-4.4,-5.0,-4.2,-2.5,1226.1,1223.8,1222.4,1222.7,1224.6,1227.3,1228.3,1228.0,1230.5,1227.2,1224.2,1222.5,1222.5,1223.8,1226.0,1225.3,1224.5,1224.8,1226.5,1228.7,1227.2,1227.3,1226.8,1225.8,1225.0,1224.9,1225.5,1226.4,1185.6,1183.1,1182.0,1182.9,1185.2,1187.7,1188.8,1188.4,1186.9,1184.4,1182.7,1182.3,1183.8,1186.5,1189.8,1188.3,1186.6,1185.3,1185.1,1186.1,1187.2,1187.6,1187.1,1186.1,1185.0,1184.7,1185.2,1186.2,3.5,34.4,1355.7,0.223,0.102,-0.115,491.5,497.7,506.3,518.4,537.0,563.3,590.9,622.8,662.1,702.3,739.2,770.1,792.4,802.5,803.9,805.3,805.8,501.4,517.3,539.3,563.3,587.6,669.6,699.1,725.0,750.2,771.9,634.9,636.5,638.0,639.8,608.6,626.7,645.6,663.8,680.5,537.6,554.5,574.3,593.2,574.4,555.4,683.4,702.8,723.4,742.4,724.7,704.8,584.2,610.0,633.2,651.3,670.9,697.4,724.9,700.0,675.0,653.8,634.9,610.7,593.5,634.7,653.0,673.1,715.3,671.6,651.4,633.2,359.0,402.4,444.2,484.3,519.7,550.6,576.0,596.9,600.3,589.5,563.9,533.1,497.5,456.4,413.6,370.3,326.6,322.6,307.9,302.4,304.4,310.2,303.3,293.0,288.5,290.2,300.3,353.9,384.6,415.3,446.3,458.6,464.9,469.9,460.9,452.3,367.7,361.9,360.2,364.0,371.4,373.4,357.0,350.1,349.1,351.1,359.1,360.8,500.7,496.4,494.2,496.4,490.2,487.5,484.6,510.4,524.7,530.0,530.1,522.6,503.1,507.0,507.3,502.4,489.4,503.4,508.1,507.9,-69.5,-66.8,-63.0,-57.4,-48.6,-36.0,-22.8,-7.9,10.2,28.7,46.2,60.9,71.3,75.6,75.8,76.3,76.4,-63.4,-55.8,-45.5,-34.4,-23.4,13.1,26.4,38.0,49.3,59.3,-2.3,-1.5,-0.9,-0.1,-14.1,-6.0,2.5,10.6,18.2,-46.6,-38.8,-29.8,-21.2,-29.7,-38.4,19.5,28.3,37.5,46.2,38.1,29.2,-25.5,-13.6,-3.1,5.1,13.9,25.9,38.7,27.1,15.7,6.2,-2.3,-13.2,-21.3,-2.4,5.9,14.9,34.2,14.2,5.1,-3.1,-0.5,19.9,39.7,58.7,75.3,89.4,100.4,109.0,110.3,105.9,94.9,81.0,64.3,44.8,24.8,4.8,-15.4,-17.1,-23.7,-26.0,-25.0,-22.2,-25.2,-29.9,-32.0,-31.3,-26.8,-2.7,11.0,24.6,38.3,44.3,47.1,49.2,45.2,41.4,3.5,0.9,0.1,1.8,5.2,6.1,-1.3,-4.5,-4.9,-4.0,-0.4,0.4,64.4,61.8,60.4,61.3,58.5,57.6,56.7,67.8,73.9,76.2,76.4,73.5,65.4,66.3,66.4,64.1,58.8,64.4,66.4,66.5,1404.6,1408.1,1413.2,1416.6,1414.6,1407.3,1393.7,1380.3,1377.2,1383.6,1396.1,1403.8,1402.7,1395.5,1387.9,1383.5,1382.7,1373.0,1363.8,1355.0,1346.8,1337.9,1331.5,1336.8,1340.8,1344.0,1348.6,1342.0,1338.3,1333.8,1330.4,1348.7,1345.3,1342.7,1343.5,1345.1,1366.5,1361.3,1358.7,1357.4,1358.5,1360.9,1350.4,1349.9,1349.7,1351.9,1349.5,1349.7,1373.1,1358.4,1350.6,1348.5,1347.5,1353.8,1365.5,1353.0,1345.1,1344.6,1347.1,1356.9,1370.4,1353.2,1351.2,1350.3,1362.5,1346.1,1345.8,1348.7,2.202,0.253,0.105,-0.1159999999999999,647.851,435.823,-15.669,-4.129,-9.726,-11.336,1.5519999999999998,10.098,-24.151,5.038,-13.706,-6.084,-13.925999999999998,-4.353,2.642,-4.42,1.087,-2.004,-4.47,-6.702000000000001,-4.8180000000000005,-6.255,6.021,0.301,-0.3279999999999999,-2.525,-2.7880000000000003,3.729,-0.606,-0.619,0.53,-0.02,0.932,-0.792,0.062,0.315,1.04,1.31,0.13,0.02,0.92,1.05,0.13,1.2,2.19,1.81,0.0,0.34,0.51,0.49,0.73,0.2,2.69,1.0,1.0,0.0,0.0,0.0,0.0,0.0,1.0,1.0,1.0,0.0,0.0,0.0,1.0,0.0,0.0,0.0,0.0,
5.0,0.133,0.98,-0.007541,0.365404,-0.930819,-0.2374869999999999,0.401782,-0.8844049999999999,-0.134,0.4,550.2,553.7,564.1,575.5,581.1,578.5,567.2,555.9,538.0,545.2,554.2,564.1,574.6,584.4,592.0,586.2,576.7,566.2,555.4,545.6,561.5,566.4,570.9,572.3,569.9,565.1,560.6,559.1,691.3,695.1,705.6,716.7,721.9,718.1,707.6,695.7,683.2,690.3,700.1,712.6,724.5,733.1,738.7,733.9,725.9,715.8,703.3,691.4,702.4,706.8,711.0,712.5,710.4,706.0,701.9,700.4,364.8,353.4,347.8,351.3,361.9,374.0,378.9,375.4,365.5,362.2,359.8,358.0,357.6,358.9,361.5,368.2,372.1,374.5,374.2,371.3,368.4,369.9,367.5,362.6,358.1,356.6,359.0,363.9,352.8,341.6,336.2,339.9,350.5,361.8,367.2,364.2,353.0,350.6,348.5,346.5,346.4,347.0,349.2,353.2,355.5,356.9,357.3,356.7,356.1,357.6,355.5,351.0,346.8,345.4,347.5,351.9,-36.5,-35.1,-30.8,-26.2,-24.0,-25.0,-29.6,-34.2,-41.6,-38.6,-34.8,-30.8,-26.5,-22.6,-19.6,-21.9,-25.7,-30.0,-34.4,-38.5,-31.9,-30.0,-28.1,-27.5,-28.5,-30.5,-32.3,-32.9,20.0,21.5,25.6,29.9,32.0,30.5,26.4,21.8,16.9,19.6,23.4,28.3,33.0,36.5,38.8,36.8,33.6,29.6,24.7,20.1,24.4,26.1,27.8,28.3,27.5,25.8,24.2,23.6,2.0,-2.7,-4.9,-3.5,0.8,5.7,7.7,6.3,2.2,0.9,-0.1,-0.8,-1.0,-0.4,0.6,3.3,4.9,5.9,5.8,4.6,3.4,4.0,3.1,1.1,-0.8,-1.4,-0.4,1.6,-2.8,-7.2,-9.3,-7.8,-3.7,0.7,2.8,1.6,-2.7,-3.7,-4.5,-5.3,-5.3,-5.1,-4.3,-2.7,-1.7,-1.2,-1.1,-1.3,-1.5,-0.9,-1.8,-3.5,-5.1,-5.7,-4.9,-3.2,1219.7,1219.3,1219.0,1219.0,1219.3,1220.0,1220.0,1220.0,1223.4,1220.7,1218.4,1217.5,1218.0,1219.6,1221.7,1220.3,1218.8,1218.3,1219.3,1221.3,1220.6,1220.6,1220.5,1220.3,1220.2,1220.2,1220.3,1220.5,1171.3,1170.8,1170.9,1171.4,1172.1,1172.6,1172.5,1172.3,1172.4,1171.0,1170.0,1170.3,1172.6,1175.6,1179.4,1176.1,1173.2,1171.0,1170.2,1171.2,1172.7,1172.9,1172.9,1172.7,1172.4,1172.2,1172.2,1172.4,3.4,34.2,1352.7,0.223,0.102,-0.1169999999999999,491.6,498.0,506.8,518.8,537.3,563.3,591.0,622.9,662.1,702.3,739.2,770.4,792.9,803.2,804.7,805.7,805.6,501.0,517.2,539.2,563.1,587.3,669.4,699.0,725.1,750.4,771.9,634.8,636.5,637.9,639.8,609.0,626.9,645.5,663.6,680.2,537.7,554.3,574.6,593.6,574.7,555.0,682.5,701.2,722.2,741.4,724.0,703.8,584.7,610.2,633.3,651.4,670.9,697.4,724.8,700.0,675.0,653.8,635.0,610.9,593.9,634.9,653.1,673.2,715.1,671.7,651.5,633.4,358.7,401.9,444.0,484.5,520.0,551.0,576.4,597.3,600.6,589.9,563.9,532.6,496.9,456.0,413.4,370.3,326.5,322.7,308.4,303.0,304.8,310.4,303.1,292.7,288.2,290.3,300.9,353.1,384.2,415.3,446.6,459.0,465.3,470.1,461.4,452.9,366.2,359.0,357.5,363.2,370.5,372.3,355.5,346.6,345.4,348.6,357.1,359.1,501.5,496.8,494.3,496.5,490.2,487.5,484.7,510.6,525.0,530.2,530.3,522.8,503.7,507.2,507.4,502.3,489.5,503.9,508.6,508.3,-69.3,-66.6,-62.6,-57.1,-48.3,-35.9,-22.7,-7.8,10.1,28.6,46.0,60.8,71.3,75.7,76.1,76.3,76.2,-63.4,-55.7,-45.4,-34.4,-23.5,13.0,26.3,38.0,49.4,59.2,-2.3,-1.6,-0.9,-0.1,-13.9,-5.9,2.5,10.5,18.0,-46.5,-38.8,-29.5,-21.0,-29.5,-38.5,19.1,27.5,36.9,45.6,37.7,28.6,-25.3,-13.5,-3.0,5.1,13.9,25.8,38.5,27.0,15.6,6.2,-2.2,-13.1,-21.0,-2.3,5.9,14.9,34.1,14.2,5.2,-3.0,-0.6,19.6,39.5,58.6,75.3,89.4,100.4,109.0,110.2,105.7,94.6,80.5,63.8,44.6,24.7,4.7,-15.4,-17.0,-23.4,-25.7,-24.7,-22.1,-25.2,-30.0,-32.1,-31.2,-26.5,-3.1,10.8,24.5,38.3,44.4,47.1,49.2,45.3,41.5,2.8,-0.5,-1.1,1.4,4.7,5.6,-2.0,-6.0,-6.6,-5.1,-1.3,-0.4,64.6,61.8,60.3,61.2,58.3,57.4,56.6,67.8,73.8,76.1,76.3,73.5,65.5,66.3,66.2,63.9,58.7,64.4,66.5,66.5,1402.0,1405.7,1410.4,1413.5,1411.7,1404.8,1391.6,1377.8,1373.7,1379.3,1391.6,1399.4,1398.9,1392.4,1385.3,1380.9,1380.0,1369.4,1360.2,1351.7,1343.8,1335.4,1329.2,1334.5,1338.4,1341.7,1346.4,1339.1,1335.3,1330.8,1327.2,1345.8,1342.2,1339.6,1340.3,1341.9,1363.0,1357.6,1354.9,1354.1,1354.9,1357.5,1347.5,1346.7,1346.5,1348.9,1346.4,1346.5,1370.5,1355.6,1347.7,1345.5,1344.4,1351.0,1362.7,1350.1,1342.0,1341.7,1344.4,1354.3,1367.9,1350.3,1348.2,1347.3,1359.8,1343.0,1342.9,1345.9,2.207,0.253,0.106,-0.1169999999999999,647.836,435.567,-16.180999999999997,-3.197,-9.305,-10.553,1.516,11.043,-22.811,4.557,-11.921,-4.405,-13.23,-1.974,2.727,-3.739,2.468,-0.815,-2.794,-6.499,-3.304,-5.916,5.172999999999999,0.38,-1.122,-1.653,-2.187,3.808,-0.084,-1.047,0.797,0.064,0.88,-0.6609999999999999,0.11,0.18,1.06,1.19,0.21,0.02,0.95,1.31,0.11,1.09,2.14,1.66,0.0,0.39,0.4,0.51,0.65,0.19,2.01,1.0,1.0,0.0,0.0,0.0,0.0,0.0,1.0,1.0,1.0,0.0,0.0,0.0,1.0,0.0,0.0,0.0,0.0,
6.0,0.1669999999999999,0.98,0.074402,0.26185,-0.962237,-0.2350969999999999,0.398943,-0.8863260000000001,-0.087,0.3429999999999999,553.9,556.9,566.9,578.1,583.9,581.8,570.9,559.7,540.7,545.4,553.4,563.9,575.4,585.4,593.1,586.5,577.2,567.0,556.7,547.7,565.1,569.9,574.2,575.5,573.0,568.2,563.9,562.6,690.3,693.7,704.3,715.8,721.5,718.1,707.5,695.2,682.3,689.9,699.7,711.5,722.9,731.7,738.5,733.2,725.0,714.7,702.4,690.6,701.7,706.4,710.7,712.1,709.8,705.1,700.8,699.4,359.7,349.7,344.8,347.9,357.2,367.5,372.1,369.0,360.9,358.5,357.4,355.9,355.5,357.1,360.8,365.6,369.5,371.6,370.4,366.6,362.0,363.4,361.3,357.0,353.0,351.7,353.8,358.1,352.1,340.4,334.6,338.3,349.2,360.9,366.6,363.9,352.7,349.5,346.6,344.5,344.6,345.8,348.5,352.5,354.9,356.2,356.6,356.4,355.9,357.4,355.1,350.3,345.9,344.5,346.8,351.5,-34.1,-32.9,-28.9,-24.5,-22.2,-23.1,-27.5,-31.9,-39.6,-37.6,-34.3,-30.1,-25.5,-21.6,-18.6,-21.2,-24.9,-29.0,-33.1,-36.7,-29.7,-27.8,-26.1,-25.6,-26.6,-28.5,-30.2,-30.7,19.5,20.8,25.0,29.4,31.7,30.3,26.2,21.4,16.4,19.4,23.2,27.7,32.2,35.7,38.4,36.3,33.0,29.0,24.2,19.6,24.0,25.8,27.5,28.0,27.1,25.3,23.6,23.1,-0.1,-4.1,-6.0,-4.8,-1.1,3.0,4.8,3.6,0.4,-0.6,-1.0,-1.6,-1.8,-1.1,0.3,2.2,3.8,4.6,4.1,2.6,0.8,1.3,0.5,-1.2,-2.8,-3.3,-2.5,-0.8,-3.1,-7.6,-9.8,-8.4,-4.2,0.3,2.6,1.5,-2.8,-4.1,-5.2,-6.0,-6.0,-5.5,-4.5,-2.9,-2.0,-1.5,-1.3,-1.4,-1.6,-1.0,-1.9,-3.8,-5.5,-6.0,-5.1,-3.3,1190.0,1187.8,1186.5,1186.9,1188.7,1191.3,1192.3,1191.9,1195.5,1191.9,1188.5,1186.4,1186.5,1188.2,1190.8,1190.5,1190.1,1190.5,1191.9,1193.9,1191.2,1191.4,1190.8,1189.8,1189.0,1188.9,1189.4,1190.4,1164.1,1164.7,1165.1,1165.2,1164.9,1164.4,1163.9,1164.1,1165.0,1163.9,1163.1,1163.5,1165.4,1168.0,1171.2,1167.7,1164.6,1162.6,1162.1,1163.3,1165.1,1165.1,1165.3,1165.5,1165.6,1165.6,1165.5,1165.2,3.5,34.0,1346.7,0.225,0.106,-0.1159999999999999,492.1,498.2,507.1,519.1,537.4,563.2,591.3,623.3,662.4,702.5,739.3,770.3,792.7,803.1,805.1,806.2,806.0,501.5,517.3,539.3,563.3,587.6,669.3,699.0,725.5,751.1,772.1,634.9,636.4,637.8,639.6,609.3,627.0,645.4,663.3,679.8,538.7,555.1,575.5,594.6,575.8,555.8,681.7,700.2,721.3,740.5,723.4,703.0,584.9,610.1,633.2,651.2,670.7,697.1,724.5,699.8,674.9,653.8,635.0,610.9,594.0,634.9,653.0,673.1,714.9,671.6,651.4,633.4,358.6,402.1,444.3,484.8,520.1,551.0,576.3,597.1,600.7,590.0,564.0,532.8,497.0,456.2,413.4,370.4,326.7,322.0,307.7,302.3,304.6,310.9,303.9,293.1,288.3,290.7,301.7,352.5,383.9,415.3,446.9,459.1,465.3,470.1,461.5,453.1,363.4,356.0,354.9,361.6,368.5,370.1,354.8,345.0,343.6,347.5,356.1,358.1,501.2,496.9,494.4,496.8,490.6,488.0,485.1,511.0,525.3,530.3,530.3,522.6,503.6,507.1,507.5,502.6,490.0,504.2,508.7,508.4,-68.9,-66.2,-62.2,-56.8,-48.1,-35.8,-22.5,-7.6,10.2,28.6,45.8,60.5,70.9,75.4,76.0,76.2,76.1,-63.0,-55.4,-45.2,-34.2,-23.2,12.9,26.1,38.0,49.5,59.1,-2.3,-1.6,-1.0,-0.2,-13.7,-5.8,2.4,10.3,17.7,-45.8,-38.3,-29.0,-20.4,-28.9,-37.9,18.6,26.9,36.3,45.0,37.2,28.1,-25.1,-13.5,-3.0,5.0,13.7,25.6,38.2,26.8,15.5,6.1,-2.2,-13.1,-20.9,-2.3,5.8,14.8,33.8,14.1,5.1,-3.0,-0.6,19.6,39.5,58.6,75.1,89.1,99.9,108.4,109.7,105.3,94.2,80.3,63.6,44.5,24.6,4.8,-15.2,-17.3,-23.6,-25.9,-24.7,-21.8,-24.7,-29.6,-31.8,-30.9,-26.0,-3.3,10.6,24.4,38.2,44.3,46.9,48.9,45.1,41.5,1.6,-1.8,-2.3,0.7,3.8,4.5,-2.3,-6.7,-7.3,-5.6,-1.7,-0.8,64.3,61.6,60.1,61.1,58.3,57.4,56.6,67.6,73.6,75.9,76.0,73.1,65.2,65.9,66.0,63.7,58.7,64.3,66.3,66.3,1397.6,1401.2,1405.5,1408.4,1406.4,1399.5,1386.1,1371.9,1367.4,1372.9,1385.4,1393.4,1393.3,1387.2,1380.2,1375.6,1374.6,1363.9,1354.4,1345.7,1337.5,1329.0,1322.6,1327.7,1331.8,1335.6,1340.8,1332.7,1328.7,1324.1,1320.3,1339.7,1335.9,1333.2,1334.0,1335.7,1357.0,1351.5,1348.7,1348.1,1348.9,1351.5,1341.4,1340.2,1339.9,1342.5,1340.0,1340.2,1365.0,1349.8,1341.6,1339.4,1338.3,1344.9,1356.8,1344.1,1336.1,1335.9,1338.7,1348.7,1362.4,1344.5,1342.3,1341.4,1353.9,1337.0,1337.0,1340.0,2.217,0.255,0.11,-0.1159999999999999,647.896,435.333,-13.970999999999998,-2.323,-8.079,-9.157,2.27,12.826,-20.702,4.327,-11.32,-3.263,-12.205,-2.755,2.7710000000000004,-4.079,3.477,-0.29,-1.015,-6.321000000000001,-2.722,-5.945,4.986000000000001,-0.526,-1.832,-1.548,-1.849,3.293,-0.214,-0.493,0.965,0.472,1.011,-1.3,0.3279999999999999,0.2739999999999999,0.96,1.13,0.21,0.0,0.86,1.12,0.05,0.96,2.06,1.61,0.0,0.47,0.27,0.56,0.56,0.16,1.49,1.0,1.0,0.0,0.0,0.0,0.0,0.0,1.0,1.0,1.0,0.0,0.0,0.0,1.0,0.0,0.0,0.0,0.0,
7.0,0.2,0.98,0.067799,0.246553,-0.966755,-0.205656,0.34753,-0.914838,-0.073,0.306,554.7,557.8,567.7,578.5,584.0,581.7,571.0,560.2,540.9,545.4,553.9,565.5,577.7,587.0,593.6,586.9,577.4,566.8,556.5,547.5,565.5,570.1,574.3,575.6,573.3,568.7,564.5,563.2,689.5,692.5,703.7,716.6,723.5,720.6,709.3,695.8,682.4,689.6,699.6,711.2,722.2,731.2,738.9,733.1,724.7,714.3,702.1,690.7,701.9,707.9,713.2,714.6,711.3,705.3,700.0,698.6,358.5,348.8,344.0,347.0,356.0,366.1,370.6,367.6,360.1,357.0,355.5,354.0,354.0,356.2,360.5,365.1,368.6,370.3,369.3,365.7,360.8,362.1,360.0,355.9,352.0,350.7,352.8,356.9,351.3,339.4,332.8,335.5,345.8,357.7,364.2,362.8,352.5,347.6,344.2,342.7,343.1,344.9,348.4,352.3,354.4,355.6,356.0,356.0,355.7,356.9,353.9,348.3,343.4,342.2,345.2,350.8,-33.6,-32.4,-28.4,-24.2,-22.1,-23.0,-27.3,-31.5,-39.3,-37.4,-33.9,-29.3,-24.5,-20.9,-18.3,-21.0,-24.7,-28.9,-33.0,-36.6,-29.4,-27.6,-25.9,-25.4,-26.3,-28.1,-29.8,-30.3,18.6,19.7,24.0,28.8,31.3,30.2,26.0,20.9,15.9,18.6,22.3,26.7,30.8,34.3,37.2,35.0,31.7,27.8,23.2,19.0,23.2,25.5,27.5,28.0,26.8,24.5,22.5,22.0,-0.6,-4.4,-6.3,-5.1,-1.6,2.4,4.2,3.0,0.0,-1.2,-1.8,-2.4,-2.4,-1.5,0.2,2.0,3.4,4.1,3.7,2.2,0.3,0.8,0.0,-1.6,-3.1,-3.7,-2.8,-1.2,-3.3,-7.8,-10.2,-9.2,-5.3,-0.9,1.6,1.0,-2.8,-4.6,-5.9,-6.5,-6.3,-5.7,-4.4,-2.9,-2.1,-1.6,-1.5,-1.5,-1.6,-1.1,-2.3,-4.4,-6.2,-6.7,-5.6,-3.4,1183.3,1181.3,1180.2,1180.7,1182.5,1184.9,1185.7,1185.1,1189.3,1185.4,1182.0,1180.0,1180.5,1182.6,1185.4,1185.0,1184.3,1184.6,1185.9,1187.7,1184.6,1184.8,1184.3,1183.5,1182.7,1182.5,1182.9,1183.8,1125.0,1127.0,1128.0,1127.5,1125.7,1123.7,1122.7,1123.4,1125.8,1125.0,1124.6,1124.7,1125.6,1127.4,1129.3,1126.5,1123.7,1121.9,1122.0,1123.7,1125.2,1124.9,1125.4,1126.3,1127.2,1127.4,1126.9,1126.0,3.4,33.9,1346.3,0.2269999999999999,0.109,-0.115,492.2,498.3,507.3,519.1,537.2,562.8,591.0,623.2,662.3,702.3,739.1,770.2,792.6,803.2,805.4,806.6,806.3,501.5,517.2,539.2,563.2,587.5,669.4,699.0,725.4,751.1,772.2,634.9,636.4,637.8,639.4,609.5,627.0,645.3,663.1,679.6,539.2,555.4,576.2,595.3,576.4,556.1,681.4,699.6,721.1,740.4,723.4,702.7,584.8,609.9,633.1,651.0,670.6,697.1,724.7,699.8,674.8,653.7,634.9,610.7,594.0,634.8,652.9,673.1,714.9,671.5,651.3,633.2,358.3,401.7,444.0,484.5,519.9,551.0,576.5,597.3,600.9,590.3,564.2,532.8,497.0,456.3,413.6,370.7,326.9,321.9,307.6,302.3,304.7,311.0,304.1,293.2,288.3,290.6,301.8,352.3,383.8,415.3,447.0,459.4,465.6,470.4,461.8,453.5,362.4,354.2,353.3,361.2,367.9,369.4,354.4,343.5,341.9,346.6,355.5,357.7,501.3,496.9,494.4,496.8,490.7,488.1,485.4,511.2,525.6,530.5,530.4,522.7,503.6,507.3,507.6,502.7,490.3,504.4,508.9,508.4,-68.8,-66.1,-62.1,-56.7,-48.2,-36.0,-22.6,-7.7,10.2,28.5,45.7,60.4,70.8,75.4,76.0,76.3,76.1,-63.0,-55.4,-45.2,-34.2,-23.3,12.9,26.1,37.9,49.5,59.1,-2.2,-1.6,-1.0,-0.2,-13.6,-5.8,2.3,10.3,17.6,-45.6,-38.1,-28.6,-20.1,-28.6,-37.8,18.5,26.6,36.2,44.9,37.2,28.0,-25.1,-13.6,-3.1,4.9,13.6,25.6,38.3,26.8,15.5,6.1,-2.3,-13.2,-20.9,-2.3,5.8,14.8,33.8,14.0,5.0,-3.0,-0.8,19.5,39.3,58.4,74.9,89.1,100.0,108.5,109.8,105.3,94.2,80.2,63.6,44.5,24.6,4.9,-15.2,-17.3,-23.6,-25.8,-24.7,-21.7,-24.6,-29.6,-31.8,-30.9,-26.0,-3.4,10.5,24.4,38.3,44.4,47.0,49.0,45.3,41.6,1.1,-2.6,-3.0,0.5,3.6,4.2,-2.5,-7.4,-8.1,-6.0,-2.0,-1.0,64.3,61.6,60.1,61.1,58.3,57.4,56.7,67.7,73.7,75.9,76.0,73.1,65.2,66.0,66.0,63.8,58.8,64.3,66.3,66.3,1397.2,1400.7,1404.7,1407.5,1405.7,1399.1,1386.1,1371.9,1366.9,1372.0,1384.2,1392.0,1392.1,1386.2,1379.4,1374.7,1373.6,1363.2,1353.6,1345.0,1336.9,1328.7,1322.4,1327.2,1331.2,1334.8,1339.9,1332.2,1328.3,1323.7,1320.1,1339.5,1335.7,1332.9,1333.7,1335.4,1356.2,1350.6,1347.8,1347.3,1348.0,1350.7,1340.7,1339.3,1339.0,1341.7,1339.1,1339.4,1365.0,1349.6,1341.3,1339.1,1337.8,1344.4,1356.3,1343.6,1335.6,1335.6,1338.5,1348.6,1362.4,1344.3,1341.9,1341.0,1353.4,1336.6,1336.6,1339.7,2.218,0.257,0.113,-0.1159999999999999,647.882,435.229,-15.483,-2.52,-8.057,-9.24,2.239,13.22,-20.275,3.931,-10.758,-2.632,-12.133,-1.755,2.596,-3.505,3.982,0.024,0.023,-5.712999999999999,-1.7480000000000002,-5.658,4.627,-1.036,-2.478,-1.304,-1.496,3.324,-0.44,-0.539,1.162,0.436,1.103,-1.143,0.3779999999999999,0.183,0.81,1.0,0.18,0.01,0.82,0.94,0.02,0.93,2.01,1.59,0.0,0.46,0.19,0.52,0.5,0.08,1.15,1.0,1.0,0.0,0.0,0.0,0.0,0.0,1.0,1.0,1.0,0.0,0.0,0.0,1.0,0.0,0.0,0.0,0.0,
8.0,0.2339999999999999,0.98,0.053399,0.251848,-0.966293,-0.156647,0.263664,-0.95181,-0.054,0.263,555.1,558.4,568.1,578.6,583.8,581.3,570.8,560.2,541.8,546.1,554.6,566.3,578.4,587.5,593.6,587.3,577.6,566.8,556.7,547.9,565.7,570.1,574.2,575.5,573.4,569.0,564.9,563.5,691.2,693.8,704.9,717.8,725.1,722.5,711.4,697.8,683.0,689.7,699.3,711.0,722.5,731.8,739.7,733.3,724.6,714.0,702.0,691.0,703.3,709.9,715.6,717.0,713.3,706.7,701.0,699.6,357.9,348.1,343.4,346.7,355.9,366.1,370.4,367.2,360.2,356.1,354.0,352.3,352.8,355.6,360.5,364.9,368.0,369.6,368.7,365.4,360.5,361.9,359.9,355.8,351.9,350.6,352.5,356.6,349.5,338.0,331.2,333.1,342.7,354.2,361.0,360.3,352.7,347.2,343.3,341.6,342.3,344.3,348.2,352.5,354.7,355.8,356.1,356.1,353.9,355.0,351.5,345.7,340.7,339.7,343.1,349.0,-34.1,-32.7,-28.8,-24.6,-22.5,-23.6,-27.8,-32.0,-39.6,-37.7,-34.2,-29.5,-24.7,-21.1,-18.6,-21.2,-25.0,-29.4,-33.5,-37.1,-29.9,-28.1,-26.4,-25.9,-26.7,-28.5,-30.1,-30.7,18.9,19.9,24.0,28.8,31.5,30.4,26.3,21.3,15.9,18.4,21.9,26.2,30.5,34.0,36.9,34.5,31.2,27.2,22.8,18.8,23.4,25.8,27.9,28.5,27.1,24.7,22.6,22.0,-0.8,-4.8,-6.6,-5.3,-1.6,2.5,4.2,2.9,0.1,-1.6,-2.4,-3.1,-2.9,-1.8,0.2,2.0,3.2,3.9,3.5,2.2,0.2,0.8,-0.0,-1.7,-3.2,-3.8,-3.0,-1.3,-3.9,-8.1,-10.7,-9.9,-6.4,-2.1,0.4,0.1,-2.7,-4.7,-6.2,-6.8,-6.5,-5.8,-4.4,-2.8,-2.0,-1.6,-1.4,-1.4,-2.3,-1.9,-3.1,-5.3,-7.1,-7.5,-6.3,-4.1,1203.6,1201.9,1200.9,1201.3,1202.8,1204.9,1205.5,1205.1,1209.7,1206.0,1202.7,1200.8,1201.4,1203.4,1206.0,1205.4,1204.6,1204.8,1206.1,1208.1,1204.7,1204.9,1204.5,1203.8,1203.2,1203.0,1203.4,1204.1,1108.3,1110.7,1111.8,1111.1,1109.0,1106.7,1105.5,1106.3,1109.4,1108.6,1108.0,1107.7,1108.3,1109.7,1111.2,1108.5,1106.0,1104.4,1104.9,1107.0,1108.2,1107.8,1108.4,1109.6,1110.7,1111.1,1110.5,1109.3,3.4,34.0,1348.8,0.231,0.113,-0.114,492.2,498.5,507.5,519.1,537.1,562.6,590.7,623.0,661.9,701.6,738.6,769.9,792.4,803.0,805.5,806.8,806.7,501.6,517.3,539.3,563.4,587.8,669.5,699.1,725.5,751.4,772.6,635.0,636.4,637.7,639.2,609.5,627.0,645.1,662.9,679.4,539.5,555.7,576.8,595.7,576.9,556.3,681.7,699.5,721.2,740.5,723.8,702.9,584.7,609.8,633.0,650.8,670.2,696.8,724.7,699.5,674.2,653.3,634.6,610.5,593.9,634.7,652.6,672.6,714.8,671.0,650.9,633.0,358.2,401.5,443.7,484.2,519.7,550.8,576.4,597.3,600.9,590.4,564.4,533.0,497.1,456.3,413.6,370.7,326.8,321.9,307.4,302.2,304.5,310.9,304.3,293.2,288.4,290.8,302.2,352.1,383.6,415.1,446.8,459.4,465.6,470.3,461.9,453.7,361.8,353.0,352.2,360.9,367.7,369.0,354.3,342.7,341.1,346.4,355.5,357.7,501.1,496.8,494.4,496.9,490.8,488.2,485.6,511.5,525.7,530.4,530.3,522.5,503.4,507.2,507.7,502.9,490.5,504.7,509.1,508.5,-68.9,-66.2,-62.1,-56.8,-48.3,-36.1,-22.8,-7.8,10.0,28.2,45.5,60.3,70.8,75.4,76.2,76.5,76.4,-63.0,-55.5,-45.2,-34.2,-23.2,13.0,26.2,38.0,49.6,59.3,-2.2,-1.6,-1.0,-0.3,-13.6,-5.8,2.3,10.2,17.6,-45.5,-38.0,-28.4,-19.9,-28.4,-37.8,18.6,26.6,36.3,45.0,37.5,28.1,-25.2,-13.6,-3.1,4.8,13.5,25.5,38.3,26.7,15.3,5.9,-2.4,-13.3,-21.0,-2.4,5.7,14.6,33.8,13.8,4.9,-3.1,-0.8,19.4,39.3,58.4,74.9,89.1,100.2,108.7,110.0,105.5,94.4,80.4,63.7,44.6,24.7,4.9,-15.2,-17.4,-23.8,-26.0,-24.8,-21.8,-24.6,-29.6,-31.8,-30.8,-25.9,-3.5,10.5,24.4,38.3,44.5,47.1,49.1,45.4,41.8,0.8,-3.1,-3.5,0.4,3.5,4.1,-2.6,-7.7,-8.5,-6.1,-2.0,-1.0,64.3,61.7,60.2,61.2,58.4,57.6,56.9,68.0,73.9,76.0,76.1,73.2,65.2,66.1,66.2,64.0,59.0,64.6,66.6,66.5,1399.6,1403.0,1406.7,1409.3,1407.4,1401.1,1388.7,1374.6,1369.4,1374.0,1385.7,1393.3,1393.2,1387.4,1380.7,1375.9,1374.7,1365.5,1355.8,1347.2,1339.2,1331.2,1324.8,1329.4,1333.0,1336.4,1341.3,1334.4,1330.7,1326.3,1322.9,1342.1,1338.3,1335.6,1336.3,1337.8,1358.4,1352.8,1349.9,1349.5,1350.3,1353.0,1342.7,1341.1,1340.7,1343.4,1341.0,1341.2,1368.0,1352.5,1344.1,1341.9,1340.5,1347.0,1358.7,1346.2,1338.2,1338.3,1341.3,1351.4,1365.4,1347.0,1344.6,1343.5,1355.8,1339.2,1339.4,1342.5,2.214,0.26,0.118,-0.115,647.84,435.147,-18.4,-2.8760000000000003,-8.342,-10.015,3.05,13.422,-20.449,3.004,-10.09,-2.374,-12.412,-1.215,2.077,-3.2960000000000003,3.946,0.017,0.723,-5.36,-1.025,-5.144,4.232,-1.359,-2.801,-1.26,-1.231,3.3680000000000003,-0.655,-0.536,1.252,0.4029999999999999,1.155,-1.038,0.413,0.128,0.78,0.98,0.15,0.01,0.83,0.82,0.0,0.9,2.0,1.64,0.0,0.47,0.22,0.51,0.46,0.09,0.94,1.0,1.0,0.0,0.0,0.0,0.0,0.0,1.0,1.0,1.0,0.0,0.0,0.0,1.0,0.0,0.0,0.0,0.0,
9.0,0.267,0.98,0.045513,0.253851,-0.966172,-0.106526,0.234893,-0.966166,-0.032,0.248,554.9,558.2,568.0,578.6,583.8,581.3,570.7,560.1,542.1,546.3,554.6,566.1,578.2,587.4,593.8,587.5,577.8,567.0,556.8,548.0,565.6,570.0,574.1,575.5,573.3,568.9,564.8,563.4,693.2,695.8,706.3,718.5,725.3,722.7,712.2,699.4,683.7,690.1,699.4,710.7,722.0,731.2,738.6,732.6,723.8,713.5,701.9,691.2,705.1,710.6,715.3,716.5,713.5,708.0,703.2,702.1,357.6,347.8,343.2,346.6,355.9,366.2,370.4,367.0,359.7,355.6,353.5,351.9,352.4,355.4,360.4,364.8,368.0,369.6,368.6,365.1,360.3,361.7,359.8,355.7,351.8,350.4,352.3,356.4,348.0,336.6,330.2,332.6,342.4,353.8,360.1,358.9,352.4,346.8,342.7,340.8,341.7,343.9,348.1,352.6,355.1,356.3,356.4,356.1,351.7,352.8,350.0,344.9,340.5,339.4,342.2,347.3,-34.0,-32.7,-28.7,-24.5,-22.4,-23.5,-27.8,-32.0,-39.4,-37.5,-34.1,-29.5,-24.7,-21.0,-18.5,-21.0,-24.9,-29.2,-33.3,-36.9,-29.8,-28.0,-26.4,-25.8,-26.6,-28.4,-30.0,-30.6,20.5,21.6,25.7,30.4,33.0,31.9,27.8,22.9,16.9,19.3,22.9,27.3,31.6,35.3,38.2,35.8,32.3,28.3,23.8,19.7,25.1,27.2,29.1,29.6,28.4,26.3,24.4,24.0,-0.9,-4.9,-6.7,-5.4,-1.6,2.5,4.2,2.8,-0.1,-1.8,-2.6,-3.2,-3.0,-1.8,0.2,1.9,3.2,3.9,3.4,2.1,0.1,0.7,-0.1,-1.7,-3.3,-3.8,-3.1,-1.4,-4.6,-9.1,-11.5,-10.6,-6.8,-2.4,0.0,-0.4,-2.9,-5.1,-6.7,-7.4,-7.1,-6.2,-4.6,-2.9,-1.9,-1.4,-1.4,-1.5,-3.2,-2.8,-3.9,-5.9,-7.6,-8.0,-6.9,-4.9,1199.3,1197.6,1196.5,1196.8,1198.3,1200.4,1201.0,1200.7,1205.4,1201.8,1198.4,1196.5,1197.0,1198.8,1201.4,1200.9,1200.2,1200.5,1201.8,1203.9,1200.3,1200.5,1200.1,1199.3,1198.7,1198.6,1199.0,1199.7,1157.8,1159.6,1160.7,1160.3,1158.7,1156.8,1155.8,1156.3,1159.2,1158.1,1157.3,1157.0,1157.8,1159.4,1161.3,1158.6,1156.2,1154.7,1155.1,1157.0,1158.1,1157.9,1158.4,1159.2,1159.9,1160.1,1159.6,1158.8,3.4,34.0,1352.4,0.2339999999999999,0.1169999999999999,-0.115,492.2,498.5,507.5,518.9,536.8,562.4,590.7,623.3,662.2,701.9,738.8,770.0,792.4,802.9,805.4,806.6,806.5,501.7,517.3,539.3,563.3,587.7,669.4,699.0,725.3,751.1,772.1,635.0,636.4,637.7,639.3,609.6,627.0,645.1,662.9,679.4,539.8,555.8,577.0,595.6,576.9,556.3,681.7,699.2,720.9,740.0,723.5,702.7,584.8,609.9,633.2,650.9,670.1,696.8,724.8,699.5,674.1,653.3,634.7,610.6,594.0,634.8,652.7,672.5,714.9,670.9,651.0,633.2,358.2,401.4,443.5,483.9,519.4,550.7,576.3,597.4,600.9,590.3,564.2,532.8,497.0,456.3,413.7,370.9,327.0,321.9,307.3,302.0,304.4,310.8,304.3,293.2,288.4,290.7,302.0,352.1,383.6,415.1,446.8,459.3,465.6,470.4,461.9,453.6,361.6,352.6,351.8,360.8,367.7,368.9,354.2,342.4,340.7,346.3,355.4,357.6,501.0,496.7,494.5,496.9,490.9,488.2,485.6,511.4,525.5,530.2,530.1,522.4,503.2,507.2,507.7,502.9,490.4,504.8,509.2,508.7,-69.1,-66.3,-62.3,-57.0,-48.6,-36.3,-22.9,-7.7,10.2,28.4,45.7,60.5,70.9,75.5,76.2,76.5,76.4,-63.1,-55.6,-45.3,-34.3,-23.3,13.0,26.2,38.0,49.6,59.2,-2.2,-1.6,-1.0,-0.3,-13.6,-5.8,2.3,10.2,17.6,-45.5,-38.0,-28.4,-20.0,-28.4,-37.8,18.7,26.5,36.2,44.9,37.4,28.1,-25.2,-13.6,-3.1,4.9,13.5,25.6,38.5,26.8,15.3,5.9,-2.4,-13.3,-21.0,-2.3,5.7,14.6,34.0,13.8,4.9,-3.1,-0.9,19.4,39.2,58.3,75.0,89.3,100.4,109.0,110.2,105.7,94.5,80.4,63.7,44.6,24.7,5.0,-15.1,-17.4,-23.9,-26.1,-24.9,-21.9,-24.7,-29.7,-31.9,-30.9,-26.0,-3.5,10.5,24.4,38.4,44.6,47.2,49.3,45.5,41.9,0.7,-3.4,-3.7,0.4,3.5,4.0,-2.6,-7.9,-8.7,-6.2,-2.0,-1.1,64.5,61.8,60.4,61.4,58.7,57.7,57.0,68.1,74.0,76.2,76.3,73.3,65.4,66.3,66.4,64.2,59.1,64.8,66.8,66.7,1402.6,1406.2,1410.0,1412.6,1410.8,1404.4,1392.3,1378.1,1372.6,1376.9,1388.2,1395.6,1395.4,1389.6,1382.9,1378.0,1376.6,1368.4,1358.9,1350.4,1342.5,1334.8,1328.5,1332.8,1336.1,1339.3,1344.0,1337.8,1334.3,1330.2,1326.9,1346.0,1342.1,1339.5,1340.0,1341.5,1361.4,1355.9,1353.0,1352.7,1353.4,1356.3,1345.9,1344.1,1343.7,1346.3,1344.1,1344.3,1371.7,1356.4,1348.0,1345.8,1344.4,1350.7,1362.3,1350.0,1342.0,1342.1,1345.1,1355.3,1369.2,1350.8,1348.4,1347.3,1359.4,1343.1,1343.2,1346.3,2.209,0.263,0.123,-0.1159999999999999,647.813,435.072,-21.745,-2.575,-9.012,-11.249,3.117,13.559,-20.555,2.804,-9.449,-1.7990000000000002,-12.66,-0.613,1.702,-3.1710000000000003,4.228,0.395,0.629,-5.196000000000001,-0.5920000000000001,-4.571000000000001,3.809,-1.499,-3.083,-1.286,-1.165,3.597,-0.986,-0.524,1.3430000000000002,0.4479999999999999,1.041,-1.162,0.387,0.099,0.74,0.94,0.1,0.06,0.78,0.79,0.0,0.87,2.02,1.64,0.0,0.46,0.23,0.47,0.47,0.1,0.85,1.0,1.0,0.0,0.0,0.0,0.0,0.0,1.0,1.0,1.0,0.0,0.0,0.0,1.0,0.0,0.0,0.0,0.0,
10.0,0.3,0.98,0.046859,0.257101,-0.965248,-0.091899,0.22918,-0.969036,-0.023,0.246,554.8,558.2,568.1,578.7,583.8,581.2,570.5,559.9,541.3,545.9,554.5,566.2,578.4,587.6,594.0,587.7,577.9,567.0,556.6,547.5,565.5,569.9,574.0,575.4,573.3,568.9,564.8,563.4,693.8,696.6,707.0,719.0,725.6,722.8,712.4,699.7,683.9,690.1,699.2,710.7,722.2,731.6,738.9,732.8,723.9,713.3,701.7,691.1,705.7,710.9,715.4,716.6,713.8,708.5,704.0,702.8,357.7,347.7,343.1,346.5,355.9,366.2,370.5,367.1,359.6,355.5,353.4,351.7,352.2,355.2,360.1,364.8,368.1,369.8,368.8,365.3,360.3,361.7,359.8,355.7,351.8,350.4,352.3,356.4,347.6,336.0,329.7,332.2,342.2,353.8,360.1,358.7,352.3,346.7,342.5,340.6,341.4,343.6,347.9,352.3,354.8,356.0,356.2,355.8,351.2,352.3,349.5,344.5,340.2,339.0,341.8,346.8,-33.8,-32.4,-28.5,-24.3,-22.3,-23.3,-27.6,-31.8,-39.3,-37.4,-33.8,-29.2,-24.4,-20.8,-18.3,-20.8,-24.6,-29.0,-33.1,-36.8,-29.6,-27.8,-26.2,-25.6,-26.4,-28.2,-29.8,-30.4,20.9,22.0,26.1,30.7,33.2,32.1,28.1,23.2,17.1,19.4,23.0,27.4,31.9,35.6,38.5,36.1,32.5,28.4,23.9,19.8,25.5,27.5,29.3,29.8,28.7,26.7,24.9,24.4,-0.9,-4.9,-6.7,-5.4,-1.6,2.5,4.2,2.8,-0.1,-1.8,-2.6,-3.3,-3.1,-1.9,0.1,1.9,3.2,3.9,3.5,2.1,0.1,0.7,-0.1,-1.7,-3.2,-3.8,-3.0,-1.4,-4.8,-9.3,-11.8,-10.8,-6.9,-2.4,0.1,-0.5,-3.0,-5.2,-6.8,-7.5,-7.2,-6.4,-4.7,-3.0,-2.0,-1.5,-1.5,-1.6,-3.4,-3.0,-4.1,-6.0,-7.7,-8.2,-7.1,-5.1,1189.0,1187.4,1186.4,1186.8,1188.3,1190.3,1190.9,1190.5,1195.0,1191.4,1188.1,1186.2,1186.9,1188.8,1191.5,1190.9,1190.0,1190.2,1191.5,1193.4,1190.1,1190.3,1189.9,1189.2,1188.6,1188.5,1188.9,1189.5,1164.8,1166.3,1167.1,1166.7,1165.4,1163.9,1163.0,1163.6,1166.5,1165.3,1164.3,1163.9,1164.6,1166.3,1168.1,1165.7,1163.4,1162.0,1162.4,1164.4,1165.1,1165.0,1165.3,1166.0,1166.6,1166.8,1166.4,1165.7,3.3,34.0,1350.6,0.2339999999999999,0.1159999999999999,-0.114,492.1,498.3,507.1,518.5,536.5,562.1,590.4,623.0,661.8,701.4,738.2,769.6,792.2,802.9,805.4,806.7,806.6,501.5,517.1,539.1,563.2,587.6,669.4,699.0,725.4,751.3,772.4,634.8,636.2,637.4,638.9,609.4,626.8,644.8,662.5,679.0,539.5,555.6,576.9,595.7,576.9,556.1,681.5,699.2,721.0,740.2,723.6,702.7,584.4,609.7,633.0,650.6,669.7,696.5,724.7,699.2,673.7,652.9,634.5,610.3,593.6,634.6,652.4,672.1,714.9,670.4,650.7,633.0,358.4,401.5,443.5,483.8,519.3,550.5,576.3,597.5,601.2,590.5,564.4,533.0,497.1,456.4,413.6,370.7,326.7,321.8,307.3,302.1,304.4,310.8,304.2,293.1,288.3,290.7,302.3,352.0,383.5,415.1,446.9,459.5,465.7,470.5,462.1,453.9,361.5,352.3,351.6,360.7,367.6,368.9,354.1,342.1,340.4,346.2,355.4,357.6,500.5,496.6,494.5,497.0,491.0,488.2,485.2,511.5,525.7,530.3,530.1,522.2,502.8,507.3,507.8,503.0,490.1,504.9,509.2,508.6,-69.1,-66.3,-62.4,-57.1,-48.6,-36.4,-23.0,-7.8,9.9,28.1,45.4,60.2,70.7,75.4,76.2,76.5,76.4,-63.1,-55.6,-45.4,-34.3,-23.3,13.0,26.2,38.0,49.6,59.2,-2.3,-1.7,-1.2,-0.5,-13.7,-5.9,2.1,10.1,17.4,-45.5,-38.1,-28.4,-20.0,-28.4,-37.9,18.6,26.5,36.2,44.9,37.4,28.1,-25.4,-13.7,-3.1,4.7,13.3,25.4,38.4,26.6,15.0,5.8,-2.5,-13.4,-21.2,-2.4,5.6,14.4,33.9,13.6,4.8,-3.2,-0.7,19.4,39.2,58.2,74.8,89.1,100.3,109.0,110.2,105.7,94.5,80.4,63.7,44.6,24.7,4.9,-15.3,-17.4,-23.8,-26.1,-24.9,-21.9,-24.7,-29.7,-31.9,-30.9,-25.8,-3.6,10.5,24.4,38.4,44.6,47.2,49.3,45.5,41.9,0.7,-3.5,-3.8,0.3,3.4,4.0,-2.6,-8.0,-8.8,-6.2,-2.1,-1.1,64.2,61.7,60.4,61.4,58.6,57.6,56.8,68.1,74.0,76.1,76.2,73.2,65.1,66.2,66.3,64.1,58.9,64.8,66.7,66.6,1400.9,1404.4,1408.1,1410.6,1408.9,1402.7,1390.6,1376.6,1371.2,1375.4,1386.7,1394.0,1393.9,1388.1,1381.5,1376.7,1375.3,1366.8,1357.2,1348.7,1340.8,1333.1,1326.7,1331.0,1334.4,1337.6,1342.3,1336.0,1332.4,1328.1,1324.8,1343.9,1340.1,1337.5,1338.1,1339.6,1359.8,1354.2,1351.3,1351.0,1351.7,1354.6,1344.1,1342.3,1342.0,1344.6,1342.3,1342.5,1370.1,1354.7,1346.1,1343.9,1342.5,1348.8,1360.5,1348.2,1340.2,1340.3,1343.3,1353.5,1367.6,1349.0,1346.6,1345.4,1357.7,1341.2,1341.4,1344.5,2.211,0.263,0.122,-0.115,647.621,435.051,-20.905,-3.112,-8.363,-10.823,3.258,13.612,-20.688,2.487,-9.606,-1.986,-12.528,-0.519,1.7919999999999998,-3.573,4.166,0.073,0.772,-4.992,-0.41,-4.54,3.732,-1.653,-3.006,-0.986,-1.127,3.529,-0.94,-0.752,1.348,0.3929999999999999,1.027,-1.068,0.441,0.044,0.73,0.96,0.06,0.05,0.75,0.76,0.0,0.83,2.08,1.67,0.0,0.49,0.3,0.42,0.49,0.2,0.79,1.0,1.0,0.0,0.0,0.0,0.0,0.0,1.0,1.0,1.0,0.0,0.0,0.0,1.0,0.0,0.0,0.0,0.0,
11.0,0.3339999999999999,0.98,0.04298,0.253255,-0.966444,-0.094803,0.230851,-0.96836,-0.027,0.245,554.3,557.6,567.4,578.1,583.3,580.8,570.2,559.5,541.4,545.7,554.1,565.5,577.5,586.9,593.5,587.2,577.5,566.6,556.3,547.4,565.1,569.5,573.5,574.9,572.7,568.4,564.4,563.0,693.5,696.2,706.7,718.8,725.3,722.6,712.1,699.4,683.5,689.8,699.2,710.6,722.0,731.2,738.5,732.5,723.6,713.2,701.5,690.8,705.3,710.5,715.1,716.3,713.4,708.2,703.6,702.4,357.5,347.5,342.7,346.1,355.7,366.1,370.4,367.0,359.6,355.3,353.1,351.4,352.1,355.1,360.2,364.9,368.1,369.8,368.9,365.3,360.2,361.6,359.7,355.6,351.7,350.3,352.2,356.3,347.5,336.0,329.7,332.3,342.4,353.9,360.1,358.6,351.9,346.4,342.2,340.4,341.4,343.7,348.0,352.6,355.0,356.2,356.2,355.7,351.2,352.3,349.6,344.6,340.2,339.1,341.8,346.8,-34.1,-32.8,-28.9,-24.6,-22.6,-23.6,-27.9,-32.1,-39.5,-37.6,-34.2,-29.6,-24.9,-21.2,-18.6,-21.1,-24.9,-29.3,-33.4,-37.1,-29.9,-28.1,-26.5,-26.0,-26.8,-28.5,-30.1,-30.7,20.7,21.8,25.9,30.6,33.1,32.0,27.9,23.0,16.9,19.3,22.9,27.3,31.8,35.4,38.3,35.9,32.4,28.3,23.8,19.7,25.3,27.3,29.1,29.6,28.5,26.5,24.7,24.2,-1.0,-5.0,-6.9,-5.5,-1.7,2.4,4.2,2.8,-0.2,-1.9,-2.7,-3.4,-3.2,-1.9,0.1,1.9,3.2,3.9,3.5,2.1,0.1,0.6,-0.1,-1.8,-3.3,-3.9,-3.1,-1.5,-4.9,-9.3,-11.8,-10.7,-6.8,-2.4,0.1,-0.5,-3.1,-5.3,-6.9,-7.6,-7.2,-6.3,-4.7,-2.9,-1.9,-1.5,-1.5,-1.7,-3.4,-3.0,-4.0,-6.0,-7.7,-8.1,-7.1,-5.1,1195.4,1193.8,1192.9,1193.1,1194.4,1196.3,1196.9,1196.7,1201.5,1198.0,1194.6,1192.7,1193.2,1195.0,1197.5,1197.0,1196.2,1196.4,1197.8,1199.9,1196.4,1196.5,1196.1,1195.5,1194.9,1194.8,1195.2,1195.9,1162.8,1164.4,1165.3,1165.0,1163.6,1162.0,1161.1,1161.6,1164.5,1163.3,1162.4,1162.0,1162.9,1164.6,1166.5,1164.0,1161.6,1160.1,1160.5,1162.4,1163.2,1163.1,1163.5,1164.2,1164.8,1164.9,1164.5,1163.8,3.2,33.9,1351.2,0.235,0.12,-0.115,491.9,498.0,506.8,518.1,536.0,561.6,590.0,622.7,661.6,701.5,738.4,769.9,792.3,802.9,805.3,806.5,806.3,501.2,516.6,538.5,562.6,587.1,669.1,698.6,725.0,750.8,771.8,634.5,635.8,637.0,638.5,609.2,626.5,644.4,662.1,678.6,539.2,555.2,576.5,595.2,576.4,555.7,681.3,698.9,720.7,739.9,723.4,702.5,583.6,608.9,632.4,650.0,669.3,696.3,724.6,699.0,673.1,652.3,633.7,609.4,592.9,634.0,651.8,671.7,714.8,670.0,650.1,632.2,358.8,401.7,443.4,483.6,518.9,550.1,575.9,597.3,601.0,590.3,564.0,532.5,496.6,455.9,413.3,370.6,326.7,321.8,307.2,301.9,304.2,310.7,304.1,292.9,288.1,290.5,301.9,351.9,383.4,415.0,446.7,459.3,465.6,470.4,462.0,453.8,361.4,352.2,351.5,360.7,367.6,368.8,354.0,342.1,340.3,346.2,355.4,357.6,499.9,496.2,494.3,496.8,490.9,488.0,485.0,511.4,525.7,530.3,530.1,521.9,502.2,507.1,507.7,502.9,489.8,504.9,509.2,508.5,-69.2,-66.5,-62.5,-57.3,-48.9,-36.7,-23.2,-8.0,9.9,28.2,45.5,60.3,70.8,75.4,76.1,76.4,76.2,-63.3,-55.8,-45.6,-34.6,-23.5,12.9,26.0,37.8,49.4,59.0,-2.5,-1.9,-1.3,-0.6,-13.8,-6.0,2.0,9.9,17.2,-45.7,-38.3,-28.6,-20.2,-28.6,-38.1,18.5,26.4,36.1,44.8,37.3,28.0,-25.8,-14.0,-3.4,4.5,13.1,25.3,38.4,26.5,14.8,5.5,-2.8,-13.8,-21.5,-2.7,5.3,14.2,33.9,13.4,4.5,-3.5,-0.6,19.5,39.1,58.1,74.7,88.9,100.1,108.9,110.2,105.6,94.3,80.1,63.4,44.4,24.5,4.8,-15.3,-17.4,-23.9,-26.1,-24.9,-21.9,-24.7,-29.8,-32.0,-31.0,-26.0,-3.6,10.4,24.3,38.3,44.5,47.2,49.2,45.5,41.9,0.6,-3.5,-3.9,0.3,3.4,4.0,-2.7,-8.0,-8.8,-6.2,-2.1,-1.1,63.9,61.5,60.3,61.3,58.6,57.6,56.7,68.1,74.1,76.2,76.2,73.1,64.9,66.2,66.3,64.1,58.8,64.8,66.7,66.6,1401.7,1405.1,1408.8,1411.3,1409.5,1403.2,1391.2,1377.2,1371.7,1375.9,1387.0,1394.1,1393.8,1388.0,1381.5,1376.7,1375.3,1367.5,1358.0,1349.4,1341.5,1333.9,1327.4,1331.5,1334.8,1337.9,1342.5,1336.6,1333.0,1328.7,1325.4,1344.6,1340.8,1338.2,1338.8,1340.2,1360.4,1354.9,1352.0,1351.6,1352.3,1355.2,1344.7,1342.8,1342.4,1345.0,1342.7,1343.0,1370.8,1355.4,1346.8,1344.6,1343.1,1349.4,1360.9,1348.8,1341.0,1341.1,1344.1,1354.3,1368.3,1349.6,1347.2,1346.0,1358.2,1341.9,1342.1,1345.3,2.21,0.264,0.125,-0.1159999999999999,647.242,434.888,-21.769,-2.94,-8.244,-11.592,3.3480000000000003,13.241,-21.126,2.312,-9.456,-1.475,-12.432,-0.645,1.861,-3.491,4.042,-0.129,0.669,-4.635,-0.493,-4.541,3.379,-1.729,-2.969,-0.8109999999999999,-1.03,3.5780000000000003,-1.165,-0.7659999999999999,1.374,0.387,0.987,-1.07,0.397,0.098,0.73,0.99,0.0,0.11,0.68,0.77,0.0,0.79,2.15,1.69,0.0,0.45,0.34,0.42,0.53,0.18,0.76,1.0,1.0,0.0,0.0,0.0,0.0,0.0,1.0,1.0,1.0,0.0,0.0,0.0,1.0,0.0,0.0,0.0,0.0,
12.0,0.367,0.98,0.049293,0.260113,-0.964319,-0.088928,0.234453,-0.968052,-0.021,0.251,553.8,557.1,567.0,577.7,582.9,580.4,569.7,559.0,540.3,545.0,553.6,564.9,576.8,586.3,593.1,586.9,577.1,566.3,555.8,546.5,564.6,569.0,573.1,574.4,572.3,567.9,563.8,562.5,692.9,695.6,706.0,718.2,724.8,722.2,711.7,698.9,682.6,689.2,698.6,710.0,721.3,730.6,738.0,732.0,723.1,712.6,700.9,690.1,704.8,710.1,714.6,715.7,712.8,707.6,703.1,701.9,357.7,347.6,342.8,346.1,355.7,366.2,370.6,367.3,359.5,355.4,353.1,351.4,352.0,355.1,359.9,364.8,368.0,369.8,369.0,365.5,360.4,361.8,359.8,355.6,351.7,350.3,352.3,356.5,347.4,335.9,329.6,332.2,342.2,353.7,360.0,358.5,351.8,346.4,342.2,340.3,341.0,343.2,347.4,351.9,354.4,355.7,355.9,355.6,351.1,352.2,349.5,344.5,340.2,339.1,341.8,346.7,-34.2,-32.8,-28.9,-24.7,-22.6,-23.7,-27.9,-32.1,-39.7,-37.8,-34.2,-29.7,-25.0,-21.3,-18.6,-21.1,-24.9,-29.2,-33.5,-37.2,-29.9,-28.2,-26.6,-26.0,-26.8,-28.6,-30.2,-30.8,20.4,21.5,25.6,30.2,32.8,31.7,27.7,22.7,16.5,19.0,22.6,27.0,31.4,35.0,38.0,35.6,32.1,28.0,23.5,19.3,25.0,27.1,28.8,29.3,28.2,26.2,24.4,23.9,-0.9,-4.9,-6.8,-5.5,-1.7,2.5,4.2,2.9,-0.2,-1.8,-2.7,-3.4,-3.1,-2.0,-0.0,1.9,3.2,3.9,3.6,2.2,0.2,0.7,-0.1,-1.7,-3.3,-3.8,-3.0,-1.4,-4.9,-9.3,-11.8,-10.8,-6.9,-2.4,-0.0,-0.6,-3.2,-5.3,-6.9,-7.6,-7.3,-6.5,-4.9,-3.1,-2.1,-1.7,-1.6,-1.7,-3.5,-3.0,-4.1,-6.0,-7.7,-8.1,-7.0,-5.1,1189.5,1188.0,1187.1,1187.4,1188.7,1190.5,1191.0,1190.7,1195.6,1192.1,1188.8,1186.9,1187.4,1189.3,1191.8,1191.2,1190.4,1190.5,1191.8,1193.9,1190.5,1190.6,1190.3,1189.7,1189.2,1189.0,1189.4,1190.0,1158.5,1160.2,1161.3,1161.0,1159.6,1157.9,1156.9,1157.3,1160.2,1159.0,1158.1,1157.9,1158.8,1160.6,1162.6,1159.9,1157.4,1155.8,1156.2,1158.0,1159.0,1158.9,1159.4,1160.1,1160.7,1160.8,1160.4,1159.6,2.9,33.9,1348.8,0.2319999999999999,0.115,-0.113,491.5,497.4,506.1,517.5,535.3,560.9,589.3,622.0,660.9,700.5,737.3,768.7,791.5,802.4,805.0,806.1,805.8,500.6,516.2,538.1,562.2,586.6,668.4,697.8,724.3,750.3,771.5,633.8,635.3,636.6,638.2,608.7,626.0,644.0,661.7,678.2,538.5,554.6,575.9,594.8,575.9,555.1,680.5,698.3,720.1,739.4,722.8,701.9,582.9,608.4,631.8,649.6,668.9,695.9,724.3,698.6,672.7,651.8,633.2,608.8,592.1,633.3,651.3,671.2,714.6,669.5,649.5,631.7,359.2,401.9,443.3,483.4,518.6,549.8,575.7,597.3,601.2,590.8,564.8,533.5,497.6,456.7,413.8,370.6,326.3,321.7,307.3,302.1,304.5,310.9,304.3,292.8,287.9,290.3,301.7,351.8,383.4,415.1,446.9,459.4,465.7,470.5,462.1,453.9,361.3,352.1,351.3,360.5,367.4,368.7,353.9,341.8,340.0,345.8,355.1,357.3,499.7,496.3,494.5,497.0,491.0,488.1,484.8,511.4,525.6,530.2,529.9,521.6,502.0,507.1,507.7,502.9,489.7,504.9,509.1,508.4,-69.3,-66.7,-62.7,-57.5,-49.1,-36.9,-23.5,-8.3,9.5,27.7,44.9,59.7,70.3,75.1,75.9,76.2,76.0,-63.4,-56.0,-45.8,-34.7,-23.7,12.6,25.6,37.4,49.1,58.8,-2.7,-2.1,-1.5,-0.8,-14.0,-6.2,1.8,9.7,17.0,-46.0,-38.5,-28.9,-20.4,-28.8,-38.3,18.1,26.1,35.8,44.5,37.0,27.7,-26.0,-14.3,-3.7,4.3,12.9,25.1,38.2,26.3,14.6,5.3,-3.0,-14.1,-21.8,-3.0,5.1,14.0,33.7,13.2,4.3,-3.7,-0.4,19.6,39.1,57.9,74.4,88.6,99.9,108.7,110.1,105.7,94.6,80.5,63.9,44.7,24.7,4.9,-15.4,-17.4,-23.8,-26.0,-24.8,-21.8,-24.6,-29.8,-32.0,-31.0,-26.0,-3.6,10.4,24.3,38.3,44.5,47.1,49.2,45.5,41.9,0.6,-3.6,-3.9,0.2,3.3,3.9,-2.7,-8.1,-8.9,-6.4,-2.2,-1.2,63.7,61.5,60.3,61.3,58.5,57.5,56.5,67.9,73.9,76.0,76.0,72.8,64.7,66.1,66.2,64.0,58.6,64.7,66.6,66.4,1399.3,1402.6,1406.2,1408.8,1407.0,1400.9,1388.8,1374.7,1369.3,1373.6,1385.1,1392.5,1392.6,1387.1,1380.6,1375.8,1374.3,1365.3,1355.8,1347.2,1339.3,1331.5,1325.0,1329.3,1332.8,1336.0,1340.8,1334.2,1330.4,1326.1,1322.6,1342.0,1338.2,1335.6,1336.2,1337.7,1358.3,1352.8,1349.9,1349.5,1350.2,1353.0,1342.5,1340.8,1340.4,1343.0,1340.7,1341.0,1368.5,1353.0,1344.4,1342.1,1340.7,1347.1,1358.8,1346.4,1338.4,1338.5,1341.5,1351.9,1365.9,1347.2,1344.7,1343.6,1356.0,1339.5,1339.6,1342.8,2.214,0.261,0.12,-0.114,646.682,434.913,-19.739,-4.1930000000000005,-7.41,-10.57,3.172,14.059,-20.718000000000004,2.87,-9.545,-1.546,-12.211,-0.8,1.836,-3.753,3.913,-0.119,0.8390000000000001,-4.59,-0.8170000000000001,-4.793,3.095,-1.66,-2.8280000000000003,-0.722,-1.105,3.472,-0.95,-0.7909999999999999,1.3630000000000002,0.359,0.954,-1.082,0.407,0.073,0.75,1.02,0.02,0.06,0.75,0.7,0.0,0.81,2.21,1.7,0.0,0.45,0.38,0.41,0.56,0.22,0.71,1.0,1.0,0.0,0.0,0.0,0.0,0.0,1.0,1.0,1.0,0.0,0.0,0.0,1.0,0.0,0.0,0.0,0.0,
13.0,0.4,0.98,0.042286,0.266296,-0.962963,-0.07962,0.2392969999999999,-0.967676,-0.019,0.256,553.2,556.6,566.5,577.2,582.4,579.9,569.2,558.5,540.1,544.8,553.4,564.6,576.5,585.9,592.6,586.4,576.6,565.8,555.3,546.2,564.1,568.5,572.5,573.9,571.8,567.4,563.3,562.0,692.5,695.2,705.6,717.7,724.5,721.8,711.4,698.6,682.3,688.7,698.1,709.3,720.4,729.7,737.1,731.1,722.3,711.9,700.4,689.8,704.4,709.7,714.2,715.3,712.4,707.2,702.7,701.5,357.7,347.5,342.7,346.1,355.7,366.3,370.7,367.3,359.2,355.1,352.9,351.3,352.0,355.1,360.0,364.6,367.8,369.4,368.5,365.0,360.4,361.8,359.8,355.6,351.7,350.3,352.3,356.5,347.5,336.0,329.8,332.4,342.3,353.7,360.0,358.5,352.2,346.4,342.0,340.1,340.8,343.1,347.4,352.0,354.6,355.8,356.1,355.8,351.2,352.3,349.6,344.6,340.4,339.2,341.9,346.9,-34.6,-33.3,-29.3,-25.0,-23.0,-24.0,-28.3,-32.6,-40.1,-38.1,-34.5,-30.0,-25.3,-21.6,-19.0,-21.4,-25.3,-29.6,-33.9,-37.6,-30.3,-28.6,-26.9,-26.4,-27.2,-29.0,-30.6,-31.2,20.4,21.4,25.5,30.2,32.8,31.7,27.7,22.7,16.4,18.9,22.5,26.9,31.2,34.9,37.8,35.4,31.9,27.8,23.4,19.3,25.0,27.0,28.8,29.3,28.2,26.1,24.4,23.9,-0.9,-5.0,-6.9,-5.5,-1.7,2.5,4.3,2.9,-0.3,-2.0,-2.8,-3.5,-3.2,-2.0,-0.0,1.9,3.1,3.8,3.4,2.0,0.2,0.7,-0.1,-1.7,-3.3,-3.9,-3.1,-1.4,-4.9,-9.3,-11.8,-10.7,-6.9,-2.4,-0.0,-0.6,-3.0,-5.3,-7.0,-7.7,-7.4,-6.6,-4.9,-3.1,-2.1,-1.6,-1.5,-1.6,-3.4,-3.0,-4.0,-6.0,-7.6,-8.1,-7.0,-5.1,1197.3,1195.8,1194.9,1195.1,1196.4,1198.2,1198.8,1198.5,1203.2,1199.7,1196.5,1194.7,1195.2,1197.1,1199.6,1198.9,1198.0,1198.2,1199.4,1201.5,1198.3,1198.4,1198.1,1197.4,1196.9,1196.8,1197.2,1197.8,1164.2,1166.0,1167.1,1166.8,1165.4,1163.6,1162.5,1162.9,1165.7,1164.6,1163.8,1163.5,1164.3,1166.1,1168.1,1165.4,1162.9,1161.4,1161.8,1163.6,1164.7,1164.6,1165.1,1165.8,1166.5,1166.6,1166.1,1165.3,2.7,33.8,1348.5,0.236,0.1169999999999999,-0.114,490.9,496.8,505.5,516.7,534.4,560.0,588.5,621.4,660.5,700.4,737.4,768.8,791.4,802.2,804.7,805.8,805.5,500.2,515.6,537.5,561.7,586.2,667.7,697.2,723.7,749.7,770.8,633.3,634.8,636.1,637.6,608.2,625.5,643.5,661.2,677.7,538.2,554.3,575.5,594.3,575.5,554.8,680.0,697.6,719.4,738.6,722.1,701.2,582.3,607.8,631.3,649.0,668.2,695.3,723.9,698.0,672.0,651.2,632.7,608.3,591.6,632.9,650.7,670.5,714.1,668.8,649.0,631.2,359.0,401.6,443.1,483.1,518.3,549.6,575.7,597.5,601.4,590.8,564.4,532.7,496.7,455.9,413.2,370.4,326.4,322.0,307.4,302.1,304.5,311.1,304.5,293.0,288.0,290.4,301.9,351.9,383.4,415.1,446.9,459.4,465.7,470.6,462.1,453.9,361.1,351.9,351.2,360.5,367.3,368.5,353.9,341.7,340.0,345.8,355.1,357.3,499.6,496.2,494.5,497.0,491.1,488.1,484.8,511.5,525.8,530.3,530.0,521.7,501.9,507.2,507.8,503.1,489.7,505.0,509.2,508.5,-69.6,-66.9,-63.0,-57.9,-49.5,-37.4,-23.8,-8.5,9.4,27.7,44.9,59.8,70.2,74.9,75.7,76.0,75.8,-63.6,-56.2,-46.0,-34.9,-23.9,12.2,25.3,37.1,48.8,58.4,-3.0,-2.3,-1.7,-1.0,-14.2,-6.5,1.5,9.5,16.8,-46.1,-38.6,-29.0,-20.5,-29.0,-38.4,17.9,25.7,35.5,44.1,36.7,27.4,-26.3,-14.5,-3.9,4.0,12.6,24.8,38.0,26.0,14.3,5.0,-3.3,-14.3,-22.0,-3.2,4.8,13.7,33.5,12.9,4.0,-3.9,-0.5,19.5,38.9,57.8,74.2,88.6,99.9,108.8,110.2,105.6,94.3,80.1,63.4,44.3,24.5,4.8,-15.4,-17.3,-23.8,-26.0,-24.8,-21.7,-24.5,-29.7,-32.0,-31.0,-26.0,-3.6,10.4,24.4,38.3,44.5,47.2,49.2,45.5,41.9,0.5,-3.7,-4.0,0.2,3.3,3.8,-2.7,-8.2,-8.9,-6.3,-2.2,-1.2,63.7,61.4,60.3,61.3,58.6,57.5,56.5,68.0,73.9,76.0,76.0,72.8,64.6,66.1,66.2,64.1,58.6,64.7,66.6,66.5,1399.2,1402.5,1406.1,1408.6,1407.0,1400.9,1389.0,1374.8,1369.2,1373.3,1384.6,1391.8,1391.8,1386.2,1379.8,1374.9,1373.5,1364.9,1355.3,1346.7,1338.8,1331.2,1324.6,1328.8,1332.1,1335.4,1340.1,1333.8,1330.1,1325.9,1322.5,1341.9,1338.1,1335.5,1336.1,1337.5,1357.9,1352.3,1349.4,1349.1,1349.7,1352.6,1342.0,1340.2,1339.8,1342.4,1340.1,1340.4,1368.5,1352.9,1344.1,1341.9,1340.4,1346.8,1358.5,1346.2,1338.3,1338.4,1341.5,1351.8,1365.9,1347.0,1344.6,1343.4,1355.8,1339.3,1339.5,1342.6,2.215,0.265,0.123,-0.115,646.1709999999999,434.869,-20.341,-3.779,-7.519,-11.168,2.944,13.746,-20.645,2.361,-9.468,-1.017,-12.233,-0.58,1.616,-3.653,4.229,-0.022,1.029,-4.408,-0.505,-4.485,3.1180000000000003,-1.938,-2.8110000000000004,-0.7759999999999999,-1.118,3.4360000000000004,-1.142,-0.674,1.3,0.3989999999999999,0.937,-1.169,0.39,0.053,0.75,1.04,0.02,0.06,0.78,0.73,0.0,0.82,2.24,1.69,0.0,0.45,0.4,0.51,0.57,0.25,0.7,1.0,1.0,0.0,0.0,0.0,0.0,0.0,1.0,1.0,1.0,0.0,0.0,0.0,1.0,0.0,0.0,0.0,0.0,
14.0,0.434,0.98,0.0419449999999999,0.271796,-0.96144,-0.093814,0.241265,-0.965914,-0.027,0.26,552.6,555.9,565.8,576.5,581.7,579.2,568.5,557.8,539.6,544.1,552.5,563.7,575.6,585.3,592.3,586.0,576.1,565.2,554.7,545.6,563.5,567.9,571.9,573.3,571.1,566.8,562.8,561.4,691.5,694.0,704.5,716.7,723.6,721.1,710.6,697.7,681.4,688.0,697.6,708.9,720.0,729.2,736.5,730.7,722.0,711.6,700.0,689.1,703.4,708.8,713.4,714.5,711.5,706.1,701.5,700.4,357.7,347.5,342.8,346.3,355.9,366.5,370.8,367.3,359.2,355.2,353.0,351.4,352.1,355.1,359.7,364.5,367.7,369.4,368.6,365.1,360.5,361.9,360.0,355.8,351.9,350.5,352.4,356.5,347.5,336.0,329.8,332.3,342.3,353.7,360.0,358.6,352.1,346.2,341.8,339.9,340.7,343.2,347.5,352.1,354.6,355.8,356.0,355.8,351.3,352.4,349.7,344.7,340.3,339.2,341.9,346.9,-34.7,-33.4,-29.4,-25.2,-23.1,-24.2,-28.4,-32.7,-40.1,-38.2,-34.8,-30.3,-25.6,-21.7,-19.0,-21.5,-25.4,-29.8,-34.0,-37.7,-30.4,-28.7,-27.1,-26.5,-27.4,-29.1,-30.7,-31.3,19.8,20.8,24.8,29.5,32.1,31.1,27.1,22.1,15.9,18.4,22.1,26.4,30.7,34.3,37.2,34.9,31.5,27.4,23.0,18.8,24.4,26.4,28.2,28.6,27.5,25.4,23.7,23.2,-0.9,-5.0,-6.8,-5.5,-1.6,2.6,4.3,2.9,-0.3,-1.9,-2.8,-3.4,-3.1,-2.0,-0.1,1.8,3.1,3.7,3.4,2.0,0.2,0.8,-0.0,-1.7,-3.2,-3.8,-3.0,-1.4,-4.8,-9.2,-11.6,-10.6,-6.8,-2.4,-0.0,-0.5,-3.0,-5.3,-7.0,-7.7,-7.4,-6.5,-4.8,-3.0,-2.1,-1.6,-1.5,-1.6,-3.3,-2.9,-4.0,-5.9,-7.6,-8.0,-6.9,-5.0,1192.5,1191.0,1190.1,1190.2,1191.3,1193.1,1193.8,1193.6,1198.8,1195.3,1191.9,1190.0,1190.3,1192.0,1194.4,1193.8,1193.0,1193.2,1194.7,1196.9,1193.4,1193.4,1193.1,1192.4,1192.0,1191.9,1192.3,1192.9,1151.4,1153.3,1154.5,1154.3,1152.9,1151.0,1149.8,1150.0,1152.7,1151.7,1151.1,1151.0,1152.0,1153.8,1155.8,1153.0,1150.4,1148.7,1148.9,1150.7,1151.9,1151.9,1152.4,1153.2,1153.9,1153.9,1153.4,1152.6,2.4,33.8,1347.5,0.236,0.1159999999999999,-0.113,490.3,496.1,504.7,516.0,533.7,559.3,587.8,620.8,660.0,699.8,736.6,768.0,790.7,801.6,804.1,805.2,804.9,499.7,515.1,536.9,561.0,585.4,667.3,696.7,723.3,749.3,770.5,632.5,633.9,635.2,636.8,607.4,624.7,642.7,660.4,676.9,537.5,553.6,574.9,593.8,574.9,554.2,679.4,697.1,719.0,738.2,721.7,700.7,581.7,606.8,630.2,648.2,667.9,695.0,723.3,697.8,671.9,650.6,631.8,607.4,590.9,631.8,650.0,670.2,713.5,668.6,648.3,630.2,359.1,401.5,442.7,482.6,517.7,549.2,575.6,597.5,601.5,590.9,564.6,533.0,497.0,456.2,413.3,370.2,325.9,321.7,307.2,302.1,304.6,311.0,304.4,292.8,287.8,290.4,302.0,352.0,383.5,415.1,446.9,459.3,465.7,470.5,462.1,454.0,361.1,351.9,351.1,360.4,367.2,368.5,353.9,341.7,340.0,345.8,355.1,357.3,499.7,496.2,494.4,497.0,491.0,488.0,484.9,511.5,525.9,530.6,530.2,521.7,502.0,507.2,507.8,503.0,489.7,505.1,509.3,508.5,-69.7,-67.2,-63.4,-58.2,-49.8,-37.7,-24.1,-8.8,9.1,27.3,44.6,59.4,69.9,74.7,75.5,75.7,75.4,-63.8,-56.4,-46.2,-35.2,-24.2,12.0,25.1,37.0,48.6,58.2,-3.3,-2.7,-2.1,-1.4,-14.6,-6.8,1.2,9.1,16.5,-46.4,-38.9,-29.3,-20.8,-29.3,-38.7,17.6,25.5,35.2,43.9,36.5,27.1,-26.6,-15.0,-4.4,3.7,12.4,24.7,37.7,25.9,14.2,4.7,-3.7,-14.7,-22.3,-3.7,4.5,13.5,33.2,12.8,3.7,-4.4,-0.4,19.4,38.7,57.5,73.9,88.3,99.7,108.8,110.1,105.6,94.4,80.3,63.6,44.4,24.5,4.7,-15.6,-17.4,-23.8,-26.0,-24.7,-21.7,-24.5,-29.7,-32.0,-31.0,-25.9,-3.6,10.4,24.3,38.3,44.4,47.1,49.1,45.4,41.9,0.5,-3.7,-4.0,0.2,3.2,3.8,-2.7,-8.2,-8.9,-6.4,-2.2,-1.2,63.7,61.4,60.2,61.2,58.5,57.4,56.5,67.9,74.0,76.0,76.0,72.8,64.6,66.0,66.2,64.0,58.6,64.7,66.6,66.4,1397.9,1401.2,1404.9,1407.5,1405.9,1399.8,1387.8,1373.8,1368.3,1372.6,1384.0,1391.3,1391.4,1385.8,1379.3,1374.2,1372.7,1363.9,1354.4,1345.8,1337.9,1330.3,1323.5,1327.6,1331.1,1334.4,1339.2,1332.9,1329.2,1324.9,1321.5,1341.0,1337.2,1334.6,1335.2,1336.7,1357.1,1351.5,1348.7,1348.3,1349.0,1351.8,1341.1,1339.2,1338.8,1341.4,1339.2,1339.5,1367.3,1351.6,1343.1,1340.8,1339.3,1345.6,1357.3,1345.2,1337.3,1337.5,1340.6,1350.8,1364.7,1346.0,1343.5,1342.3,1354.6,1338.3,1338.6,1341.7,2.216,0.265,0.122,-0.114,645.533,434.841,-19.878,-4.633,-7.468,-10.743,2.6060000000000003,13.481,-20.686,2.7260000000000004,-9.542,-1.4269999999999998,-12.162,-1.369,1.842,-3.59,4.15,0.059,0.8029999999999999,-4.2860000000000005,-0.484,-5.038,2.938,-1.703,-2.99,-0.884,-0.883,3.361,-1.02,-0.774,1.284,0.38,0.924,-1.079,0.434,0.047,0.67,1.02,0.06,0.01,0.82,0.76,0.0,0.86,2.24,1.71,0.0,0.48,0.38,0.51,0.6,0.34,0.67,1.0,1.0,0.0,0.0,0.0,0.0,0.0,1.0,1.0,1.0,0.0,0.0,0.0,1.0,0.0,0.0,0.0,0.0,
15.0,0.467,0.98,0.033269,0.278119,-0.95997,-0.075514,0.240589,-0.967685,-0.022,0.263,551.7,555.0,565.0,575.8,581.1,578.6,567.8,557.0,538.9,543.5,551.9,563.2,575.2,584.8,591.8,585.5,575.5,564.5,554.0,545.0,562.7,567.1,571.2,572.6,570.4,566.0,561.9,560.5,691.5,694.3,704.6,716.6,723.1,720.4,710.0,697.4,681.3,687.6,696.9,708.1,719.2,728.5,735.7,729.9,721.0,710.6,699.1,688.5,703.4,708.4,712.8,713.9,711.2,706.1,701.8,700.6,357.6,347.4,342.7,346.2,355.9,366.5,370.8,367.3,359.1,355.0,352.8,351.2,351.8,354.6,359.3,364.1,367.3,369.1,368.2,364.8,360.4,361.9,359.9,355.7,351.8,350.3,352.3,356.4,347.1,335.9,329.7,332.4,342.2,353.5,359.6,358.1,351.9,346.2,341.7,339.7,340.5,342.9,347.3,351.9,354.4,355.7,355.9,355.6,350.7,351.8,349.2,344.5,340.3,339.2,341.8,346.6,-35.0,-33.6,-29.7,-25.4,-23.3,-24.4,-28.7,-32.9,-40.3,-38.3,-34.9,-30.4,-25.6,-21.8,-19.1,-21.6,-25.6,-29.9,-34.1,-37.8,-30.7,-28.9,-27.3,-26.7,-27.6,-29.3,-31.0,-31.5,20.2,21.3,25.4,30.1,32.6,31.5,27.4,22.5,16.2,18.7,22.3,26.7,31.0,34.7,37.6,35.3,31.7,27.6,23.1,19.0,24.8,26.8,28.5,29.0,27.9,26.0,24.2,23.8,-1.0,-5.0,-6.8,-5.5,-1.6,2.6,4.3,2.9,-0.4,-2.0,-2.8,-3.5,-3.3,-2.1,-0.3,1.6,2.9,3.6,3.3,1.9,0.2,0.7,-0.0,-1.7,-3.3,-3.8,-3.1,-1.4,-5.0,-9.5,-11.9,-10.9,-7.0,-2.6,-0.2,-0.8,-3.2,-5.4,-7.2,-8.0,-7.6,-6.7,-5.0,-3.2,-2.2,-1.7,-1.6,-1.7,-3.6,-3.2,-4.2,-6.1,-7.7,-8.2,-7.1,-5.3,1188.9,1187.4,1186.3,1186.5,1187.7,1189.6,1190.3,1190.2,1195.0,1191.5,1188.1,1186.2,1186.6,1188.3,1190.7,1190.2,1189.4,1189.6,1191.1,1193.3,1189.8,1189.9,1189.5,1188.8,1188.3,1188.3,1188.7,1189.3,1175.3,1177.0,1178.0,1177.7,1176.3,1174.6,1173.5,1174.0,1177.0,1175.8,1175.0,1174.7,1175.5,1177.3,1179.2,1176.5,1174.0,1172.5,1173.0,1174.9,1175.7,1175.6,1176.1,1176.8,1177.4,1177.5,1177.1,1176.3,2.1,33.7,1348.5,0.235,0.1159999999999999,-0.113,489.6,495.4,504.0,515.1,532.8,558.4,587.0,620.2,659.4,699.1,735.8,767.0,789.8,800.8,803.5,804.6,804.3,499.0,514.2,536.1,560.2,584.6,666.6,696.0,722.5,748.5,769.7,631.8,633.3,634.6,636.2,606.6,624.1,642.1,659.9,676.4,537.0,553.1,574.3,593.1,574.3,553.7,678.8,696.5,718.2,737.3,720.9,700.1,580.6,605.6,629.0,647.4,667.6,694.8,722.9,697.6,671.6,649.8,630.5,606.2,590.0,630.5,649.1,669.8,713.2,668.4,647.6,629.0,359.2,401.5,442.4,482.0,517.3,549.0,575.8,598.0,602.0,591.4,565.1,533.5,497.4,456.4,413.3,369.9,325.4,321.8,307.2,302.0,304.4,310.8,304.2,292.6,287.6,290.0,301.5,351.8,383.0,414.5,446.1,458.7,465.1,470.0,461.5,453.4,360.9,351.7,350.9,360.1,366.9,368.2,353.6,341.6,339.8,345.6,354.8,357.0,499.4,495.8,494.0,496.6,490.6,487.7,485.0,511.3,525.7,530.4,529.9,521.3,501.7,506.8,507.5,502.7,489.7,505.0,509.3,508.4,-70.1,-67.6,-63.7,-58.6,-50.3,-38.1,-24.5,-9.1,8.8,27.0,44.2,58.9,69.5,74.3,75.2,75.4,75.2,-64.2,-56.8,-46.7,-35.6,-24.6,11.8,24.8,36.6,48.3,57.9,-3.6,-3.0,-2.4,-1.7,-14.9,-7.1,0.9,8.9,16.2,-46.6,-39.2,-29.6,-21.1,-29.5,-38.9,17.3,25.2,34.9,43.6,36.2,26.8,-27.1,-15.5,-4.9,3.3,12.3,24.6,37.5,25.9,14.1,4.4,-4.2,-15.2,-22.8,-4.3,4.1,13.4,33.1,12.7,3.4,-4.9,-0.4,19.4,38.6,57.3,73.7,88.2,99.9,109.0,110.4,105.9,94.6,80.5,63.7,44.5,24.5,4.5,-15.8,-17.4,-23.9,-26.1,-24.8,-21.8,-24.6,-29.9,-32.2,-31.2,-26.1,-3.7,10.2,24.1,38.0,44.2,46.9,49.0,45.2,41.7,0.4,-3.7,-4.1,0.0,3.1,3.7,-2.9,-8.2,-9.0,-6.4,-2.3,-1.3,63.6,61.2,60.0,61.1,58.3,57.3,56.6,67.9,73.9,76.0,76.0,72.7,64.5,65.9,66.1,63.9,58.6,64.7,66.7,66.5,1398.6,1401.9,1405.5,1408.3,1406.5,1400.5,1388.6,1374.6,1369.1,1373.3,1384.5,1391.8,1391.9,1386.5,1379.9,1374.8,1373.3,1365.0,1355.4,1346.8,1339.0,1331.5,1324.8,1328.8,1332.1,1335.4,1340.2,1333.9,1330.2,1326.0,1322.6,1342.2,1338.3,1335.7,1336.3,1337.7,1357.9,1352.5,1349.7,1349.3,1350.0,1352.7,1342.0,1340.2,1339.8,1342.4,1340.1,1340.4,1368.2,1352.6,1344.1,1341.8,1340.2,1346.5,1358.1,1346.2,1338.5,1338.7,1341.8,1351.9,1365.6,1346.9,1344.4,1343.1,1355.4,1339.5,1339.8,1343.0,2.215,0.263,0.122,-0.114,644.819,434.639,-21.374,-4.965,-7.142,-11.1,2.299,13.235,-20.741,2.612,-9.022,-1.356,-12.417,-1.492,1.784,-3.036,4.137,0.103,0.451,-4.1,-0.6,-5.444,2.323,-1.857,-3.1260000000000003,-1.253,-0.762,3.289,-1.211,-0.725,1.288,0.356,0.8029999999999999,-1.078,0.431,0.003,0.68,1.06,0.06,0.01,0.83,0.92,0.0,0.91,2.26,1.74,0.0,0.38,0.39,0.57,0.68,0.43,0.68,1.0,1.0,0.0,0.0,0.0,0.0,0.0,1.0,1.0,1.0,0.0,0.0,0.0,1.0,0.0,0.0,0.0,0.0,
16.0,0.501,0.98,0.04295,0.2716,-0.961451,-0.07616,0.243437,-0.966922,-0.017,0.261,551.1,554.4,564.3,575.1,580.3,577.8,567.1,556.3,538.2,542.9,551.3,562.1,573.8,583.5,590.5,584.3,574.6,563.9,553.4,544.3,562.0,566.4,570.5,571.8,569.7,565.3,561.2,559.9,690.4,693.1,703.6,715.7,722.3,719.6,709.2,696.5,680.3,686.8,696.2,707.3,718.3,727.5,735.0,729.1,720.2,709.8,698.2,687.6,702.4,707.6,712.0,713.1,710.3,705.2,700.7,699.6,357.4,347.1,342.2,345.7,355.4,366.1,370.6,367.1,359.1,354.9,352.6,350.9,351.6,354.7,359.6,364.2,367.2,368.8,368.1,364.7,360.2,361.6,359.7,355.4,351.4,350.0,352.0,356.2,347.0,335.8,329.6,332.1,341.8,353.0,359.2,357.8,351.2,345.5,341.3,339.4,340.3,342.7,347.0,351.8,354.3,355.5,355.6,355.2,350.6,351.6,349.0,344.2,340.1,339.1,341.7,346.4,-35.6,-34.3,-30.3,-26.0,-23.9,-24.9,-29.3,-33.6,-41.0,-39.0,-35.5,-31.1,-26.5,-22.6,-19.9,-22.3,-26.2,-30.5,-34.8,-38.5,-31.3,-29.5,-27.9,-27.3,-28.2,-29.9,-31.6,-32.1,19.7,20.7,24.8,29.6,32.1,31.0,26.9,22.0,15.7,18.2,21.9,26.2,30.5,34.2,37.1,34.8,31.2,27.1,22.7,18.5,24.3,26.3,28.1,28.5,27.5,25.4,23.7,23.2,-1.1,-5.2,-7.1,-5.7,-1.8,2.5,4.2,2.9,-0.4,-2.0,-3.0,-3.6,-3.4,-2.1,-0.1,1.7,2.9,3.5,3.3,1.9,0.1,0.7,-0.1,-1.8,-3.4,-4.0,-3.2,-1.5,-5.1,-9.5,-11.9,-10.9,-7.1,-2.7,-0.3,-0.8,-3.4,-5.6,-7.3,-8.0,-7.7,-6.8,-5.1,-3.2,-2.2,-1.8,-1.7,-1.9,-3.7,-3.3,-4.3,-6.2,-7.8,-8.2,-7.2,-5.3,1202.3,1201.0,1200.1,1200.2,1201.3,1202.9,1203.5,1203.4,1208.3,1205.0,1201.7,1199.9,1200.3,1201.9,1204.3,1203.6,1202.8,1202.9,1204.3,1206.5,1203.2,1203.3,1202.9,1202.4,1201.9,1201.9,1202.2,1202.8,1169.1,1171.0,1172.1,1171.8,1170.1,1168.2,1167.1,1167.6,1170.8,1169.7,1168.9,1168.6,1169.4,1171.0,1172.8,1170.1,1167.6,1166.1,1166.6,1168.6,1169.5,1169.4,1169.8,1170.6,1171.3,1171.5,1171.0,1170.2,1.7,33.7,1348.8,0.236,0.114,-0.113,488.8,494.6,503.1,514.2,531.8,557.3,586.0,619.1,658.2,697.9,734.7,766.1,788.9,800.1,802.7,803.7,803.2,498.2,513.4,535.4,559.5,583.8,666.0,695.1,721.3,747.1,768.2,631.0,632.5,633.9,635.6,606.3,623.6,641.5,659.1,675.5,536.1,552.1,573.4,592.2,573.4,552.8,678.0,695.6,717.3,736.3,720.1,699.2,580.0,605.0,628.5,647.0,667.1,694.3,722.1,697.2,671.4,649.6,630.3,605.7,589.4,630.0,648.7,669.4,712.5,668.0,647.2,628.6,359.4,401.4,442.2,481.8,517.2,549.0,576.2,598.9,603.3,592.7,566.0,534.1,497.8,456.6,413.3,369.8,325.3,321.3,306.8,301.8,304.2,310.5,303.9,292.3,287.3,289.6,300.9,351.5,382.9,414.4,446.1,458.7,465.1,470.0,461.5,453.5,360.8,351.6,350.8,359.9,366.8,368.0,353.2,341.3,339.5,345.3,354.5,356.7,498.9,495.3,493.6,496.2,490.1,487.1,484.3,511.3,526.0,530.9,530.4,521.5,501.2,506.5,507.2,502.2,489.1,505.1,509.5,508.7,-70.4,-67.9,-64.1,-59.0,-50.7,-38.6,-25.0,-9.6,8.3,26.5,43.7,58.5,69.1,74.0,74.8,75.0,74.7,-64.5,-57.2,-47.0,-35.9,-24.9,11.5,24.4,36.1,47.7,57.3,-4.0,-3.3,-2.7,-2.0,-15.1,-7.3,0.6,8.5,15.8,-47.0,-39.6,-30.0,-21.5,-30.0,-39.3,17.0,24.9,34.5,43.1,35.8,26.5,-27.4,-15.8,-5.1,3.1,12.1,24.4,37.2,25.7,14.0,4.3,-4.4,-15.5,-23.1,-4.5,3.9,13.2,32.8,12.5,3.2,-5.1,-0.3,19.3,38.5,57.2,73.7,88.2,100.1,109.5,111.1,106.6,95.1,80.8,63.9,44.6,24.5,4.5,-15.9,-17.6,-24.0,-26.2,-24.9,-22.0,-24.8,-30.0,-32.3,-31.3,-26.4,-3.8,10.2,24.1,38.0,44.2,46.9,49.0,45.2,41.7,0.4,-3.8,-4.1,-0.0,3.0,3.6,-3.0,-8.3,-9.1,-6.6,-2.5,-1.5,63.4,61.0,59.9,60.9,58.1,57.1,56.3,67.9,74.1,76.3,76.2,72.8,64.3,65.8,66.0,63.7,58.3,64.8,66.8,66.6,1397.8,1401.3,1405.2,1408.1,1406.4,1400.4,1388.8,1375.1,1369.9,1374.0,1384.9,1391.9,1391.8,1386.3,1379.8,1374.7,1372.9,1364.7,1355.3,1346.8,1339.1,1331.9,1325.3,1329.0,1332.3,1335.3,1339.8,1334.2,1330.5,1326.3,1323.0,1342.4,1338.5,1336.0,1336.5,1338.0,1357.9,1352.4,1349.7,1349.4,1350.0,1352.8,1342.3,1340.4,1339.9,1342.4,1340.3,1340.6,1368.1,1352.7,1344.3,1342.0,1340.5,1346.7,1358.1,1346.7,1339.1,1339.3,1342.3,1352.2,1365.6,1347.2,1344.7,1343.5,1355.4,1340.0,1340.3,1343.4,2.214,0.265,0.12,-0.114,644.057,434.572,-23.446,-5.522,-6.934,-10.945,1.489,12.885,-20.301,2.825,-8.96,-1.868,-12.382,-1.328,1.839,-2.958,4.465,-0.933,-0.25,-4.229,-0.523,-5.324,2.313,-1.923,-3.113,-0.6809999999999999,-0.711,3.301,-1.166,-0.8540000000000001,1.398,0.3379999999999999,0.7929999999999999,-1.114,0.3939999999999999,0.01,0.69,1.12,0.11,0.01,0.88,1.11,0.03,1.01,2.3,1.74,0.0,0.27,0.35,0.52,0.91,0.56,0.65,1.0,1.0,0.0,0.0,1.0,1.0,0.0,1.0,1.0,1.0,0.0,0.0,0.0,1.0,0.0,0.0,0.0,0.0,
17.0,0.534,0.98,0.047554,0.274895,-0.960297,-0.071458,0.245802,-0.966682,-0.012,0.264,550.1,553.4,563.3,574.1,579.3,576.9,566.1,555.3,537.3,541.9,550.2,560.6,571.9,582.0,589.5,583.4,573.8,563.1,552.5,543.4,561.1,565.4,569.4,570.7,568.6,564.3,560.3,559.0,690.0,692.8,703.2,715.1,721.6,718.8,708.4,695.8,680.1,686.1,695.3,706.4,717.5,726.8,734.1,728.3,719.5,709.1,697.6,687.2,701.9,706.9,711.2,712.4,709.6,704.7,700.3,699.2,357.0,346.6,341.8,345.2,355.0,365.9,370.3,366.8,358.4,354.6,352.3,350.7,351.4,354.4,359.0,363.7,366.7,368.4,367.8,364.3,359.8,361.2,359.2,355.1,351.2,349.8,351.7,355.9,346.4,335.3,329.3,331.9,341.5,352.6,358.6,357.2,351.4,345.5,340.9,338.8,339.6,342.1,346.6,351.1,353.5,354.7,355.0,354.9,349.9,351.0,348.5,343.9,339.8,338.8,341.3,345.9,-36.2,-34.8,-30.8,-26.5,-24.4,-25.4,-29.8,-34.1,-41.5,-39.6,-36.1,-31.9,-27.3,-23.3,-20.3,-22.8,-26.7,-30.9,-35.3,-39.0,-31.8,-30.0,-28.4,-27.9,-28.7,-30.4,-32.1,-32.6,19.7,20.8,24.9,29.6,32.1,31.0,26.8,21.9,15.8,18.2,21.7,26.1,30.5,34.2,37.1,34.8,31.2,27.1,22.6,18.6,24.4,26.3,28.0,28.5,27.5,25.5,23.8,23.3,-1.2,-5.4,-7.3,-5.9,-2.0,2.4,4.1,2.7,-0.6,-2.2,-3.1,-3.7,-3.5,-2.3,-0.4,1.5,2.7,3.4,3.1,1.7,-0.1,0.5,-0.3,-2.0,-3.5,-4.1,-3.3,-1.7,-5.3,-9.7,-12.1,-11.1,-7.3,-2.9,-0.5,-1.1,-3.4,-5.7,-7.5,-8.3,-8.0,-7.1,-5.3,-3.5,-2.6,-2.1,-2.0,-2.0,-4.0,-3.5,-4.5,-6.4,-7.9,-8.4,-7.4,-5.5,1207.1,1205.8,1204.9,1204.9,1205.9,1207.5,1208.2,1208.1,1213.2,1209.9,1206.6,1204.7,1205.0,1206.5,1208.8,1208.2,1207.4,1207.5,1209.0,1211.3,1207.9,1207.9,1207.6,1207.0,1206.7,1206.6,1207.0,1207.5,1180.3,1182.2,1183.2,1182.8,1181.1,1179.2,1178.2,1178.7,1181.9,1180.9,1180.1,1179.7,1180.4,1182.0,1183.7,1181.1,1178.6,1177.2,1177.7,1179.7,1180.6,1180.4,1180.9,1181.7,1182.4,1182.5,1182.1,1181.3,1.3,33.6,1344.5,0.242,0.114,-0.1119999999999999,487.8,493.5,502.0,513.5,531.3,557.0,585.4,618.3,657.3,696.9,733.4,764.7,787.7,799.1,801.9,802.9,802.5,497.6,512.6,534.5,558.7,583.0,665.4,694.5,720.8,746.5,767.2,630.2,631.6,633.0,634.6,605.0,622.4,640.4,658.2,674.8,535.0,551.1,572.3,591.1,572.3,551.7,677.3,695.0,716.6,735.5,719.3,698.5,579.3,603.5,627.3,645.8,666.1,693.7,721.5,697.1,671.1,649.1,629.6,604.6,588.7,628.8,647.5,668.4,711.8,667.8,646.7,627.9,358.1,400.5,441.7,481.4,517.2,549.5,577.0,600.2,605.0,594.5,567.6,535.1,498.4,457.0,413.5,369.6,324.8,321.4,306.5,301.2,303.5,310.0,303.3,291.5,286.5,289.1,300.9,351.2,382.5,413.9,445.6,457.9,464.5,469.4,460.9,452.7,360.4,351.2,350.5,359.6,366.2,367.4,352.8,340.9,339.1,344.9,353.9,356.2,498.9,494.4,492.5,495.2,489.2,486.4,484.5,512.9,528.5,533.3,532.7,523.0,501.1,505.5,506.3,501.5,489.1,507.3,511.8,510.9,-70.6,-68.2,-64.4,-59.2,-50.8,-38.7,-25.2,-9.9,7.9,26.0,43.0,57.7,68.3,73.3,74.2,74.4,74.1,-64.5,-57.3,-47.2,-36.2,-25.2,11.2,24.1,35.7,47.2,56.6,-4.4,-3.7,-3.1,-2.4,-15.6,-7.8,0.2,8.1,15.5,-47.4,-39.9,-30.4,-21.9,-30.4,-39.7,16.6,24.5,34.1,42.6,35.3,26.0,-27.6,-16.4,-5.7,2.6,11.6,24.0,36.8,25.6,13.9,4.0,-4.7,-15.9,-23.3,-5.0,3.4,12.7,32.4,12.4,3.0,-5.4,-0.9,18.9,38.1,56.8,73.5,88.2,100.2,109.9,111.6,107.1,95.5,81.0,64.0,44.7,24.5,4.4,-16.0,-17.5,-24.1,-26.3,-25.1,-22.1,-25.0,-30.2,-32.5,-31.4,-26.3,-3.9,9.9,23.8,37.6,43.7,46.5,48.6,44.8,41.2,0.2,-3.9,-4.3,-0.2,2.8,3.3,-3.2,-8.5,-9.3,-6.7,-2.7,-1.7,63.2,60.4,59.2,60.3,57.5,56.5,56.2,68.5,75.0,77.2,77.1,73.3,64.0,65.1,65.3,63.1,58.2,65.6,67.7,67.4,1392.3,1396.0,1400.1,1403.3,1401.9,1396.3,1385.4,1372.1,1366.7,1370.5,1380.8,1387.5,1387.1,1381.5,1374.8,1369.9,1368.2,1359.7,1350.5,1342.1,1334.6,1327.6,1320.9,1324.5,1327.7,1330.8,1335.3,1329.6,1326.0,1322.0,1318.7,1337.9,1334.0,1331.4,1332.0,1333.4,1353.2,1347.7,1345.0,1344.6,1345.4,1348.1,1337.5,1335.6,1335.1,1337.5,1335.5,1335.8,1364.0,1348.3,1339.6,1337.3,1335.8,1342.1,1353.8,1343.0,1335.7,1336.0,1339.0,1348.6,1361.6,1342.7,1340.1,1338.9,1351.3,1336.4,1336.8,1340.0,2.222,0.271,0.12,-0.113,643.206,434.589,-26.305,-5.872999999999999,-4.526,-9.236,0.95,10.7,-19.136,2.687,-8.697000000000001,-2.695,-12.294,-0.8079999999999999,2.396,-2.767,4.553,-0.813,-0.319,-4.178999999999999,-0.477,-4.9910000000000005,2.275,-1.551,-2.682,-0.899,-0.285,3.188,-1.107,-0.7759999999999999,1.25,0.386,0.7190000000000001,-1.162,0.478,0.055,0.71,1.1,0.06,0.02,0.93,1.02,0.03,1.17,2.33,1.62,0.0,0.12,0.21,0.46,1.3,0.71,0.61,1.0,1.0,0.0,0.0,1.0,1.0,0.0,1.0,1.0,1.0,0.0,0.0,0.0,1.0,0.0,0.0,0.0,0.0,
18.0,0.5670000000000001,0.98,0.051417,0.271503,-0.961063,-0.068437,0.246658,-0.966683,-0.009,0.263,549.3,552.7,562.6,573.3,578.5,575.9,565.1,554.4,536.2,541.0,549.4,559.8,571.1,581.1,588.5,582.4,572.6,561.9,551.3,542.2,560.3,564.5,568.5,569.8,567.8,563.5,559.6,558.2,689.1,691.8,702.2,714.2,720.8,718.1,707.7,695.0,678.7,685.0,694.4,705.5,716.5,725.7,733.0,727.4,718.6,708.2,696.7,686.0,701.0,706.0,710.4,711.5,708.8,703.7,699.4,698.3,356.6,346.1,341.2,344.8,354.7,365.6,370.0,366.5,358.2,354.2,351.8,350.3,351.1,354.1,358.7,363.5,366.5,368.2,367.5,364.1,359.5,360.9,359.0,354.8,350.9,349.5,351.4,355.6,345.9,334.8,328.8,331.4,341.2,352.3,358.3,356.7,350.6,344.8,340.4,338.4,339.1,341.6,346.1,350.7,353.2,354.4,354.6,354.4,349.5,350.6,348.1,343.4,339.4,338.3,340.8,345.5,-36.6,-35.2,-31.1,-26.8,-24.8,-25.8,-30.2,-34.5,-42.0,-40.0,-36.5,-32.3,-27.7,-23.7,-20.8,-23.3,-27.2,-31.5,-35.8,-39.5,-32.2,-30.4,-28.8,-28.3,-29.1,-30.8,-32.4,-33.0,19.2,20.3,24.5,29.2,31.7,30.6,26.5,21.5,15.2,17.7,21.3,25.6,30.0,33.6,36.6,34.3,30.7,26.7,22.2,18.0,23.9,25.9,27.6,28.1,27.0,25.0,23.3,22.9,-1.4,-5.6,-7.5,-6.1,-2.1,2.3,4.0,2.6,-0.7,-2.3,-3.3,-3.9,-3.6,-2.4,-0.5,1.4,2.6,3.3,3.0,1.7,-0.2,0.4,-0.4,-2.1,-3.7,-4.2,-3.5,-1.8,-5.5,-9.9,-12.3,-11.2,-7.4,-3.0,-0.7,-1.3,-3.7,-5.9,-7.7,-8.5,-8.2,-7.2,-5.5,-3.6,-2.7,-2.2,-2.1,-2.2,-4.1,-3.7,-4.7,-6.5,-8.1,-8.5,-7.5,-5.7,1209.3,1208.1,1207.3,1207.4,1208.2,1209.6,1210.1,1210.1,1215.4,1212.1,1208.8,1207.0,1207.3,1208.8,1211.0,1210.3,1209.4,1209.5,1211.0,1213.4,1210.0,1210.1,1209.7,1209.3,1209.0,1209.0,1209.3,1209.7,1175.5,1177.4,1178.5,1178.3,1176.7,1174.8,1173.6,1174.0,1177.1,1176.1,1175.4,1175.1,1175.9,1177.6,1179.4,1176.7,1174.2,1172.6,1173.1,1175.0,1175.9,1175.8,1176.3,1177.1,1177.8,1177.9,1177.4,1176.6,0.8,33.6,1341.1,0.249,0.123,-0.1119999999999999,486.8,492.9,501.7,513.1,530.8,556.2,584.7,617.9,657.1,696.9,733.1,764.1,786.6,797.8,800.7,802.0,801.9,496.6,511.6,533.4,557.7,581.8,664.2,693.4,719.7,745.6,766.5,629.1,630.5,631.9,633.4,603.6,620.9,639.0,656.8,673.3,534.0,550.1,571.3,589.9,571.2,550.6,676.3,693.9,715.6,734.5,718.3,697.5,578.8,602.0,625.8,643.8,663.6,691.4,719.3,695.2,668.9,647.4,628.2,603.1,588.1,627.1,645.3,665.6,709.8,666.0,645.4,627.0,357.7,400.4,441.6,481.5,517.5,550.2,578.4,602.4,607.6,596.8,569.7,536.7,499.4,457.6,413.8,369.4,324.1,321.7,306.1,300.7,303.1,309.7,302.9,291.1,286.1,288.6,300.4,350.9,382.2,413.5,445.1,456.5,463.3,468.5,459.9,451.7,360.2,350.8,350.0,359.4,365.9,367.0,352.6,340.4,338.5,344.5,353.5,355.8,498.3,492.6,490.7,493.4,487.6,485.2,484.7,515.6,531.7,536.3,535.6,524.9,500.3,502.9,503.7,499.2,489.2,511.4,515.8,514.7,-70.9,-68.3,-64.4,-59.2,-50.9,-38.9,-25.5,-10.1,7.8,25.9,42.7,57.2,67.5,72.3,73.3,73.7,73.6,-64.8,-57.7,-47.6,-36.5,-25.7,10.6,23.5,35.2,46.7,56.1,-4.8,-4.2,-3.6,-2.9,-16.2,-8.5,-0.5,7.5,14.7,-47.7,-40.3,-30.7,-22.4,-30.8,-40.1,16.1,23.9,33.5,42.0,34.8,25.5,-27.8,-17.0,-6.3,1.7,10.5,23.0,35.7,24.7,12.8,3.3,-5.2,-16.5,-23.5,-5.8,2.3,11.4,31.4,11.6,2.4,-5.8,-1.1,18.8,38.0,56.6,73.4,88.3,100.7,110.7,112.6,107.9,96.2,81.4,64.2,44.8,24.6,4.3,-16.3,-17.3,-24.2,-26.4,-25.3,-22.2,-25.1,-30.3,-32.6,-31.6,-26.4,-4.0,9.8,23.5,37.3,42.9,45.8,48.0,44.2,40.6,0.1,-4.1,-4.4,-0.3,2.6,3.1,-3.3,-8.7,-9.5,-6.9,-2.9,-1.8,62.8,59.5,58.2,59.3,56.7,55.9,56.2,69.5,76.3,78.4,78.3,74.0,63.6,63.8,64.0,62.0,58.1,67.3,69.3,69.0,1389.1,1392.5,1396.0,1398.8,1397.9,1393.2,1383.3,1369.9,1364.0,1367.0,1376.5,1382.3,1381.5,1375.6,1369.2,1364.8,1363.4,1355.8,1346.8,1338.2,1330.5,1323.4,1316.6,1320.3,1323.2,1326.4,1331.1,1325.3,1321.9,1318.2,1315.1,1334.1,1330.2,1327.5,1327.8,1329.1,1349.4,1344.1,1341.4,1340.6,1341.7,1344.4,1333.2,1331.4,1330.9,1333.2,1331.2,1331.5,1361.4,1345.4,1336.3,1333.9,1332.3,1338.7,1350.4,1340.2,1333.3,1333.8,1336.8,1346.4,1359.1,1339.0,1336.3,1335.0,1348.2,1334.3,1334.9,1338.1,2.228,0.278,0.13,-0.114,642.03,434.699,-31.149,-5.324,-0.711,-8.103,2.0580000000000003,7.754,-17.546,1.327,-7.657,-2.985,-12.273,-0.402,1.561,-2.886,5.277,-1.065,1.144,-3.112,-1.895,-3.297,1.602,-0.473,-2.353,-1.54,-0.578,3.638,-0.574,-0.742,1.486,0.49,0.792,-1.111,0.479,0.002,0.74,1.13,0.08,0.02,0.94,1.02,0.07,1.43,2.39,1.59,0.0,0.06,0.08,0.34,1.81,0.98,0.61,1.0,1.0,0.0,0.0,1.0,1.0,0.0,1.0,1.0,1.0,0.0,0.0,0.0,1.0,1.0,1.0,0.0,0.0,
19.0,0.601,0.98,0.039668,0.269934,-0.962061,-0.065539,0.249882,-0.966056,-0.013,0.263,548.4,551.7,561.5,572.1,577.3,574.9,564.2,553.6,535.3,540.2,548.7,559.5,570.9,580.6,587.6,581.5,571.7,561.0,550.5,541.3,559.3,563.5,567.4,568.7,566.7,562.4,558.5,557.2,688.4,691.2,701.6,713.5,719.8,717.0,706.6,694.1,678.0,684.3,693.5,704.5,715.4,724.8,732.2,726.4,717.4,707.0,695.6,685.1,700.2,705.1,709.5,710.6,708.0,703.0,698.7,697.6,356.6,346.2,341.2,344.6,354.3,365.2,369.7,366.4,358.5,354.3,351.9,350.2,351.0,353.9,358.3,363.3,366.3,368.0,367.4,364.2,359.4,360.7,358.7,354.6,350.7,349.4,351.4,355.5,345.6,334.5,328.6,331.2,341.0,352.0,358.0,356.4,350.3,344.6,340.2,338.2,338.9,341.2,345.6,350.4,353.0,354.3,354.5,354.2,349.2,350.3,347.8,343.2,339.2,338.1,340.5,345.1,-37.1,-35.7,-31.7,-27.4,-25.4,-26.4,-30.7,-35.0,-42.6,-40.5,-36.9,-32.5,-27.9,-24.1,-21.3,-23.7,-27.6,-32.0,-36.3,-40.1,-32.7,-31.0,-29.4,-28.9,-29.7,-31.4,-33.0,-33.5,19.1,20.2,24.4,29.0,31.5,30.3,26.2,21.3,15.0,17.5,21.1,25.4,29.7,33.5,36.5,34.1,30.5,26.4,21.9,17.8,23.8,25.7,27.4,27.9,26.9,24.9,23.2,22.7,-1.4,-5.6,-7.6,-6.2,-2.3,2.1,3.9,2.6,-0.6,-2.3,-3.3,-3.9,-3.7,-2.5,-0.7,1.3,2.6,3.2,3.0,1.7,-0.3,0.3,-0.5,-2.2,-3.8,-4.3,-3.5,-1.8,-5.7,-10.1,-12.4,-11.4,-7.5,-3.1,-0.8,-1.4,-3.9,-6.1,-7.8,-8.6,-8.3,-7.4,-5.7,-3.8,-2.8,-2.2,-2.2,-2.3,-4.3,-3.8,-4.8,-6.6,-8.2,-8.7,-7.7,-5.9,1214.6,1213.6,1212.8,1212.9,1213.7,1215.1,1215.5,1215.4,1220.6,1217.3,1214.1,1212.4,1212.8,1214.4,1216.6,1215.9,1214.9,1215.0,1216.3,1218.6,1215.4,1215.5,1215.2,1214.8,1214.4,1214.4,1214.7,1215.1,1183.3,1185.1,1186.1,1185.7,1184.1,1182.3,1181.3,1181.8,1185.1,1183.9,1183.0,1182.7,1183.4,1185.1,1186.8,1184.1,1181.7,1180.2,1180.8,1182.8,1183.6,1183.5,1183.9,1184.7,1185.3,1185.5,1185.1,1184.3,0.4,33.7,1337.9,0.254,0.127,-0.113,486.0,492.3,501.2,512.9,530.7,556.0,583.9,617.0,656.2,696.1,732.4,763.3,785.6,796.7,799.6,800.9,800.8,495.9,510.6,532.3,556.5,580.4,663.6,692.9,719.3,745.1,765.8,628.0,629.4,630.7,632.3,602.3,619.7,637.9,656.0,672.6,533.2,549.4,570.6,589.2,570.4,549.9,675.4,693.0,714.6,733.4,717.4,696.5,577.9,600.1,624.0,642.7,663.4,691.7,719.2,696.0,669.4,646.9,627.0,601.7,587.3,625.4,644.2,665.4,709.7,666.4,644.9,625.7,357.4,400.2,441.5,481.5,518.1,551.5,580.9,606.1,611.8,600.8,572.9,538.6,500.4,458.1,413.8,368.9,323.1,321.7,305.8,300.4,302.6,309.0,302.2,290.3,285.4,288.3,300.6,350.7,381.9,413.1,444.6,455.9,462.9,468.2,459.5,451.2,360.3,350.8,349.9,359.2,365.7,366.8,352.2,340.2,338.3,344.3,353.2,355.5,498.8,491.9,489.6,492.4,486.5,484.2,485.1,517.3,534.4,539.2,538.4,526.8,500.6,502.2,503.1,498.5,489.4,513.7,518.3,517.1,-71.1,-68.3,-64.4,-59.1,-50.8,-38.9,-25.8,-10.5,7.3,25.5,42.3,56.7,66.8,71.6,72.5,72.9,72.8,-64.9,-57.9,-47.9,-36.9,-26.2,10.3,23.2,34.9,46.3,55.6,-5.3,-4.7,-4.1,-3.4,-16.7,-9.0,-0.9,7.0,14.4,-47.9,-40.5,-30.9,-22.6,-31.0,-40.3,15.7,23.5,33.0,41.4,34.2,25.0,-28.1,-17.8,-7.1,1.2,10.4,23.0,35.6,24.9,13.0,3.1,-5.8,-17.2,-23.8,-6.5,1.9,11.3,31.2,11.7,2.2,-6.4,-1.2,18.6,37.8,56.5,73.4,88.7,101.6,112.2,114.3,109.5,97.4,82.1,64.4,44.8,24.5,4.0,-16.7,-17.3,-24.3,-26.5,-25.4,-22.4,-25.3,-30.6,-32.8,-31.6,-26.3,-4.1,9.6,23.3,37.0,42.6,45.5,47.8,43.9,40.3,0.2,-4.1,-4.5,-0.4,2.5,3.0,-3.5,-8.7,-9.6,-6.9,-3.0,-2.0,62.9,59.0,57.6,58.7,56.0,55.3,56.1,70.1,77.3,79.5,79.4,74.7,63.6,63.3,63.6,61.5,58.0,68.2,70.3,69.9,1384.4,1388.0,1391.6,1394.5,1393.8,1389.6,1380.6,1367.7,1361.7,1364.3,1373.0,1378.2,1376.7,1370.5,1363.8,1359.4,1357.9,1351.9,1342.9,1334.4,1327.1,1320.3,1313.2,1316.6,1319.3,1322.5,1327.0,1322.0,1318.8,1315.3,1312.6,1331.2,1327.2,1324.5,1324.7,1326.0,1345.7,1340.5,1337.9,1337.1,1338.2,1340.9,1329.5,1327.5,1326.9,1329.1,1327.2,1327.6,1358.4,1342.0,1332.9,1330.3,1328.5,1334.9,1346.7,1337.2,1330.6,1331.3,1334.5,1343.8,1356.2,1335.7,1332.8,1331.4,1344.7,1331.6,1332.3,1335.7,2.234,0.282,0.135,-0.114,641.25,435.057,-37.039,-5.736000000000001,1.325,-7.162000000000001,0.425,5.604,-17.495,0.599,-7.451,-4.474,-12.982,-0.623,1.182,-1.911,6.108,-1.367,0.961,-3.252,-1.26,-3.825,1.348,-0.172,-2.261,-1.934,-0.15,3.678,-0.285,-0.79,1.515,0.49,0.664,-0.952,0.513,-0.1169999999999999,0.77,1.18,0.07,0.05,0.99,1.03,0.17,1.69,2.44,1.52,0.0,0.0,0.0,0.18,2.32,1.26,0.64,1.0,1.0,0.0,0.0,1.0,1.0,0.0,1.0,1.0,1.0,0.0,0.0,0.0,1.0,1.0,1.0,0.0,0.0,
20.0,0.634,0.98,0.045845,0.272604,-0.961033,-0.070832,0.250629,-0.965489,-0.013,0.265,547.5,550.9,560.7,571.2,576.3,573.8,563.2,552.6,533.9,538.9,547.6,558.8,570.5,579.7,586.1,580.1,570.6,559.9,549.4,540.2,558.3,562.4,566.3,567.7,565.6,561.5,557.6,556.3,687.3,690.1,700.3,712.0,718.3,715.5,705.3,693.0,676.7,683.0,692.2,703.3,714.6,723.9,731.1,725.3,716.4,706.0,694.4,683.9,698.9,703.8,708.2,709.3,706.7,701.7,697.4,696.2,356.9,346.8,341.9,345.2,354.7,365.3,369.7,366.4,359.1,354.9,352.6,350.8,351.3,354.1,358.8,363.4,366.5,368.3,367.6,364.5,359.5,360.8,358.8,354.8,351.0,349.7,351.7,355.7,345.5,334.4,328.4,331.1,340.9,352.1,358.1,356.4,349.9,344.7,340.5,338.5,339.3,341.6,345.9,350.5,353.0,354.2,354.3,353.9,349.1,350.3,347.8,343.0,338.9,337.7,340.3,345.0,-37.5,-36.1,-32.1,-27.9,-25.8,-26.9,-31.2,-35.5,-43.2,-41.1,-37.5,-32.9,-28.2,-24.5,-21.9,-24.3,-28.2,-32.5,-36.8,-40.6,-33.2,-31.5,-29.9,-29.4,-30.2,-31.9,-33.4,-34.0,18.7,19.8,23.9,28.5,31.0,29.9,25.8,20.9,14.6,17.0,20.6,25.0,29.5,33.2,36.2,33.8,30.2,26.0,21.5,17.3,23.3,25.3,27.0,27.4,26.4,24.5,22.7,22.3,-1.3,-5.4,-7.3,-6.0,-2.1,2.2,4.0,2.6,-0.4,-2.1,-3.0,-3.7,-3.5,-2.4,-0.5,1.4,2.6,3.4,3.1,1.8,-0.2,0.3,-0.5,-2.1,-3.6,-4.2,-3.4,-1.7,-5.7,-10.1,-12.5,-11.4,-7.5,-3.1,-0.8,-1.4,-4.0,-6.1,-7.7,-8.5,-8.2,-7.3,-5.6,-3.8,-2.8,-2.3,-2.3,-2.4,-4.3,-3.8,-4.8,-6.7,-8.4,-8.8,-7.8,-5.9,1217.2,1215.9,1215.2,1215.6,1216.8,1218.5,1218.8,1218.5,1222.9,1219.6,1216.4,1214.8,1215.5,1217.5,1220.0,1219.2,1218.1,1218.1,1219.2,1221.2,1218.4,1218.5,1218.3,1217.7,1217.2,1217.1,1217.3,1217.9,1186.5,1188.1,1189.0,1188.7,1187.4,1185.8,1184.9,1185.3,1188.5,1187.2,1186.2,1185.9,1186.8,1188.5,1190.5,1187.8,1185.4,1183.9,1184.4,1186.3,1187.0,1186.9,1187.3,1187.9,1188.5,1188.6,1188.2,1187.5,0.1,34.0,1330.9,0.254,0.128,-0.115,484.7,491.2,500.5,512.6,530.9,556.2,583.9,617.1,656.5,696.4,732.4,763.0,784.9,795.8,798.5,799.7,799.5,495.0,509.6,531.3,555.5,579.1,662.5,691.9,718.3,744.1,764.6,626.8,628.3,629.8,631.4,601.1,618.6,637.1,655.2,672.0,532.1,548.3,569.5,588.1,569.3,548.8,674.4,692.0,713.6,732.2,716.2,695.4,578.5,599.4,623.2,641.9,662.5,690.9,718.0,695.9,669.6,647.1,627.2,601.6,588.0,624.7,643.4,664.5,708.4,666.4,644.9,625.6,357.8,400.6,442.0,482.3,519.5,554.0,584.8,611.4,617.5,606.2,577.5,541.9,502.6,459.5,414.4,368.7,322.4,321.8,305.6,300.4,302.6,309.1,302.3,290.2,285.3,288.1,300.7,351.0,382.2,413.3,444.8,455.8,463.0,468.4,459.4,450.9,360.8,351.3,350.4,359.3,365.9,367.1,352.0,340.6,338.8,344.4,353.2,355.5,500.5,491.9,489.0,491.8,485.8,483.9,486.5,520.2,538.0,542.9,542.1,530.0,502.0,502.0,502.8,498.3,490.6,516.6,521.4,520.1,-71.2,-68.5,-64.3,-58.9,-50.4,-38.6,-25.7,-10.4,7.4,25.5,42.1,56.2,66.1,70.7,71.6,71.9,71.7,-65.0,-58.0,-48.1,-37.2,-26.7,9.8,22.7,34.2,45.6,54.8,-5.8,-5.1,-4.5,-3.7,-17.2,-9.4,-1.3,6.7,14.1,-48.1,-40.7,-31.3,-23.0,-31.4,-40.5,15.1,22.9,32.4,40.6,33.5,24.4,-27.7,-18.1,-7.4,0.8,9.9,22.5,34.8,24.8,13.1,3.1,-5.7,-17.1,-23.4,-6.8,1.5,10.8,30.5,11.7,2.2,-6.4,-1.0,18.7,37.8,56.5,73.7,89.4,103.0,114.1,116.4,111.5,99.1,83.1,65.1,45.2,24.6,3.9,-16.9,-17.1,-24.2,-26.4,-25.3,-22.3,-25.1,-30.5,-32.7,-31.5,-26.1,-4.0,9.7,23.3,36.9,42.3,45.3,47.6,43.7,39.9,0.4,-3.9,-4.2,-0.3,2.6,3.1,-3.5,-8.5,-9.3,-6.9,-3.0,-2.0,63.3,58.6,57.0,58.1,55.4,54.8,56.5,71.0,78.5,80.8,80.6,75.7,63.8,62.9,63.1,61.0,58.2,69.2,71.3,70.9,1376.1,1380.0,1383.8,1386.8,1386.4,1382.6,1374.6,1362.3,1356.3,1358.5,1366.4,1371.0,1369.1,1362.4,1355.5,1350.8,1349.0,1343.8,1335.1,1326.8,1319.9,1313.8,1306.3,1309.7,1312.2,1315.4,1319.9,1315.1,1311.9,1308.6,1305.9,1324.0,1320.0,1317.5,1317.7,1319.0,1338.4,1333.3,1330.8,1329.8,1331.1,1333.8,1322.3,1320.4,1319.8,1321.9,1320.1,1320.4,1350.9,1334.2,1325.1,1322.4,1320.7,1327.1,1339.2,1330.3,1324.0,1324.8,1328.0,1336.7,1348.7,1328.1,1325.1,1323.6,1337.3,1324.9,1325.7,1329.0,2.246,0.285,0.136,-0.1159999999999999,640.555,436.08,-40.866,-5.3020000000000005,2.875,-4.544,-2.376,2.61,-15.983,0.565,-7.412000000000001,-7.466,-13.103,-0.5429999999999999,0.497,-1.914,7.374,-2.276,0.679,-3.619,-0.779,-3.681,0.762,0.236,-1.7619999999999998,-2.435,-0.143,3.958,-0.188,-1.003,1.491,0.427,0.595,-0.89,0.488,-0.18,0.9,1.33,0.14,0.03,1.1,1.35,0.45,1.89,2.5,1.61,0.0,0.0,0.01,0.08,2.81,1.72,0.81,1.0,1.0,0.0,0.0,1.0,1.0,0.0,1.0,1.0,1.0,0.0,0.0,0.0,1.0,1.0,1.0,0.0,0.0,
21.0,0.667,0.98,-0.013083,0.316906,-0.948367,-0.130973,0.314034,-0.940334,-0.076,0.322,543.4,546.7,556.7,567.5,572.7,570.2,559.4,548.6,530.3,535.9,545.0,556.8,568.7,577.8,584.3,577.7,568.4,557.6,547.0,537.5,554.2,558.6,562.7,564.1,562.0,557.6,553.5,552.1,684.9,688.0,697.4,707.8,712.9,709.8,700.3,689.4,676.1,681.6,689.8,700.6,711.7,721.0,727.8,722.1,713.4,703.4,692.6,682.7,695.4,699.6,703.4,704.7,702.6,698.4,694.5,693.3,358.4,348.8,344.2,347.4,356.5,366.4,370.7,367.5,359.1,356.3,354.8,353.3,353.1,355.0,358.9,363.0,366.3,368.1,367.3,364.1,360.6,362.0,360.1,356.1,352.4,351.1,353.0,356.9,346.4,336.0,330.8,333.9,343.4,353.8,359.0,356.8,350.5,345.9,342.0,339.6,340.2,342.4,346.5,350.8,353.2,354.3,354.5,354.1,349.7,351.0,348.9,344.6,340.7,339.5,341.6,345.9,-38.8,-37.4,-33.4,-29.1,-27.0,-28.1,-32.5,-36.8,-44.2,-41.9,-38.1,-33.3,-28.6,-25.0,-22.4,-25.0,-28.8,-33.1,-37.4,-41.3,-34.5,-32.7,-31.1,-30.5,-31.3,-33.1,-34.7,-35.3,19.0,20.3,24.3,28.7,30.9,29.6,25.5,20.9,15.3,17.6,21.1,25.6,30.4,34.3,37.3,34.8,31.1,26.8,22.2,18.1,23.5,25.2,26.9,27.4,26.5,24.7,23.1,22.6,-0.6,-4.5,-6.3,-5.1,-1.4,2.6,4.3,3.0,-0.3,-1.5,-2.1,-2.7,-2.8,-2.0,-0.4,1.2,2.5,3.3,2.9,1.7,0.3,0.8,0.0,-1.6,-3.0,-3.6,-2.8,-1.2,-5.7,-10.2,-12.4,-11.1,-7.0,-2.6,-0.4,-1.3,-4.0,-6.0,-7.6,-8.6,-8.4,-7.5,-5.7,-3.9,-2.9,-2.4,-2.3,-2.5,-4.4,-3.8,-4.7,-6.5,-8.2,-8.7,-7.8,-6.0,1205.2,1203.0,1201.9,1202.5,1204.5,1207.1,1207.8,1207.2,1210.0,1206.3,1203.2,1201.5,1202.4,1204.6,1207.6,1206.7,1205.6,1205.5,1206.5,1208.3,1206.5,1206.8,1206.3,1205.4,1204.6,1204.3,1204.8,1205.7,1270.8,1271.4,1271.5,1271.1,1270.5,1270.0,1269.9,1270.5,1273.2,1271.4,1269.8,1269.2,1270.3,1272.5,1275.2,1272.5,1270.3,1269.1,1269.5,1271.3,1271.3,1271.1,1271.2,1271.4,1271.7,1271.8,1271.8,1271.6,-0.4,34.4,1320.6,0.266,0.14,-0.12,483.1,489.7,499.6,512.7,531.8,557.9,585.6,619.0,657.9,697.0,731.9,761.9,784.0,795.1,797.7,798.5,797.8,493.6,508.5,530.1,554.2,577.2,660.1,689.9,716.3,742.3,762.9,624.5,626.3,628.1,630.2,599.4,616.9,635.4,653.7,670.6,530.0,546.2,567.0,585.4,566.7,546.7,672.2,690.0,711.2,729.5,713.6,693.1,578.8,598.0,621.8,640.0,659.9,688.9,715.9,694.9,668.7,646.8,627.1,601.2,588.6,623.6,641.8,662.1,706.3,665.2,644.3,625.3,357.2,400.4,442.6,483.5,521.9,557.9,590.3,618.2,625.0,613.2,583.7,546.6,506.3,462.1,415.8,368.6,321.4,322.0,305.4,300.2,302.3,308.8,302.1,289.7,284.7,287.6,300.4,351.2,382.3,413.3,444.8,455.3,462.7,468.2,458.8,450.0,361.8,353.0,352.0,359.6,366.2,367.4,352.0,341.8,340.1,344.7,353.1,355.4,502.2,491.7,488.0,490.8,485.0,483.8,488.3,525.6,544.4,549.2,548.4,535.1,503.7,501.5,502.2,498.1,492.4,521.6,526.3,525.1,-71.3,-68.5,-64.3,-58.4,-49.6,-37.6,-24.8,-9.5,8.0,25.6,41.5,55.3,65.1,69.8,70.6,70.6,70.1,-65.0,-58.0,-48.2,-37.4,-27.3,8.7,21.6,33.1,44.5,53.6,-6.7,-5.9,-5.2,-4.2,-17.8,-10.1,-2.0,6.0,13.3,-48.7,-41.3,-32.1,-24.0,-32.3,-41.1,14.1,21.8,31.0,39.1,32.1,23.1,-27.3,-18.5,-8.0,0.0,8.7,21.4,33.6,24.2,12.6,3.0,-5.7,-17.2,-22.9,-7.2,0.8,9.7,29.3,11.0,1.9,-6.5,-1.3,18.4,37.8,56.7,74.3,90.6,104.8,116.6,119.1,113.9,101.1,84.6,66.2,45.9,24.9,3.8,-17.1,-16.9,-24.1,-26.2,-25.2,-22.3,-25.0,-30.4,-32.6,-31.5,-26.0,-3.8,9.7,23.1,36.6,41.7,44.8,47.1,43.1,39.2,0.8,-3.1,-3.5,-0.2,2.7,3.3,-3.5,-8.0,-8.7,-6.7,-3.0,-2.0,63.6,58.1,56.1,57.2,54.5,54.3,56.8,72.9,80.8,83.0,82.8,77.5,64.1,62.2,62.3,60.4,58.6,70.9,73.0,72.6,1363.2,1368.1,1372.9,1376.5,1376.2,1372.7,1365.5,1354.0,1348.4,1350.1,1356.5,1359.8,1357.0,1349.4,1341.9,1336.6,1333.8,1331.8,1323.8,1315.7,1309.4,1303.6,1294.7,1298.0,1300.2,1303.5,1307.9,1304.1,1301.3,1298.5,1296.3,1313.5,1309.5,1306.9,1307.0,1308.2,1327.7,1322.9,1320.4,1318.8,1320.5,1323.2,1310.8,1309.0,1308.2,1309.7,1308.3,1308.7,1340.8,1323.6,1314.1,1311.3,1309.5,1315.8,1328.0,1320.5,1315.2,1316.3,1319.3,1327.6,1338.6,1317.5,1314.4,1312.8,1326.5,1315.7,1316.7,1320.0,2.264,0.298,0.149,-0.122,639.305,437.571,-49.02,-4.717,5.561,-1.256,-4.763999999999999,-1.477,-13.088,0.15,-7.447,-11.954,-12.952,-1.04,0.084,-2.576,8.376,-1.918,-0.531,-4.124,-1.12,-3.052,0.181,0.391,-0.187,-2.465,-1.289,4.273,0.5329999999999999,-0.6609999999999999,1.255,0.598,0.428,-1.039,0.427,-0.131,1.03,1.5,0.2,0.03,1.25,1.54,0.67,2.04,2.47,1.65,0.0,0.0,0.01,0.0,3.33,2.03,1.06,1.0,1.0,0.0,0.0,1.0,1.0,0.0,1.0,1.0,1.0,0.0,0.0,0.0,0.0,1.0,1.0,0.0,0.0,
22.0,0.701,0.98,-0.044725,0.3582869999999999,-0.93254,-0.218281,0.386074,-0.8962700000000001,-0.143,0.387,538.7,542.2,552.3,563.1,568.3,565.6,554.6,543.8,526.6,532.5,541.3,552.5,564.1,573.8,581.3,574.5,564.6,553.6,543.0,533.8,549.7,554.1,558.3,559.8,557.7,553.2,549.1,547.6,679.8,682.8,692.4,702.8,708.1,705.0,695.5,684.5,673.7,679.6,688.1,698.6,709.2,718.6,725.8,719.0,709.7,699.5,689.2,680.1,690.7,694.9,698.7,699.9,697.8,693.6,689.8,688.6,359.7,349.2,344.6,348.5,358.7,369.7,373.9,369.9,361.3,358.5,356.4,354.5,354.2,355.5,358.4,362.8,365.9,367.7,367.6,365.5,363.0,364.7,362.8,358.4,354.2,352.6,354.5,358.8,347.9,337.4,332.5,335.9,345.7,356.2,361.1,358.3,349.8,345.4,342.1,340.8,341.4,342.8,345.6,350.9,354.2,355.6,355.2,353.6,350.8,352.2,350.2,346.0,342.1,340.7,342.7,346.9,-41.3,-39.8,-35.6,-31.2,-29.2,-30.3,-34.8,-39.2,-46.4,-43.8,-40.1,-35.5,-30.8,-26.9,-23.9,-26.7,-30.7,-35.1,-39.5,-43.3,-36.8,-35.0,-33.3,-32.7,-33.5,-35.3,-37.0,-37.7,16.8,18.0,22.0,26.4,28.6,27.4,23.4,18.8,14.2,16.7,20.2,24.6,29.1,33.1,36.2,33.3,29.4,25.0,20.7,16.9,21.4,23.1,24.7,25.2,24.3,22.6,21.0,20.5,-0.1,-4.4,-6.3,-4.7,-0.5,4.0,5.7,4.1,0.5,-0.6,-1.4,-2.2,-2.3,-1.8,-0.7,1.2,2.4,3.1,3.1,2.2,1.2,1.9,1.1,-0.6,-2.3,-3.0,-2.2,-0.5,-5.1,-9.5,-11.6,-10.1,-6.0,-1.6,0.5,-0.7,-4.3,-6.2,-7.5,-8.1,-7.8,-7.2,-6.1,-3.9,-2.5,-1.9,-2.0,-2.7,-3.9,-3.3,-4.1,-5.9,-7.5,-8.1,-7.3,-5.5,1222.0,1220.4,1219.3,1219.4,1220.5,1222.5,1223.2,1223.2,1226.6,1223.1,1220.2,1218.4,1218.7,1220.5,1222.8,1221.5,1220.2,1220.3,1221.7,1224.0,1222.9,1222.9,1222.4,1221.8,1221.3,1221.3,1221.7,1222.4,1264.3,1263.1,1262.0,1261.6,1262.1,1263.2,1264.4,1265.2,1266.2,1263.5,1261.2,1260.3,1261.3,1263.8,1266.8,1264.9,1263.1,1262.3,1262.9,1264.7,1264.6,1264.5,1264.0,1263.5,1263.3,1263.5,1264.0,1264.4,-1.1,34.5,1302.5,0.278,0.138,-0.127,481.5,488.5,498.8,512.8,532.8,559.3,586.9,619.3,658.1,697.3,731.3,760.8,782.6,793.8,796.6,797.2,796.0,491.3,506.2,527.5,551.6,574.2,657.5,687.8,714.6,740.4,760.0,622.4,623.9,625.7,627.8,596.6,614.2,633.0,651.6,668.4,526.5,542.9,563.1,581.5,562.9,543.4,670.0,688.0,708.7,727.0,710.6,690.4,578.1,595.4,619.7,638.1,658.4,688.2,714.4,696.0,669.9,647.5,627.2,599.9,587.7,621.6,639.9,660.6,705.3,666.5,645.1,625.8,356.3,400.8,444.3,486.2,526.1,562.7,595.6,624.2,631.5,618.8,587.5,548.8,507.5,462.8,416.2,368.6,321.3,321.5,304.6,298.9,300.4,306.8,299.6,287.8,283.2,286.8,299.6,351.0,381.4,411.3,441.9,453.6,461.0,466.6,457.3,448.1,363.1,354.7,353.4,359.9,366.1,367.6,351.9,342.4,341.0,344.9,352.6,354.9,504.0,490.9,486.5,489.3,483.4,482.6,489.1,531.9,553.9,559.3,558.4,542.4,505.1,499.4,500.0,495.9,493.1,531.3,536.7,535.4,-71.0,-68.1,-63.7,-57.6,-48.6,-36.5,-23.9,-9.2,8.0,25.5,40.8,54.0,63.5,68.1,69.0,69.0,68.4,-65.0,-58.2,-48.6,-38.0,-28.2,7.5,20.4,31.9,43.0,51.6,-7.6,-6.9,-6.1,-5.2,-18.7,-11.1,-3.0,5.0,12.2,-49.5,-42.2,-33.4,-25.3,-33.5,-42.0,12.9,20.6,29.5,37.5,30.4,21.7,-27.3,-19.4,-8.8,-0.8,7.9,20.8,32.5,24.4,13.0,3.2,-5.6,-17.5,-23.0,-8.0,-0.1,8.9,28.5,11.5,2.2,-6.2,-1.6,18.3,38.0,57.2,75.2,91.6,105.9,117.9,120.6,115.1,101.5,84.4,65.7,45.6,24.8,3.8,-17.0,-16.8,-24.1,-26.4,-25.6,-22.8,-25.7,-30.8,-32.8,-31.4,-26.0,-3.9,9.1,21.9,34.9,40.4,43.4,45.7,41.7,37.8,1.4,-2.3,-2.8,-0.1,2.7,3.3,-3.5,-7.6,-8.2,-6.5,-3.2,-2.2,63.5,56.9,54.6,55.7,53.1,53.0,56.4,74.8,84.1,86.5,86.3,79.8,63.9,60.3,60.4,58.6,58.1,74.3,76.7,76.3,1343.4,1348.9,1354.4,1358.6,1358.3,1355.4,1349.1,1338.6,1333.0,1334.0,1338.9,1340.8,1336.8,1328.7,1321.4,1317.5,1315.7,1312.0,1304.4,1296.4,1289.7,1284.0,1276.1,1280.0,1282.7,1286.2,1291.1,1284.9,1281.7,1278.8,1276.2,1293.8,1289.7,1287.0,1286.9,1288.0,1308.2,1303.5,1301.1,1299.4,1301.3,1303.7,1291.9,1290.7,1290.0,1291.6,1289.8,1290.1,1322.6,1305.1,1295.0,1292.1,1290.6,1297.4,1310.4,1305.0,1300.7,1301.8,1304.5,1311.9,1320.8,1298.4,1295.3,1293.9,1309.6,1300.8,1301.8,1304.9,2.296,0.311,0.149,-0.129,637.776,438.854,-56.042,-0.526,14.684,5.034,-3.877,-9.218,-8.64,-0.236,-5.483,-11.536,-12.071,0.125,1.454,-3.524,8.12,-2.696,-1.706,-5.974,-3.699,-3.06,0.706,2.437,0.133,-2.677,-1.496,4.267,2.002,-0.526,1.064,0.206,0.1889999999999999,-0.7909999999999999,0.307,0.163,1.16,1.65,0.25,0.0,1.33,1.46,0.8,2.12,2.4,1.82,0.0,0.0,0.05,0.0,3.87,2.28,1.36,1.0,1.0,0.0,0.0,1.0,1.0,0.0,1.0,1.0,1.0,0.0,0.0,0.0,0.0,1.0,1.0,0.0,0.0,
23.0,0.7340000000000001,0.98,-0.047406,0.3910409999999999,-0.919152,-0.272314,0.426522,-0.86251,-0.178,0.43,534.2,538.2,548.7,559.5,564.3,561.1,549.8,539.0,521.9,529.0,537.9,548.8,560.0,569.4,577.0,570.0,560.0,549.0,538.5,529.4,544.5,549.7,554.8,556.7,554.4,549.2,544.1,542.2,674.5,677.5,687.2,697.9,703.5,700.5,690.8,679.6,670.2,675.4,683.6,694.3,705.4,715.5,723.5,716.6,707.1,696.5,685.7,676.5,685.8,690.4,694.5,695.8,693.4,688.8,684.7,683.4,360.5,349.3,344.4,348.6,359.5,371.4,375.5,371.4,362.5,359.0,356.2,354.2,354.2,355.7,358.4,363.1,365.4,367.1,367.2,365.9,365.5,367.5,365.1,359.8,354.5,352.6,354.9,360.3,347.4,336.5,331.5,335.1,345.5,356.3,361.4,358.3,348.4,344.7,342.0,340.5,340.6,341.1,343.2,347.8,351.0,352.7,352.9,351.8,350.9,352.4,350.3,345.7,341.3,339.7,341.8,346.5,-43.2,-41.5,-37.2,-32.8,-30.9,-32.1,-36.8,-41.2,-48.3,-45.3,-41.6,-37.1,-32.6,-28.8,-25.7,-28.5,-32.5,-37.0,-41.3,-45.1,-38.9,-36.8,-34.8,-34.0,-34.9,-37.1,-39.1,-39.9,14.2,15.4,19.4,23.8,26.1,24.9,20.9,16.3,12.5,14.6,17.9,22.3,26.9,31.0,34.4,31.5,27.6,23.2,18.8,15.0,18.9,20.7,22.4,22.9,22.0,20.1,18.4,17.9,0.2,-4.3,-6.4,-4.6,-0.2,4.6,6.3,4.6,1.0,-0.4,-1.5,-2.4,-2.4,-1.8,-0.7,1.3,2.2,2.9,2.9,2.4,2.3,3.1,2.1,-0.1,-2.2,-3.0,-2.1,0.1,-5.2,-9.7,-11.7,-10.2,-6.0,-1.5,0.6,-0.7,-4.8,-6.3,-7.4,-8.0,-8.0,-7.8,-6.9,-5.0,-3.7,-3.0,-2.9,-3.4,-3.8,-3.1,-4.0,-5.9,-7.7,-8.4,-7.5,-5.6,1223.5,1223.2,1222.7,1222.3,1222.1,1222.6,1222.8,1223.3,1227.5,1224.4,1222.0,1220.6,1220.9,1222.3,1224.2,1222.3,1220.7,1220.5,1221.9,1224.3,1223.9,1223.7,1223.4,1223.3,1223.4,1223.6,1223.9,1224.0,1236.2,1234.9,1233.3,1232.3,1232.5,1233.8,1235.5,1236.9,1237.9,1235.2,1232.9,1231.6,1232.0,1233.9,1236.3,1234.7,1233.2,1232.7,1233.8,1236.0,1236.1,1235.6,1234.9,1234.4,1234.3,1234.7,1235.4,1236.0,-2.3,34.1,1291.0,0.275,0.142,-0.131,479.4,486.5,496.9,511.5,531.8,558.4,585.9,617.8,656.6,696.0,729.7,759.2,781.1,792.5,795.1,795.2,793.5,488.3,503.5,524.3,548.0,570.0,653.6,684.2,711.4,737.0,756.4,618.6,620.1,621.8,623.8,593.2,610.6,629.4,647.9,664.6,522.5,538.7,558.6,577.3,558.6,539.3,666.5,684.7,705.3,723.8,707.1,687.0,576.5,592.3,616.6,634.6,654.6,685.1,711.3,694.0,667.7,645.5,625.5,597.7,585.9,618.5,636.4,656.7,702.5,664.5,643.3,624.1,355.9,400.6,444.6,486.9,527.2,564.0,597.1,626.5,634.3,621.5,589.8,550.4,508.3,463.0,415.7,367.2,319.4,320.1,303.1,297.2,298.2,304.3,296.3,284.6,280.2,284.4,297.3,349.5,379.3,408.5,438.5,451.3,458.5,463.9,454.8,445.8,363.4,355.0,353.5,359.3,365.5,367.2,350.5,341.1,339.7,343.2,350.8,353.1,504.4,489.6,484.5,487.1,481.2,480.8,488.7,534.9,558.2,563.7,562.8,545.5,505.2,497.0,497.3,493.3,492.5,536.1,541.6,540.3,-71.3,-68.4,-64.0,-57.7,-48.6,-36.6,-24.1,-9.8,7.3,24.7,39.7,52.8,62.3,66.9,67.7,67.6,66.8,-65.8,-58.9,-49.6,-39.2,-29.7,5.7,18.7,30.3,41.3,49.7,-9.1,-8.4,-7.7,-6.8,-20.0,-12.5,-4.5,3.4,10.5,-50.8,-43.7,-35.0,-26.9,-35.0,-43.4,11.3,19.1,27.8,35.8,28.6,20.0,-27.8,-20.6,-10.0,-2.3,6.2,19.3,30.9,23.3,11.9,2.4,-6.3,-18.3,-23.6,-9.2,-1.6,7.2,27.1,10.5,1.4,-6.8,-1.8,18.1,37.8,57.0,75.0,91.4,105.8,118.0,120.9,115.4,101.7,84.3,65.5,45.2,24.3,3.1,-17.7,-17.3,-24.5,-26.9,-26.3,-23.6,-26.8,-31.9,-33.8,-32.2,-26.8,-4.5,8.2,20.5,33.1,39.0,41.9,44.1,40.3,36.5,1.5,-2.2,-2.8,-0.3,2.4,3.1,-4.1,-8.0,-8.7,-7.2,-3.9,-2.9,63.1,55.9,53.2,54.2,51.6,51.8,55.7,75.4,85.3,87.7,87.5,80.5,63.4,58.7,58.7,57.0,57.4,75.7,78.2,77.8,1331.8,1337.2,1342.6,1346.8,1346.7,1344.1,1338.4,1328.3,1322.6,1323.1,1327.3,1328.6,1324.3,1316.1,1309.2,1306.2,1304.9,1300.7,1293.5,1285.4,1278.6,1272.7,1264.6,1268.9,1271.9,1275.7,1280.8,1273.3,1269.8,1266.4,1263.5,1281.3,1277.2,1274.4,1274.2,1275.2,1297.5,1292.7,1290.3,1288.3,1290.4,1292.8,1280.5,1279.6,1278.9,1280.5,1278.5,1278.8,1311.1,1293.4,1282.8,1279.8,1278.4,1285.6,1299.0,1294.3,1290.4,1291.6,1294.2,1301.4,1309.5,1286.0,1282.9,1281.6,1298.5,1290.5,1291.6,1294.7,2.316,0.308,0.153,-0.133,634.951,438.456,-58.252,-0.216,19.571,9.216,-3.539,-14.122,-6.462999999999999,-0.143,-4.551,-11.639,-11.701,0.775,1.52,-5.053,7.711,-3.039,-1.963,-6.519,-5.62,-2.86,0.659,4.218999999999999,0.899,-2.36,-1.675,4.226,3.1630000000000003,-0.5429999999999999,0.966,0.21,0.249,-0.509,0.278,0.1939999999999999,1.22,1.77,0.21,0.0,1.38,1.23,0.77,2.2,2.34,1.94,0.0,0.0,0.05,0.0,4.31,2.25,1.53,1.0,1.0,0.0,0.0,1.0,0.0,0.0,1.0,1.0,1.0,0.0,0.0,0.0,0.0,1.0,1.0,0.0,1.0,
24.0,0.767,0.98,-0.047712,0.392101,-0.918684,-0.265455,0.422139,-0.8667940000000001,-0.174,0.428,529.7,533.6,543.9,554.6,559.4,556.5,545.3,534.6,517.4,524.4,533.1,544.0,555.1,564.4,571.9,564.8,554.9,544.0,533.8,524.9,540.0,545.2,550.2,552.0,549.7,544.5,539.5,537.6,669.7,672.6,682.1,692.6,698.0,695.0,685.5,674.6,665.1,670.2,678.0,688.5,699.5,709.4,717.4,710.5,701.1,690.8,680.2,671.3,680.8,685.1,689.0,690.2,688.0,683.7,679.8,678.6,358.7,347.6,342.6,346.7,357.4,369.3,373.5,369.4,360.5,356.9,354.1,351.9,351.9,353.4,356.2,360.9,363.3,365.0,365.1,363.8,363.6,365.6,363.1,357.8,352.6,350.6,353.1,358.4,344.4,333.8,328.9,332.7,342.9,353.6,358.5,355.3,345.5,341.7,339.0,337.6,337.8,338.4,340.5,345.0,348.2,349.9,350.0,348.8,347.8,349.4,347.4,343.0,338.8,337.3,339.2,343.6,-45.4,-43.8,-39.5,-35.1,-33.1,-34.3,-38.9,-43.4,-50.6,-47.6,-43.9,-39.4,-34.8,-31.1,-28.0,-30.9,-34.9,-39.4,-43.6,-47.4,-41.1,-39.0,-37.0,-36.2,-37.2,-39.3,-41.4,-42.1,12.5,13.7,17.7,22.1,24.3,23.1,19.1,14.6,10.6,12.7,15.9,20.3,24.9,29.1,32.6,29.6,25.6,21.3,16.9,13.2,17.2,19.0,20.6,21.1,20.2,18.4,16.8,16.3,-0.5,-5.1,-7.2,-5.5,-1.1,3.8,5.6,3.9,0.2,-1.3,-2.4,-3.3,-3.3,-2.7,-1.6,0.4,1.4,2.1,2.1,1.5,1.5,2.3,1.3,-0.9,-3.1,-3.9,-2.9,-0.6,-6.5,-11.0,-13.1,-11.5,-7.2,-2.7,-0.6,-2.0,-6.1,-7.7,-8.8,-9.4,-9.3,-9.1,-8.2,-6.3,-5.0,-4.2,-4.2,-4.7,-5.1,-4.5,-5.3,-7.1,-8.9,-9.6,-8.7,-6.9,1234.1,1233.9,1233.3,1232.8,1232.7,1233.2,1233.5,1234.0,1238.2,1235.0,1232.5,1231.1,1231.3,1232.7,1234.5,1232.6,1231.1,1231.0,1232.4,1234.9,1234.5,1234.3,1234.1,1233.9,1234.0,1234.2,1234.5,1234.6,1262.6,1261.1,1259.4,1258.4,1258.7,1260.1,1261.8,1263.3,1264.0,1261.3,1258.9,1257.5,1257.8,1259.6,1262.1,1260.4,1259.1,1258.7,1259.8,1262.1,1262.4,1261.9,1261.2,1260.6,1260.5,1260.9,1261.7,1262.2,-4.4,33.1,1290.0,0.268,0.16,-0.136,476.6,483.5,493.8,508.5,528.8,555.1,582.4,613.8,652.5,692.3,726.3,756.3,778.3,789.7,792.1,791.9,790.2,484.6,498.8,518.8,542.3,563.8,647.3,677.7,704.8,730.4,749.8,612.5,613.7,615.1,616.7,587.4,604.5,623.1,641.6,658.4,518.1,534.0,553.6,571.9,553.6,534.6,661.1,679.1,699.4,718.0,701.3,681.3,572.9,587.6,611.3,629.0,648.7,679.7,706.7,689.3,662.5,640.6,620.9,593.5,582.1,613.2,630.6,650.7,698.2,659.5,638.7,619.8,354.8,399.5,443.3,485.4,525.5,562.1,595.0,624.3,632.5,620.0,588.9,549.8,507.6,462.2,414.4,365.5,317.2,318.4,300.8,294.5,295.2,301.2,292.7,281.0,276.6,281.1,294.2,346.6,376.1,404.8,434.4,447.9,455.1,460.4,451.4,442.4,361.5,352.9,351.3,357.0,363.2,365.0,347.8,338.3,336.8,340.5,347.8,350.3,502.4,487.1,481.8,484.3,478.5,478.2,486.5,533.9,557.6,563.0,562.1,544.3,503.2,493.7,494.0,490.0,490.3,536.6,542.0,540.7,-72.6,-69.8,-65.4,-59.0,-49.9,-38.0,-25.7,-11.6,5.5,23.0,38.1,51.4,60.9,65.5,66.3,66.1,65.3,-67.4,-60.9,-51.9,-41.7,-32.3,3.1,15.9,27.4,38.4,46.8,-11.7,-11.1,-10.5,-9.8,-22.5,-15.1,-7.2,0.7,7.8,-52.7,-45.7,-37.2,-29.2,-37.2,-45.4,9.0,16.6,25.3,33.2,26.1,17.6,-29.3,-22.6,-12.2,-4.7,3.7,17.0,28.9,21.2,9.7,0.3,-8.2,-20.2,-25.3,-11.5,-4.0,4.5,25.1,8.4,-0.6,-8.7,-2.3,17.6,37.2,56.2,74.2,90.5,104.7,116.9,119.9,114.4,101.0,83.8,65.0,44.7,23.7,2.4,-18.6,-18.1,-25.5,-28.1,-27.6,-25.0,-28.4,-33.4,-35.3,-33.5,-28.0,-5.7,6.8,18.9,31.3,37.5,40.4,42.6,38.8,35.0,0.7,-3.1,-3.7,-1.3,1.4,2.2,-5.2,-9.2,-9.9,-8.3,-5.2,-4.1,62.2,54.8,52.1,53.0,50.4,50.6,54.7,74.9,84.9,87.3,87.1,79.9,62.5,57.3,57.3,55.5,56.4,75.9,78.3,77.9,1332.1,1336.9,1341.8,1345.8,1345.6,1343.0,1337.1,1326.7,1320.3,1320.2,1324.0,1325.2,1321.0,1313.3,1306.8,1304.3,1303.6,1301.3,1294.2,1286.1,1279.1,1273.0,1264.3,1268.3,1270.8,1274.1,1278.7,1272.6,1268.9,1265.4,1262.2,1280.2,1275.9,1272.9,1272.5,1273.4,1297.7,1292.8,1290.2,1288.0,1290.3,1292.7,1279.2,1278.2,1277.3,1278.8,1276.9,1277.3,1310.6,1292.8,1281.9,1278.7,1277.2,1284.3,1297.4,1292.9,1289.1,1290.5,1293.2,1300.7,1309.0,1284.7,1281.4,1280.0,1297.1,1289.5,1290.9,1294.1,2.318,0.3,0.173,-0.139,630.065,436.258,-60.076,-2.003,21.04,9.439,-3.03,-15.61,-5.2170000000000005,0.017,-3.471,-9.88,-12.005999999999998,1.601,1.841,-6.059,6.752999999999999,-2.798,-1.493,-6.3020000000000005,-6.627999999999999,-2.064,0.643,4.851,0.863,-2.55,-1.116,4.753,3.606,-0.5920000000000001,1.207,0.346,0.087,-0.37,0.208,0.159,1.22,1.77,0.13,0.0,1.36,0.98,0.65,2.09,2.21,2.02,0.0,0.0,0.05,0.0,4.31,2.09,1.64,1.0,1.0,0.0,0.0,1.0,0.0,0.0,1.0,1.0,1.0,0.0,0.0,0.0,0.0,1.0,1.0,0.0,1.0,
25.0,0.8009999999999999,0.98,-0.069362,0.384902,-0.920348,-0.298632,0.397793,-0.8675129999999999,-0.203,0.413,523.0,527.0,537.2,547.8,552.5,549.3,538.3,527.7,510.4,517.8,526.8,537.8,548.6,557.1,563.8,557.4,548.2,537.7,527.4,518.2,533.1,538.0,542.8,544.6,542.4,537.5,532.7,530.9,663.0,666.2,675.9,686.4,691.6,688.4,678.7,667.8,658.4,663.4,671.3,681.8,693.0,703.2,711.6,704.4,694.8,684.2,673.5,664.5,674.1,678.6,682.7,684.1,681.9,677.4,673.3,671.9,356.2,345.2,340.4,344.5,355.1,366.8,370.9,366.8,358.3,354.1,351.2,349.0,349.1,351.0,354.6,358.8,360.8,362.3,362.3,361.1,360.9,362.8,360.6,355.5,350.6,348.7,350.9,356.0,341.0,330.2,325.4,329.5,340.1,350.9,355.7,352.2,341.7,338.3,335.9,334.6,334.8,335.4,337.5,342.6,346.0,347.8,347.6,345.9,344.9,346.7,344.6,340.0,335.5,333.8,335.8,340.4,-49.3,-47.7,-43.4,-38.9,-36.9,-38.3,-42.9,-47.3,-54.8,-51.6,-47.7,-43.0,-38.5,-35.0,-32.2,-34.9,-38.7,-43.1,-47.4,-51.4,-45.1,-43.0,-41.0,-40.3,-41.2,-43.3,-45.3,-46.0,9.4,10.7,14.7,19.0,21.1,19.9,15.9,11.4,7.5,9.6,12.8,17.1,21.7,25.9,29.4,26.4,22.4,18.1,13.7,10.1,14.0,15.8,17.5,18.1,17.2,15.3,13.6,13.1,-1.6,-6.2,-8.3,-6.5,-2.1,2.9,4.6,2.9,-0.7,-2.5,-3.7,-4.6,-4.6,-3.8,-2.3,-0.5,0.4,1.0,1.0,0.5,0.4,1.2,0.2,-1.9,-4.0,-4.8,-3.8,-1.7,-7.8,-12.2,-14.2,-12.5,-8.1,-3.7,-1.8,-3.2,-7.5,-8.9,-9.9,-10.4,-10.3,-10.1,-9.2,-7.1,-5.7,-5.0,-5.1,-5.8,-6.2,-5.5,-6.3,-8.2,-10.0,-10.8,-9.9,-8.0,1265.3,1265.4,1265.5,1265.5,1265.4,1265.6,1265.3,1265.3,1268.4,1265.8,1263.9,1263.1,1263.9,1265.6,1267.6,1265.5,1263.4,1262.7,1263.7,1265.7,1266.2,1266.2,1266.2,1266.3,1266.3,1266.3,1266.3,1266.2,1232.1,1230.7,1228.9,1227.7,1227.9,1229.2,1231.0,1232.6,1233.7,1231.0,1228.6,1227.0,1227.2,1228.7,1231.0,1229.5,1228.3,1228.0,1229.3,1231.7,1231.7,1231.2,1230.5,1229.9,1229.8,1230.3,1231.1,1231.7,-8.4,31.5,1302.5,0.241,0.205,-0.127,471.4,477.8,488.3,503.2,523.6,549.2,573.6,600.5,636.7,676.5,713.6,746.7,770.6,783.3,787.2,789.6,791.0,478.4,492.8,512.6,535.8,557.1,637.9,668.3,695.6,722.3,743.6,603.5,603.7,604.0,604.5,577.2,593.8,611.8,630.6,648.0,511.1,527.3,547.0,564.9,546.5,527.4,654.3,672.2,692.9,712.1,694.9,674.5,563.0,576.8,599.1,616.8,637.5,669.7,698.9,677.4,648.5,625.7,605.9,581.0,572.0,600.6,618.4,639.5,690.1,646.1,624.2,605.3,349.8,395.5,439.8,481.8,521.0,555.9,586.5,614.5,623.5,614.2,585.9,548.4,506.7,461.1,413.1,363.6,314.3,317.7,299.6,293.1,293.4,298.6,289.7,277.7,273.0,276.6,290.1,342.2,371.0,399.4,428.5,443.5,450.4,455.7,447.3,439.3,358.7,350.5,348.7,354.6,360.8,362.6,344.9,335.3,333.6,337.7,345.3,347.7,497.6,482.6,477.5,480.4,474.7,475.6,484.3,526.7,548.3,553.2,551.9,534.8,498.9,490.6,491.4,487.7,487.8,527.2,532.1,530.4,-75.9,-73.1,-68.5,-61.9,-52.7,-41.0,-29.9,-17.6,-1.5,16.2,32.7,47.4,57.8,63.2,64.6,65.7,66.4,-71.1,-64.4,-55.4,-45.0,-35.6,-0.9,12.1,23.8,35.3,44.5,-15.7,-15.5,-15.3,-15.1,-27.1,-19.9,-12.1,-4.0,3.4,-56.5,-49.2,-40.5,-32.6,-40.7,-49.1,6.2,13.9,22.7,31.0,23.5,14.8,-34.0,-27.5,-17.7,-10.0,-1.1,12.8,25.7,16.2,3.7,-6.2,-14.8,-25.8,-30.0,-17.0,-9.3,-0.2,21.8,2.6,-6.8,-15.1,-4.6,16.0,36.1,55.1,72.8,88.4,101.8,113.5,116.9,112.6,100.4,83.8,65.0,44.6,23.3,1.6,-20.1,-18.6,-26.4,-29.1,-28.8,-26.4,-30.0,-35.1,-37.2,-35.7,-30.0,-7.6,4.7,16.8,29.2,36.0,38.9,41.0,37.4,34.0,-0.6,-4.2,-4.9,-2.4,0.3,1.2,-6.5,-10.6,-11.3,-9.6,-6.3,-5.3,60.8,53.4,50.7,51.8,49.3,49.9,54.2,72.3,81.5,83.7,83.4,76.5,61.2,56.5,56.7,55.0,55.7,72.3,74.6,74.1,1350.0,1352.2,1355.4,1358.0,1357.1,1353.9,1348.3,1337.9,1330.6,1329.0,1332.6,1333.7,1329.2,1322.1,1317.3,1316.6,1318.0,1319.7,1312.1,1303.3,1295.6,1288.6,1278.3,1280.9,1282.7,1285.2,1288.4,1286.6,1282.9,1279.4,1276.1,1294.5,1289.6,1286.0,1285.3,1285.9,1314.8,1309.0,1306.1,1302.9,1305.7,1308.6,1291.7,1290.0,1288.4,1289.1,1287.8,1289.0,1324.4,1306.6,1295.0,1291.1,1288.9,1295.2,1307.1,1301.7,1297.8,1300.0,1303.7,1312.9,1322.0,1297.7,1293.8,1291.6,1307.0,1298.1,1300.3,1304.4,2.296,0.27,0.222,-0.13,620.967,432.01,-54.875,-10.196,18.077,3.946,0.745,-13.798,-8.821,-3.201,-5.1,-9.998,-13.197,4.634,0.718,-2.337,3.332,-3.045,-0.764,-4.009,-5.787000000000001,-4.545,1.7480000000000002,3.829,3.462,-2.38,1.416,3.929,3.03,-0.909,1.403,0.8909999999999999,0.063,-0.25,0.395,0.033,1.2,1.73,0.04,0.0,1.29,0.9,0.47,1.94,2.16,1.93,0.0,0.0,0.0,0.0,3.88,1.85,1.71,1.0,1.0,0.0,0.0,1.0,0.0,0.0,1.0,1.0,1.0,0.0,0.0,0.0,0.0,1.0,1.0,0.0,1.0,
26.0,0.8340000000000001,0.98,-0.088293,0.379048,-0.921155,-0.309193,0.394758,-0.8651969999999999,-0.2189999999999999,0.409,515.9,519.7,529.9,540.7,545.6,542.6,531.5,520.8,503.3,510.4,519.2,530.1,541.1,550.4,558.0,551.2,541.3,530.5,520.1,510.9,526.2,531.3,536.2,537.9,535.6,530.5,525.7,523.9,654.5,657.7,667.5,678.2,683.5,680.3,670.4,659.3,649.7,654.9,662.8,673.3,684.2,694.7,703.4,695.8,686.0,675.3,664.8,655.9,665.6,670.3,674.7,676.1,673.8,669.1,664.7,663.3,352.5,341.4,336.3,340.3,351.0,362.8,367.1,363.1,354.5,350.8,347.8,345.5,345.4,346.8,349.5,354.2,356.7,358.5,358.8,357.6,357.2,359.1,356.7,351.4,346.4,344.5,346.9,352.2,337.5,326.5,321.7,325.9,336.6,347.6,352.5,348.9,338.5,334.7,332.1,330.8,330.9,331.5,333.5,338.5,342.0,343.8,343.7,342.3,341.6,343.5,341.4,336.5,331.8,330.0,332.1,336.9,-51.2,-49.6,-45.4,-40.9,-38.9,-40.1,-44.7,-49.1,-56.6,-53.5,-49.7,-45.2,-40.7,-36.9,-33.8,-36.6,-40.6,-45.0,-49.4,-53.2,-46.9,-44.8,-42.8,-42.1,-43.0,-45.1,-47.2,-47.9,5.9,7.2,11.2,15.5,17.7,16.4,12.4,7.9,4.0,6.1,9.3,13.5,18.0,22.2,25.8,22.7,18.7,14.3,10.1,6.5,10.4,12.4,14.1,14.7,13.7,11.8,10.1,9.5,-3.1,-7.7,-9.8,-8.1,-3.7,1.2,2.9,1.3,-2.3,-3.8,-5.0,-6.0,-6.0,-5.4,-4.3,-2.4,-1.4,-0.6,-0.5,-1.0,-1.1,-0.4,-1.4,-3.5,-5.6,-6.4,-5.4,-3.2,-9.2,-13.6,-15.6,-13.9,-9.5,-5.0,-3.1,-4.5,-8.8,-10.3,-11.3,-11.9,-11.8,-11.6,-10.8,-8.7,-7.3,-6.6,-6.6,-7.2,-7.5,-6.7,-7.6,-9.5,-11.5,-12.2,-11.4,-9.4,1236.8,1236.7,1236.3,1235.9,1235.7,1236.2,1236.3,1236.7,1240.9,1237.7,1235.4,1234.1,1234.4,1235.9,1237.7,1235.8,1234.1,1233.9,1235.2,1237.6,1237.3,1237.1,1237.0,1236.9,1237.0,1237.2,1237.3,1237.4,1222.7,1221.3,1219.4,1218.2,1218.4,1219.8,1221.6,1223.2,1224.3,1221.5,1219.0,1217.4,1217.5,1219.1,1221.3,1219.7,1218.6,1218.4,1219.8,1222.2,1222.3,1221.8,1221.0,1220.4,1220.3,1220.8,1221.6,1222.3,-12.8,29.1,1323.7,0.198,0.222,-0.108,468.0,472.4,481.5,495.0,513.6,537.5,560.4,586.8,621.7,660.3,699.0,734.7,762.4,778.0,782.8,785.6,787.6,472.6,486.3,505.5,527.8,548.6,627.6,658.5,686.2,713.7,737.1,593.1,593.4,593.4,593.5,567.4,583.8,601.6,620.4,638.2,504.1,520.0,539.8,558.1,539.4,520.4,645.2,663.3,684.4,704.1,686.4,665.8,552.1,567.2,588.2,606.2,627.0,659.1,689.9,664.9,635.3,612.3,592.7,570.1,561.4,589.9,608.1,629.3,680.4,632.0,610.2,591.3,346.8,389.8,431.8,471.9,509.3,543.3,573.2,600.0,608.8,602.1,578.7,546.1,507.6,462.6,413.6,362.9,312.4,312.8,295.7,289.8,289.9,294.0,285.5,273.6,269.0,272.9,286.6,337.7,366.3,394.7,423.7,439.2,445.7,450.5,442.4,435.4,354.5,346.6,344.7,350.2,356.8,358.9,340.9,331.6,330.1,333.7,341.7,344.0,490.6,477.8,472.5,475.5,469.8,471.1,478.1,513.4,531.5,536.0,534.7,520.8,492.2,487.6,488.4,484.7,481.4,508.5,512.6,511.0,-78.8,-76.8,-72.8,-66.7,-58.1,-46.9,-36.2,-24.0,-8.2,9.1,26.6,42.8,55.2,62.0,63.9,65.1,66.0,-75.2,-68.6,-59.6,-49.4,-40.0,-5.4,8.0,20.1,32.1,42.4,-20.5,-20.3,-20.2,-20.1,-31.9,-24.6,-16.8,-8.5,-0.8,-60.7,-53.4,-44.5,-36.3,-44.6,-53.2,2.3,10.2,19.4,28.0,20.3,11.3,-39.4,-32.2,-22.7,-14.8,-5.7,8.4,22.1,10.9,-2.1,-12.1,-20.8,-31.0,-35.1,-22.0,-14.0,-4.7,17.9,-3.5,-13.1,-21.5,-6.0,13.7,33.0,51.5,68.6,84.0,97.1,108.4,111.7,108.7,98.6,84.1,66.6,46.1,24.0,1.3,-21.3,-21.2,-28.7,-31.1,-30.9,-28.9,-32.3,-37.6,-39.6,-37.9,-32.0,-9.7,2.7,15.1,27.6,34.8,37.5,39.5,35.9,32.9,-2.5,-5.9,-6.8,-4.3,-1.4,-0.5,-8.4,-12.4,-13.1,-11.5,-8.0,-7.0,58.6,52.1,49.4,50.5,47.9,48.7,52.2,67.4,75.1,77.2,76.9,71.3,59.1,56.1,56.3,54.5,53.6,65.1,67.0,66.5,1373.9,1374.9,1377.9,1380.5,1379.2,1374.5,1366.4,1354.7,1347.5,1347.1,1352.6,1356.3,1353.7,1348.1,1343.4,1341.5,1342.0,1347.0,1338.8,1329.7,1321.8,1313.9,1301.4,1303.6,1305.1,1306.9,1309.2,1310.8,1306.9,1303.0,1299.5,1317.8,1312.8,1309.1,1308.7,1309.1,1341.2,1334.9,1331.5,1327.9,1330.8,1334.3,1314.4,1312.6,1310.8,1310.9,1310.0,1311.5,1345.3,1327.3,1316.2,1312.0,1309.1,1314.7,1325.8,1318.5,1313.8,1316.3,1320.6,1331.4,1342.1,1319.3,1315.0,1312.0,1325.1,1314.3,1316.9,1321.6,2.258,0.2239999999999999,0.241,-0.1119999999999999,611.395,425.5580000000001,-40.344,-22.254,8.993,-1.781,-0.5,-6.612,-13.226,1.392,-8.158999999999999,-11.571,-14.9,2.832,1.669,-1.002,2.218,-1.163,-2.344,-4.221,-3.733,-6.909,1.786,1.307,3.732,-1.7990000000000002,0.493,2.889,1.938,-1.848,1.021,0.502,0.295,-0.249,0.351,0.0819999999999999,1.12,1.64,0.02,0.0,1.27,0.94,0.33,1.79,2.19,1.76,0.0,0.0,0.0,0.0,3.34,1.56,1.78,1.0,1.0,0.0,0.0,1.0,0.0,0.0,1.0,1.0,1.0,0.0,0.0,0.0,0.0,1.0,1.0,0.0,1.0,
27.0,0.868,0.98,-0.097465,0.361663,-0.9272,-0.335424,0.393251,-0.8560629999999999,-0.238,0.4,508.9,512.8,522.9,533.4,538.1,534.9,524.0,513.5,496.4,503.6,512.5,523.3,533.8,542.0,548.2,542.1,533.4,523.2,513.1,504.1,518.7,523.6,528.3,530.1,528.0,523.1,518.4,516.6,645.7,648.9,658.7,669.4,674.7,671.5,661.7,650.7,641.3,646.5,654.4,664.9,675.7,685.7,694.2,687.0,677.5,667.2,656.7,647.7,657.1,661.5,665.6,666.9,664.7,660.2,656.2,654.8,348.4,337.6,332.8,336.9,347.4,359.0,363.0,358.9,351.1,346.6,343.6,341.2,341.3,343.5,347.6,351.3,353.1,354.5,354.5,353.5,353.2,355.1,352.9,347.8,342.9,341.1,343.3,348.3,335.1,324.1,319.2,323.3,334.0,345.0,349.9,346.4,335.4,331.3,328.7,327.4,327.7,328.4,330.8,335.8,339.4,341.4,341.2,339.5,338.9,340.6,338.6,334.0,329.5,327.8,329.8,334.4,-56.3,-54.6,-50.3,-45.8,-43.8,-45.2,-49.8,-54.3,-61.8,-58.6,-54.7,-50.1,-45.6,-42.1,-39.5,-42.1,-45.7,-50.1,-54.4,-58.4,-52.1,-50.0,-48.0,-47.2,-48.2,-50.3,-52.3,-53.0,2.4,3.7,7.7,12.1,14.3,13.0,9.0,4.4,0.5,2.7,5.9,10.2,14.7,18.8,22.4,19.4,15.5,11.2,6.9,3.2,7.0,8.9,10.6,11.1,10.2,8.4,6.7,6.1,-5.0,-9.6,-11.7,-9.9,-5.4,-0.4,1.3,-0.5,-3.8,-5.7,-7.0,-8.1,-8.0,-7.1,-5.3,-3.8,-2.9,-2.3,-2.4,-2.8,-2.9,-2.1,-3.1,-5.2,-7.3,-8.1,-7.2,-5.0,-10.3,-14.8,-16.8,-15.1,-10.7,-6.2,-4.2,-5.6,-10.2,-11.8,-12.9,-13.4,-13.3,-13.0,-12.1,-10.0,-8.5,-7.7,-7.7,-8.5,-8.7,-8.0,-8.8,-10.7,-12.6,-13.3,-12.5,-10.6,1288.0,1288.3,1288.7,1288.9,1288.8,1288.8,1288.2,1288.0,1290.6,1288.4,1286.8,1286.3,1287.3,1289.0,1291.0,1288.8,1286.6,1285.7,1286.5,1288.3,1289.1,1289.2,1289.3,1289.5,1289.5,1289.4,1289.3,1289.1,1239.4,1238.0,1236.2,1235.1,1235.3,1236.7,1238.5,1240.1,1240.3,1237.7,1235.4,1233.9,1234.2,1235.8,1238.1,1236.6,1235.3,1235.0,1236.1,1238.4,1239.1,1238.7,1237.9,1237.3,1237.2,1237.7,1238.4,1239.1,-16.8,26.8,1334.9,0.186,0.245,-0.099,464.7,467.3,474.1,485.5,501.9,524.4,548.0,575.2,610.8,650.6,690.4,727.5,757.1,774.4,779.8,782.8,785.4,467.9,480.3,498.6,520.2,540.4,618.1,649.4,677.7,705.1,728.9,583.4,583.2,582.6,582.0,557.3,573.7,591.2,609.9,627.7,497.4,512.5,531.9,550.0,531.6,513.1,637.1,654.8,675.6,695.3,677.8,657.5,542.0,556.7,576.7,595.8,618.5,650.4,681.0,655.8,626.1,601.3,580.7,559.5,551.1,577.9,597.4,620.4,671.6,623.0,599.4,579.4,345.3,385.5,424.5,462.5,498.5,532.1,562.0,589.4,598.4,592.0,570.2,540.5,504.0,459.9,411.1,360.9,310.9,307.7,291.0,285.4,285.4,289.1,281.1,269.5,265.4,270.1,283.6,335.2,362.9,390.5,418.7,434.5,441.1,445.9,438.0,431.4,350.6,342.6,340.9,347.0,353.2,355.1,338.3,328.6,327.0,331.0,338.8,341.3,484.4,472.4,467.9,470.9,465.1,465.9,472.3,502.8,519.6,524.3,522.9,510.6,485.7,481.9,482.9,478.9,475.1,499.4,503.7,502.0,-81.0,-79.8,-76.9,-71.7,-64.1,-53.4,-42.3,-29.5,-13.2,4.8,22.9,39.8,53.2,60.9,63.2,64.4,65.6,-78.1,-72.1,-63.3,-53.3,-44.0,-9.6,4.1,16.5,28.6,39.1,-24.9,-25.0,-25.2,-25.3,-36.7,-29.3,-21.5,-13.2,-5.4,-64.4,-57.3,-48.5,-40.2,-48.5,-57.0,-1.3,6.5,15.7,24.4,16.6,7.7,-44.3,-37.1,-28.0,-19.5,-9.5,4.6,18.2,7.0,-6.1,-17.1,-26.3,-36.0,-40.1,-27.5,-18.8,-8.6,14.0,-7.5,-17.9,-26.9,-6.8,11.8,29.9,47.6,64.3,79.6,92.8,104.3,107.8,104.8,95.3,82.1,65.4,45.2,23.1,0.4,-22.2,-23.8,-31.1,-33.4,-33.2,-31.3,-34.5,-39.6,-41.5,-39.5,-33.6,-10.9,1.3,13.4,25.7,33.1,35.8,37.8,34.3,31.4,-4.2,-7.8,-8.6,-5.8,-3.0,-2.2,-9.6,-13.9,-14.5,-12.8,-9.3,-8.2,56.2,50.1,47.8,48.9,46.2,46.8,50.0,63.2,70.4,72.6,72.3,67.4,56.7,54.0,54.3,52.4,51.2,61.5,63.6,63.1,1386.6,1386.9,1389.7,1392.8,1392.0,1387.0,1377.8,1364.4,1356.0,1355.4,1360.6,1364.5,1362.9,1358.7,1354.8,1353.4,1354.1,1362.1,1353.4,1343.7,1334.8,1326.7,1312.9,1314.0,1315.3,1316.8,1319.1,1323.0,1319.1,1315.1,1311.5,1330.5,1325.3,1321.2,1320.3,1320.3,1354.9,1348.2,1344.5,1341.0,1344.0,1347.7,1325.5,1323.3,1321.3,1321.4,1320.5,1322.2,1355.8,1338.2,1328.0,1323.2,1319.9,1324.8,1335.0,1328.2,1323.5,1326.4,1331.1,1341.9,1352.5,1330.3,1325.6,1322.1,1334.2,1324.4,1327.6,1332.8,2.239,0.209,0.267,-0.103,602.602,419.958,-33.806,-29.572,6.175,-8.335,-0.1939999999999999,-6.499,-15.296,2.411,-8.232000000000001,-6.744,-15.223,2.087,2.105,0.483,3.332,-0.742,-5.621,-3.794,-3.875,-7.015,0.752,2.882,1.32,-2.693,1.099,2.181,1.3,-1.6969999999999998,1.221,0.6659999999999999,0.332,-0.239,0.109,0.072,1.03,1.55,0.0,0.0,1.33,0.92,0.22,1.77,2.35,1.54,0.0,0.0,0.0,0.0,2.95,1.28,1.78,1.0,1.0,0.0,0.0,1.0,0.0,0.0,1.0,1.0,1.0,1.0,0.0,0.0,0.0,1.0,1.0,0.0,1.0,
28.0,0.901,0.98,-0.1136089999999999,0.362073,-0.925201,-0.334102,0.392853,-0.8567629999999999,-0.246,0.401,503.2,507.1,517.2,527.5,532.1,529.1,518.2,507.8,491.6,498.1,506.5,516.9,527.6,536.3,543.2,536.4,527.3,517.0,507.3,498.8,513.1,518.1,522.9,524.7,522.5,517.6,512.8,510.9,639.4,642.5,652.1,662.6,667.7,664.6,655.0,644.2,634.6,639.6,647.2,657.5,668.4,678.6,687.4,679.8,670.0,659.6,649.3,640.7,650.5,654.9,658.9,660.2,658.0,653.7,649.7,648.4,344.7,333.9,329.2,333.2,343.7,355.2,359.3,355.2,347.1,342.9,339.9,337.7,337.8,339.9,344.0,347.7,349.6,351.0,350.9,349.7,349.6,351.5,349.2,344.0,339.0,337.1,339.4,344.6,332.2,321.4,316.7,321.0,331.6,342.4,347.0,343.4,332.7,328.7,326.0,324.8,325.0,325.9,328.2,333.0,336.3,338.0,337.9,336.4,336.0,337.8,335.9,331.4,327.0,325.2,327.1,331.6,-58.8,-57.1,-52.8,-48.3,-46.3,-47.7,-52.3,-56.8,-64.0,-61.0,-57.3,-52.8,-48.2,-44.5,-41.6,-44.5,-48.3,-52.7,-57.0,-60.7,-54.5,-52.4,-50.3,-49.5,-50.5,-52.6,-54.7,-55.5,-0.3,1.1,5.0,9.4,11.5,10.2,6.2,1.7,-2.2,-0.2,3.0,7.3,11.8,16.0,19.7,16.5,12.5,8.1,3.9,0.3,4.4,6.2,7.8,8.4,7.5,5.7,4.0,3.5,-6.6,-11.2,-13.2,-11.5,-7.0,-2.0,-0.3,-2.1,-5.6,-7.3,-8.6,-9.6,-9.5,-8.6,-6.9,-5.3,-4.5,-3.9,-3.9,-4.4,-4.5,-3.7,-4.6,-6.9,-9.0,-9.8,-8.9,-6.6,-11.6,-16.1,-18.0,-16.2,-11.8,-7.3,-5.4,-6.9,-11.4,-13.0,-14.1,-14.6,-14.5,-14.2,-13.2,-11.2,-9.8,-9.1,-9.2,-9.8,-10.0,-9.2,-10.0,-11.9,-13.7,-14.5,-13.7,-11.8,1289.2,1289.1,1288.8,1288.4,1288.2,1288.6,1288.7,1289.0,1292.6,1289.7,1287.5,1286.3,1286.7,1288.1,1289.8,1288.0,1286.4,1286.1,1287.4,1289.7,1289.7,1289.6,1289.4,1289.4,1289.5,1289.6,1289.8,1289.8,1249.2,1247.7,1245.7,1244.5,1244.7,1246.2,1248.2,1249.8,1250.5,1247.7,1245.2,1243.5,1243.6,1245.1,1247.3,1245.8,1244.7,1244.6,1246.0,1248.4,1248.8,1248.3,1247.5,1246.8,1246.7,1247.2,1248.1,1248.7,-20.2,25.0,1334.5,0.181,0.259,-0.087,460.9,462.3,467.6,477.9,493.0,514.0,536.8,563.4,599.4,640.6,682.5,721.7,752.9,771.0,776.7,780.0,783.2,463.6,475.2,492.7,513.8,533.6,610.6,642.2,670.9,698.6,722.5,575.9,575.0,573.8,572.5,548.9,565.1,582.4,601.0,618.7,492.1,506.8,525.9,544.0,525.8,507.5,630.0,647.6,668.4,688.4,670.5,650.2,534.0,548.5,568.3,586.6,608.7,641.3,673.3,646.4,615.6,591.5,571.6,550.9,543.0,569.4,588.2,610.5,664.0,612.7,589.8,570.5,342.8,381.4,418.7,455.4,490.3,523.4,553.2,581.7,591.9,586.2,565.3,536.7,501.0,457.4,409.2,359.8,310.2,302.6,286.5,281.0,281.2,285.3,277.8,266.2,262.4,267.7,281.5,332.1,359.2,386.2,413.8,429.8,436.5,441.3,433.9,427.8,346.6,338.8,337.3,343.5,349.4,351.1,335.4,325.8,324.4,328.5,336.1,338.4,479.0,467.7,463.6,466.6,461.0,462.1,468.2,499.5,516.2,520.5,518.9,506.1,480.5,477.3,478.5,474.8,471.1,496.3,500.0,498.1,-82.8,-82.2,-79.9,-75.3,-68.3,-58.3,-47.4,-34.9,-18.3,0.3,19.3,37.1,51.3,59.3,61.7,63.2,64.6,-80.2,-74.4,-66.0,-56.2,-47.1,-12.9,1.0,13.6,25.7,36.2,-28.3,-28.6,-29.0,-29.5,-40.4,-33.1,-25.4,-17.2,-9.4,-66.8,-59.9,-51.1,-42.9,-51.2,-59.6,-4.4,3.4,12.5,21.3,13.4,4.5,-47.9,-40.8,-31.7,-23.5,-13.8,0.6,14.8,2.8,-10.7,-21.4,-30.3,-39.9,-43.8,-31.3,-22.9,-13.0,10.7,-12.0,-22.2,-30.8,-7.9,9.9,27.2,44.3,60.5,75.6,88.8,100.8,104.7,102.1,93.0,80.3,64.0,44.1,22.2,-0.1,-22.5,-26.1,-33.2,-35.4,-35.1,-33.0,-35.9,-41.0,-42.8,-40.5,-34.5,-12.3,-0.3,11.5,23.5,31.0,33.8,35.8,32.5,29.8,-6.1,-9.5,-10.2,-7.4,-4.7,-4.0,-10.9,-15.1,-15.7,-13.9,-10.5,-9.5,53.8,48.0,45.8,47.0,44.4,45.0,48.1,61.7,68.8,70.9,70.4,65.3,54.3,52.0,52.3,50.6,49.4,60.1,61.9,61.3,1387.5,1387.2,1389.4,1392.7,1392.7,1388.2,1378.3,1364.1,1354.8,1353.7,1359.0,1363.1,1362.1,1358.4,1354.8,1353.7,1354.8,1363.6,1354.7,1344.7,1335.4,1326.8,1312.3,1313.3,1314.6,1315.8,1317.8,1322.7,1318.7,1314.5,1310.7,1329.8,1324.8,1320.8,1319.8,1319.5,1356.0,1348.9,1345.0,1341.5,1344.5,1348.4,1324.9,1322.5,1320.4,1320.4,1319.6,1321.4,1356.1,1338.1,1327.3,1322.3,1318.8,1323.8,1334.1,1326.9,1322.0,1325.2,1330.1,1341.6,1352.9,1329.7,1324.7,1321.0,1333.4,1323.0,1326.4,1331.8,2.239,0.2019999999999999,0.284,-0.091,595.0419999999999,415.862,-28.536,-33.945,6.725,-10.118,-0.7170000000000001,-8.342,-16.005,2.776,-8.204,-2.965,-14.861,2.246,2.285,-0.767,3.213,-0.5379999999999999,-4.04,-4.168,-4.518,-6.484,1.534,2.826,1.505,-2.232,0.983,2.822,2.015,-1.967,1.4680000000000002,0.726,0.253,-0.046,0.094,-0.075,0.98,1.51,0.0,0.0,1.48,1.02,0.2,1.71,2.47,1.37,0.0,0.0,0.0,0.04,2.83,0.94,1.78,1.0,1.0,0.0,0.0,1.0,0.0,0.0,1.0,1.0,1.0,1.0,0.0,0.0,0.0,1.0,1.0,0.0,1.0,
29.0,0.934,0.98,-0.1126079999999999,0.347916,-0.930738,-0.332812,0.389082,-0.8589829999999999,-0.244,0.391,499.9,503.5,513.3,523.5,528.1,525.2,514.6,504.5,487.8,494.1,502.4,512.9,523.6,532.2,539.0,532.2,522.8,512.6,503.1,494.7,509.8,514.5,519.0,520.7,518.5,513.8,509.3,507.6,634.9,638.0,647.4,657.6,662.6,659.5,650.1,639.5,629.5,634.6,642.2,652.3,663.0,673.1,681.8,674.1,664.5,654.2,644.0,635.5,645.8,650.0,653.9,655.2,653.1,648.9,645.0,643.7,341.3,330.7,325.9,329.8,340.0,351.3,355.3,351.5,344.1,339.6,336.3,334.0,334.2,336.4,340.4,344.3,346.3,347.7,347.8,346.7,345.8,347.6,345.3,340.4,335.7,334.0,336.2,341.1,330.0,319.3,314.7,318.8,329.3,340.0,344.6,341.1,330.0,326.2,323.7,322.4,322.7,323.6,325.9,330.7,333.9,335.5,335.4,333.9,333.8,335.5,333.6,329.2,324.9,323.2,325.1,329.5,-60.6,-59.0,-54.8,-50.4,-48.4,-49.6,-54.2,-58.6,-66.0,-63.1,-59.5,-54.9,-50.2,-46.6,-43.7,-46.6,-50.6,-55.0,-59.2,-62.9,-56.4,-54.3,-52.4,-51.6,-52.6,-54.6,-56.6,-57.3,-2.2,-0.9,3.1,7.5,9.6,8.3,4.3,-0.2,-4.4,-2.3,0.9,5.2,9.7,14.0,17.7,14.4,10.3,6.0,1.7,-1.9,2.4,4.2,5.9,6.4,5.5,3.8,2.1,1.6,-8.1,-12.7,-14.7,-13.1,-8.7,-3.8,-2.0,-3.7,-6.9,-8.8,-10.2,-11.2,-11.1,-10.2,-8.5,-6.8,-5.9,-5.3,-5.3,-5.8,-6.1,-5.4,-6.3,-8.5,-10.5,-11.3,-10.3,-8.2,-12.7,-17.2,-19.2,-17.4,-13.0,-8.5,-6.5,-8.0,-12.7,-14.3,-15.4,-15.9,-15.8,-15.4,-14.4,-12.4,-11.1,-10.3,-10.4,-11.1,-11.1,-10.4,-11.2,-13.0,-14.9,-15.6,-14.8,-12.9,1297.9,1297.8,1297.5,1297.0,1296.8,1297.1,1297.1,1297.6,1301.7,1298.6,1296.3,1294.9,1295.2,1296.6,1298.3,1296.5,1294.9,1294.8,1296.2,1298.6,1298.3,1298.1,1297.9,1297.9,1298.1,1298.3,1298.4,1298.4,1272.8,1271.4,1269.6,1268.4,1268.5,1269.9,1271.8,1273.4,1274.2,1271.4,1268.9,1267.3,1267.4,1268.9,1271.1,1269.4,1268.2,1268.1,1269.5,1272.0,1272.5,1272.0,1271.2,1270.6,1270.5,1271.0,1271.8,1272.4,-22.6,23.6,1336.3,0.165,0.2769999999999999,-0.077,458.6,459.2,463.7,473.6,488.2,508.6,530.4,555.9,591.5,632.8,675.8,716.1,748.2,766.8,773.0,776.7,780.4,460.8,472.5,489.6,510.2,529.4,605.9,637.8,666.8,694.5,718.2,570.9,569.6,567.8,566.0,543.1,558.9,575.8,594.3,611.9,488.4,502.9,521.8,539.6,521.4,503.3,624.9,642.4,663.0,683.2,665.0,644.8,528.5,543.0,562.4,580.0,601.4,634.2,666.8,638.6,607.3,583.8,564.6,544.7,537.3,563.4,581.5,603.1,657.6,604.7,582.5,564.0,340.1,378.5,416.0,452.9,487.6,520.3,549.6,577.6,588.0,582.9,562.8,535.1,500.0,456.7,408.6,359.5,310.3,297.9,282.1,276.7,276.9,280.9,274.0,262.9,259.6,265.5,279.5,328.6,355.4,382.1,409.3,425.9,432.5,437.3,430.3,424.6,343.1,335.3,333.9,340.2,346.0,347.6,332.7,323.3,322.1,326.5,333.8,335.9,475.0,463.8,459.7,462.7,457.4,459.0,465.3,496.5,512.6,516.5,514.8,502.1,476.6,473.5,474.7,471.2,468.1,492.7,496.1,494.2,-84.1,-83.8,-81.8,-77.4,-70.6,-60.9,-50.4,-38.3,-21.9,-3.2,16.2,34.6,49.1,57.4,60.1,61.7,63.4,-81.6,-75.8,-67.6,-57.9,-49.0,-15.0,-1.0,11.8,23.9,34.4,-30.5,-31.0,-31.7,-32.4,-43.0,-35.9,-28.3,-20.1,-12.4,-68.7,-61.8,-53.1,-45.0,-53.2,-61.6,-6.7,1.1,10.1,19.0,11.0,2.1,-50.5,-43.3,-34.4,-26.5,-17.0,-2.6,11.9,-0.6,-14.4,-24.8,-33.4,-42.7,-46.4,-34.0,-25.9,-16.3,7.8,-15.6,-25.5,-33.8,-9.2,8.6,26.0,43.2,59.3,74.3,87.1,99.0,103.0,100.6,91.9,79.5,63.6,43.8,21.9,-0.2,-22.5,-28.3,-35.2,-37.4,-37.1,-35.0,-37.7,-42.5,-44.1,-41.5,-35.4,-13.9,-2.0,9.7,21.6,29.2,32.1,34.1,31.0,28.4,-7.7,-11.1,-11.7,-8.9,-6.3,-5.6,-12.1,-16.2,-16.7,-14.8,-11.5,-10.6,52.0,46.3,44.2,45.3,42.9,43.7,46.8,60.4,67.3,69.2,68.7,63.6,52.6,50.4,50.7,49.0,48.1,58.6,60.2,59.6,1390.7,1390.2,1392.1,1395.1,1394.7,1389.7,1379.2,1364.6,1355.1,1353.6,1358.8,1362.6,1361.7,1358.1,1355.0,1354.2,1355.5,1366.8,1357.9,1347.9,1338.4,1329.6,1314.3,1315.2,1316.4,1317.3,1319.0,1324.9,1320.8,1316.5,1312.5,1331.4,1326.3,1322.3,1321.2,1320.8,1358.8,1351.6,1347.4,1343.8,1346.9,1351.0,1326.5,1324.1,1321.8,1321.6,1320.9,1322.9,1357.9,1339.9,1328.8,1323.8,1320.2,1324.9,1334.9,1327.5,1322.6,1325.9,1330.9,1342.9,1354.6,1331.1,1326.1,1322.3,1334.3,1323.7,1327.3,1332.8,2.237,0.185,0.304,-0.081,589.612,412.668,-27.918000000000003,-34.209,6.359,-11.432,0.08,-8.363,-16.11,2.333,-8.631,-2.173,-14.84,2.313,2.188,-1.655,3.2230000000000003,-0.373,-3.653,-4.875,-4.789,-6.252999999999999,1.852,2.792,1.662,-1.544,0.8340000000000001,3.259,2.45,-2.022,1.4369999999999998,0.5770000000000001,0.266,0.106,-0.034,-0.022,1.02,1.5,0.0,0.0,1.52,0.99,0.14,1.65,2.53,1.23,0.0,0.0,0.0,0.08,2.73,0.7,1.84,1.0,1.0,0.0,0.0,1.0,0.0,0.0,1.0,1.0,1.0,1.0,0.0,0.0,0.0,1.0,1.0,0.0,1.0,
30.0,0.968,0.98,-0.115281,0.352952,-0.928512,-0.336486,0.382634,-0.8604459999999999,-0.247,0.39,498.4,502.1,511.7,521.8,526.3,523.4,512.9,502.9,486.1,492.6,500.8,511.2,521.8,530.2,536.9,530.1,520.9,510.7,501.3,493.1,508.1,512.8,517.3,519.0,516.9,512.2,507.7,506.0,632.6,635.8,645.2,655.5,660.5,657.3,647.8,637.2,627.0,632.2,639.7,649.9,660.8,671.0,679.9,672.0,662.1,651.6,641.4,632.9,643.5,647.8,651.7,653.1,651.0,646.7,642.7,641.4,338.6,328.1,323.4,327.2,337.3,348.6,352.5,348.7,340.8,336.4,333.4,331.1,331.4,333.5,337.3,341.3,343.2,344.6,344.5,343.4,343.1,344.9,342.7,337.8,333.1,331.3,333.5,338.4,328.2,317.4,312.8,317.0,327.5,338.3,342.9,339.4,328.1,324.4,321.9,320.7,321.1,322.1,324.4,329.0,332.1,333.6,333.4,331.9,332.1,333.9,331.9,327.4,323.0,321.2,323.2,327.7,-62.0,-60.4,-56.2,-51.7,-49.8,-51.0,-55.6,-60.0,-67.6,-64.6,-60.9,-56.3,-51.6,-48.0,-45.2,-48.1,-52.1,-56.5,-60.7,-64.4,-57.8,-55.7,-53.7,-53.0,-53.9,-56.0,-58.0,-58.7,-3.1,-1.8,2.2,6.5,8.6,7.2,3.3,-1.2,-5.5,-3.3,-0.1,4.1,8.7,13.0,16.8,13.4,9.2,4.9,0.6,-3.0,1.5,3.3,4.9,5.5,4.6,2.8,1.1,0.6,-9.4,-14.0,-16.0,-14.4,-9.9,-5.0,-3.3,-5.0,-8.4,-10.3,-11.6,-12.6,-12.5,-11.6,-9.9,-8.2,-7.3,-6.7,-6.8,-7.3,-7.4,-6.6,-7.6,-9.7,-11.8,-12.6,-11.6,-9.5,-13.4,-17.9,-19.8,-18.0,-13.6,-9.1,-7.2,-8.7,-13.4,-15.0,-15.9,-16.4,-16.3,-15.9,-14.9,-13.0,-11.7,-11.1,-11.2,-11.8,-11.7,-11.0,-11.8,-13.7,-15.5,-16.3,-15.5,-13.6,1313.7,1313.7,1313.5,1313.1,1312.8,1313.0,1313.0,1313.4,1317.5,1314.4,1312.2,1310.8,1311.1,1312.5,1314.2,1312.3,1310.7,1310.6,1311.9,1314.3,1314.2,1314.0,1313.9,1313.9,1314.0,1314.2,1314.3,1314.3,1260.9,1259.5,1257.6,1256.4,1256.5,1257.9,1259.7,1261.4,1262.4,1259.6,1257.1,1255.4,1255.4,1256.9,1259.1,1257.4,1256.2,1256.1,1257.6,1260.2,1260.5,1259.9,1259.1,1258.6,1258.5,1259.0,1259.8,1260.4,-23.9,22.5,1333.6,0.151,0.288,-0.066,457.4,457.3,461.4,471.0,485.5,505.9,527.4,552.5,587.8,628.7,671.6,712.0,744.5,763.8,770.6,775.0,779.3,459.5,471.4,488.3,508.6,527.4,604.0,636.0,664.9,692.6,716.4,568.5,566.8,564.5,562.3,539.6,555.3,572.1,590.7,608.4,486.7,501.2,520.0,537.7,519.5,501.4,622.4,640.1,660.8,680.9,662.5,642.3,524.9,539.4,558.7,576.2,597.4,630.3,663.6,634.2,602.5,579.2,560.2,540.6,533.7,559.7,577.6,599.0,654.1,600.2,578.2,559.9,336.8,375.4,413.3,450.9,486.2,519.3,548.7,576.2,586.2,581.3,561.9,535.3,501.1,458.2,410.0,360.8,311.6,294.0,278.3,272.8,273.2,277.4,271.1,260.5,257.5,263.6,277.8,325.6,352.2,378.7,405.7,422.7,429.2,434.0,427.2,421.7,339.9,332.3,331.1,337.3,343.0,344.4,330.6,321.5,320.5,324.9,332.0,334.0,471.9,460.7,456.5,459.5,454.5,456.5,463.1,494.3,509.9,513.7,512.0,499.3,473.6,470.4,471.6,468.2,466.0,490.0,493.2,491.3,-84.6,-84.6,-82.8,-78.5,-71.7,-62.0,-51.6,-39.7,-23.5,-5.1,14.3,32.6,47.3,55.9,58.8,60.8,62.8,-82.1,-76.2,-68.1,-58.5,-49.8,-15.7,-1.8,10.9,23.0,33.5,-31.5,-32.2,-33.1,-33.9,-44.5,-37.4,-29.9,-21.7,-13.9,-69.3,-62.4,-53.8,-45.7,-54.0,-62.3,-7.8,0.1,9.1,18.0,9.9,1.0,-52.0,-44.8,-35.9,-28.1,-18.7,-4.3,10.5,-2.5,-16.5,-26.8,-35.3,-44.4,-47.9,-35.6,-27.5,-18.0,6.3,-17.5,-27.3,-35.5,-10.7,7.1,24.7,42.2,58.5,73.6,86.5,98.0,101.9,99.5,91.2,79.4,63.9,44.4,22.5,0.3,-21.8,-30.0,-36.9,-39.1,-38.7,-36.6,-38.8,-43.6,-44.9,-42.3,-36.1,-15.2,-3.4,8.2,19.9,27.8,30.5,32.6,29.5,27.1,-9.1,-12.5,-13.0,-10.1,-7.6,-7.0,-13.0,-17.0,-17.4,-15.4,-12.3,-11.5,50.6,44.9,42.7,43.8,41.5,42.5,45.8,59.3,65.9,67.8,67.3,62.2,51.2,48.9,49.2,47.6,47.0,57.2,58.8,58.2,1389.5,1388.8,1390.5,1393.1,1392.1,1386.5,1375.3,1360.4,1351.1,1349.7,1355.1,1358.9,1358.0,1354.6,1351.5,1350.9,1352.3,1365.0,1356.2,1346.2,1336.6,1327.7,1311.7,1312.7,1313.8,1314.7,1316.2,1322.5,1318.2,1313.8,1309.6,1328.5,1323.4,1319.3,1318.3,1317.8,1356.8,1349.6,1345.4,1341.6,1344.7,1348.8,1323.8,1321.4,1319.1,1318.9,1318.1,1320.2,1355.3,1337.1,1325.9,1320.8,1317.2,1321.7,1331.7,1324.0,1319.1,1322.4,1327.4,1339.7,1352.0,1328.1,1323.1,1319.2,1331.1,1320.5,1324.0,1329.5,2.242,0.17,0.317,-0.07,586.672,410.355,-27.262,-33.186,6.944,-11.993,0.639,-7.591,-15.269,3.342,-9.37,-2.84,-15.142,1.784,1.967,-2.334,2.822,-0.13,-3.808,-4.523,-4.972,-6.196000000000001,1.99,2.189,1.46,-1.812,0.617,3.268,2.927,-1.928,1.3159999999999998,0.536,0.359,0.179,-0.033,0.037,1.01,1.54,0.0,0.0,1.53,0.98,0.19,1.62,2.58,1.14,0.0,0.0,0.0,0.1,2.7,0.59,1.94,1.0,1.0,0.0,0.0,1.0,0.0,0.0,1.0,1.0,1.0,1.0,0.0,0.0,0.0,1.0,1.0,0.0,1.0,
31.0,1.001,0.98,-0.091396,0.339466,-0.936167,-0.3411929999999999,0.3745989999999999,-0.8621270000000001,-0.236,0.3779999999999999,498.3,501.9,511.5,521.5,526.0,523.2,512.8,502.8,485.6,491.9,500.1,510.5,521.2,529.5,535.9,529.1,519.9,509.7,500.4,492.2,508.0,512.6,517.0,518.6,516.6,512.0,507.6,505.9,632.4,635.7,645.3,655.5,660.4,657.1,647.5,636.9,626.8,632.1,639.8,650.1,661.1,671.2,679.9,672.0,662.1,651.7,641.3,632.8,643.3,647.5,651.5,652.9,650.8,646.6,642.7,641.3,336.7,326.3,321.6,325.3,335.3,346.4,350.4,346.7,339.4,334.8,331.6,329.3,329.7,332.0,336.0,339.7,341.5,342.7,342.8,341.9,341.1,342.8,340.7,335.9,331.3,329.6,331.8,336.6,327.3,316.7,312.2,316.5,327.0,337.6,342.1,338.4,327.2,323.6,321.3,320.2,320.7,321.8,324.1,328.5,331.4,332.8,332.4,330.9,331.2,333.0,331.1,326.8,322.4,320.6,322.5,326.8,-62.3,-60.7,-56.5,-52.1,-50.1,-51.3,-55.9,-60.3,-68.1,-65.1,-61.4,-56.8,-52.1,-48.5,-45.8,-48.7,-52.7,-57.1,-61.3,-65.0,-58.0,-56.0,-54.1,-53.3,-54.3,-56.3,-58.2,-59.0,-3.2,-1.8,2.2,6.5,8.6,7.2,3.2,-1.3,-5.6,-3.3,-0.1,4.2,8.8,13.1,16.8,13.5,9.3,4.9,0.6,-3.1,1.4,3.2,4.8,5.4,4.6,2.8,1.1,0.5,-10.2,-14.8,-16.9,-15.2,-10.8,-6.0,-4.2,-5.8,-9.1,-11.1,-12.5,-13.5,-13.3,-12.3,-10.5,-8.9,-8.1,-7.6,-7.6,-8.0,-8.3,-7.5,-8.5,-10.6,-12.6,-13.4,-12.4,-10.3,-13.8,-18.2,-20.1,-18.3,-13.9,-9.4,-7.6,-9.1,-13.8,-15.3,-16.3,-16.7,-16.5,-16.1,-15.1,-13.2,-12.0,-11.4,-11.6,-12.2,-12.1,-11.4,-12.2,-14.0,-15.8,-16.6,-15.8,-14.0,1318.2,1318.5,1318.4,1318.0,1317.6,1317.6,1317.4,1317.8,1322.2,1319.2,1317.0,1315.6,1316.0,1317.3,1318.9,1317.0,1315.4,1315.3,1316.7,1319.1,1318.7,1318.5,1318.5,1318.6,1318.8,1319.0,1319.0,1318.9,1264.9,1263.5,1261.7,1260.6,1260.8,1262.3,1264.1,1265.6,1266.5,1263.7,1261.1,1259.6,1259.8,1261.3,1263.7,1261.9,1260.6,1260.4,1261.8,1264.3,1264.6,1264.2,1263.4,1262.8,1262.7,1263.2,1263.9,1264.5,-24.4,21.9,1334.6,0.141,0.282,-0.055,456.2,455.9,459.7,468.9,483.2,503.6,525.1,550.2,585.4,626.3,669.0,709.5,742.1,761.6,768.9,773.8,778.7,459.2,471.4,488.4,508.8,527.7,604.9,637.0,665.8,693.2,716.7,568.7,566.7,564.3,561.9,538.7,554.3,571.1,589.8,607.6,485.8,500.6,519.4,537.0,518.7,500.6,622.4,640.3,660.9,681.0,662.5,642.2,523.3,538.2,557.8,575.0,595.8,628.8,662.2,632.3,600.3,577.4,558.7,538.9,532.0,558.6,576.2,597.2,652.7,598.3,576.7,558.6,333.9,372.7,410.9,448.9,484.6,517.9,547.2,574.7,584.8,580.2,561.3,535.1,501.3,458.8,410.8,361.9,313.1,292.0,276.2,270.5,270.7,274.9,269.3,259.3,256.7,263.0,277.4,323.7,350.2,376.3,403.2,420.3,426.9,431.8,425.2,419.7,338.2,330.6,329.5,335.7,341.3,342.6,329.6,320.8,320.1,324.6,331.4,333.2,469.8,458.5,454.3,457.4,452.5,455.0,462.1,493.1,508.3,511.9,510.1,497.5,471.6,468.1,469.4,466.2,464.9,488.5,491.5,489.6,-85.2,-85.3,-83.6,-79.5,-72.8,-63.1,-52.7,-40.8,-24.6,-6.2,13.1,31.5,46.2,54.9,58.1,60.3,62.6,-82.3,-76.3,-68.1,-58.5,-49.7,-15.4,-1.3,11.3,23.3,33.7,-31.5,-32.2,-33.2,-34.1,-44.9,-37.8,-30.3,-22.1,-14.3,-69.8,-62.8,-54.1,-46.1,-54.4,-62.7,-7.8,0.1,9.2,18.1,9.9,1.0,-52.8,-45.4,-36.4,-28.7,-19.4,-4.9,9.9,-3.4,-17.5,-27.6,-36.0,-45.2,-48.7,-36.1,-28.2,-18.8,5.7,-18.4,-28.0,-36.1,-12.1,5.9,23.6,41.3,57.8,73.0,85.9,97.4,101.3,99.1,91.0,79.4,64.0,44.6,22.9,0.9,-21.2,-30.9,-37.9,-40.2,-39.8,-37.7,-39.7,-44.2,-45.3,-42.6,-36.3,-16.0,-4.3,7.2,18.9,26.7,29.5,31.6,28.7,26.3,-9.9,-13.2,-13.7,-10.9,-8.4,-7.8,-13.4,-17.3,-17.6,-15.6,-12.6,-11.8,49.6,43.9,41.7,42.9,40.7,41.9,45.4,58.8,65.3,67.0,66.5,61.4,50.3,47.9,48.3,46.7,46.6,56.6,58.1,57.5,1391.0,1390.1,1391.6,1394.0,1392.8,1387.1,1376.1,1361.3,1352.1,1350.7,1356.0,1360.0,1359.1,1355.7,1352.9,1352.7,1354.5,1365.9,1357.4,1347.5,1338.1,1329.1,1313.5,1314.9,1316.1,1317.0,1318.4,1323.8,1319.5,1314.9,1310.6,1329.4,1324.3,1320.2,1319.2,1318.8,1357.7,1350.6,1346.5,1342.7,1345.8,1349.8,1325.4,1323.2,1321.0,1320.8,1319.9,1321.9,1356.2,1338.0,1326.7,1321.8,1318.3,1323.0,1333.3,1325.3,1320.1,1323.2,1328.1,1340.5,1353.0,1328.8,1324.0,1320.3,1332.6,1321.5,1324.9,1330.2,2.24,0.16,0.312,-0.059,585.651,408.872,-27.08,-31.843000000000004,7.473,-12.002,0.78,-8.256,-15.12,3.623,-9.385,-3.087,-15.816,2.8080000000000003,1.825,-2.785,2.62,-0.217,-3.992,-4.388,-5.193,-5.83,2.076,2.376,1.828,-1.743,0.39,3.373,2.827,-1.905,1.257,0.432,0.347,0.155,-0.161,0.055,1.09,1.66,0.0,0.0,1.5,0.84,0.23,1.68,2.57,1.02,0.0,0.0,0.0,0.1,2.76,0.66,2.03,1.0,1.0,0.0,0.0,1.0,0.0,0.0,1.0,1.0,1.0,1.0,0.0,0.0,0.0,1.0,1.0,0.0,1.0,
32.0,1.034,0.98,-0.088244,0.33128,-0.939397,-0.333059,0.358734,-0.871999,-0.2289999999999999,0.364,499.1,502.7,512.4,522.5,527.1,524.3,513.8,503.7,486.8,492.9,500.9,511.2,522.0,530.6,537.4,530.5,520.8,510.4,501.1,493.1,509.1,513.6,518.0,519.6,517.5,513.0,508.7,507.1,634.1,637.5,647.1,657.3,662.0,658.6,649.0,638.4,628.4,633.7,641.5,651.8,662.7,672.6,681.0,673.4,663.7,653.3,643.0,634.3,644.8,649.1,653.1,654.5,652.5,648.3,644.3,642.8,334.6,324.1,319.3,323.0,333.1,344.3,348.4,344.7,337.1,332.5,329.4,327.2,327.5,329.6,333.2,337.6,339.6,341.1,341.1,340.0,338.9,340.5,338.4,333.7,329.2,327.6,329.7,334.4,325.6,315.2,310.8,315.1,325.5,335.9,340.3,336.6,325.4,322.1,320.0,319.0,319.6,320.7,323.0,327.5,330.3,331.6,331.1,329.4,329.6,331.4,329.6,325.2,320.8,319.0,320.9,325.2,-61.1,-59.5,-55.3,-50.9,-48.9,-50.1,-54.7,-59.1,-66.6,-63.9,-60.3,-55.7,-51.1,-47.4,-44.5,-47.4,-51.6,-56.1,-60.2,-63.8,-56.8,-54.8,-52.9,-52.2,-53.1,-55.1,-57.0,-57.6,-2.5,-1.0,3.0,7.3,9.3,7.9,3.8,-0.7,-4.9,-2.7,0.6,5.0,9.6,13.8,17.4,14.2,10.1,5.7,1.3,-2.4,2.0,3.8,5.6,6.2,5.3,3.5,1.8,1.2,-11.0,-15.6,-17.6,-16.0,-11.7,-6.8,-5.0,-6.6,-9.9,-11.9,-13.2,-14.2,-14.1,-13.2,-11.6,-9.7,-8.8,-8.2,-8.2,-8.7,-9.2,-8.4,-9.4,-11.4,-13.3,-14.1,-13.1,-11.1,-14.6,-19.0,-20.8,-19.0,-14.6,-10.2,-8.4,-9.9,-14.7,-16.1,-17.0,-17.3,-17.1,-16.7,-15.7,-13.8,-12.6,-12.0,-12.2,-13.0,-12.9,-12.1,-12.9,-14.8,-16.6,-17.4,-16.6,-14.8,1300.8,1301.0,1300.6,1300.0,1299.5,1299.5,1299.6,1300.3,1305.2,1302.0,1299.6,1298.0,1298.1,1299.3,1300.7,1299.0,1297.6,1297.7,1299.3,1301.9,1301.0,1300.8,1300.6,1300.7,1300.9,1301.2,1301.3,1301.3,1274.9,1273.6,1271.9,1270.9,1271.2,1272.5,1274.2,1275.6,1276.6,1273.9,1271.5,1269.9,1270.2,1271.8,1274.2,1272.4,1271.1,1270.8,1272.1,1274.5,1274.8,1274.4,1273.6,1273.1,1272.9,1273.4,1274.1,1274.7,-24.1,21.2,1336.5,0.127,0.272,-0.044,455.7,455.6,459.4,468.3,482.3,502.5,524.1,549.5,584.8,625.3,667.6,707.7,740.2,760.0,767.7,773.0,778.3,459.6,472.0,489.5,510.4,529.8,607.6,639.5,668.1,695.1,718.3,570.5,568.6,566.3,563.9,540.0,555.8,572.6,591.2,609.0,486.5,501.5,520.5,538.1,519.7,501.5,624.0,641.8,662.5,682.3,664.0,643.8,523.3,538.1,558.0,576.0,597.8,630.3,662.4,633.8,602.4,578.4,558.9,538.8,532.2,558.6,577.1,599.1,652.8,600.4,577.8,558.9,330.0,369.1,407.7,446.1,482.5,516.8,547.0,575.0,585.3,581.0,562.4,536.6,502.9,460.4,412.1,362.7,313.6,290.1,273.6,267.7,268.0,272.1,267.1,257.5,255.4,262.0,276.7,321.8,347.7,373.5,399.9,417.7,424.2,429.2,422.6,417.3,336.1,328.5,327.4,333.6,339.2,340.4,328.0,319.5,318.9,323.6,330.1,331.8,468.5,456.0,451.5,454.7,449.8,452.8,461.3,491.5,506.5,510.2,508.3,495.7,470.0,465.6,467.0,463.7,463.9,486.7,489.8,487.8,-85.5,-85.6,-83.9,-79.9,-73.3,-63.6,-53.2,-41.1,-24.9,-6.6,12.5,30.7,45.5,54.3,57.7,60.1,62.6,-82.2,-76.1,-67.7,-57.9,-48.9,-14.2,-0.2,12.4,24.3,34.5,-30.7,-31.5,-32.4,-33.3,-44.4,-37.2,-29.7,-21.5,-13.6,-69.5,-62.4,-53.7,-45.7,-54.0,-62.4,-7.1,0.8,9.9,18.7,10.6,1.7,-52.8,-45.5,-36.3,-28.2,-18.6,-4.3,10.0,-2.7,-16.6,-27.2,-36.0,-45.2,-48.6,-36.1,-27.8,-18.0,5.7,-17.5,-27.5,-36.0,-13.9,4.2,22.1,40.1,56.9,72.5,85.8,97.6,101.7,99.6,91.6,80.2,64.8,45.4,23.5,1.2,-21.0,-31.9,-39.2,-41.5,-41.1,-39.0,-40.8,-45.1,-46.0,-43.1,-36.7,-16.9,-5.4,5.9,17.4,25.6,28.4,30.5,27.6,25.3,-10.8,-14.2,-14.7,-11.9,-9.4,-8.8,-14.2,-17.9,-18.1,-16.1,-13.2,-12.5,49.1,42.9,40.5,41.8,39.5,41.0,45.1,58.2,64.6,66.3,65.7,60.7,49.6,46.8,47.3,45.7,46.2,55.9,57.4,56.7,1392.3,1391.6,1393.2,1395.4,1393.6,1387.5,1376.7,1362.2,1353.4,1352.4,1357.8,1362.1,1361.2,1357.9,1355.1,1355.0,1356.9,1367.4,1359.1,1349.4,1340.3,1331.8,1316.7,1318.1,1319.4,1320.3,1321.8,1326.5,1322.1,1317.6,1313.3,1331.8,1326.7,1322.6,1321.5,1321.2,1359.1,1352.3,1348.4,1344.8,1347.7,1351.5,1328.3,1326.3,1324.1,1324.0,1323.1,1324.9,1356.8,1339.0,1328.4,1323.5,1320.1,1324.8,1335.1,1327.2,1322.0,1325.1,1329.9,1341.6,1353.7,1330.4,1325.6,1321.9,1334.3,1323.6,1326.9,1332.2,2.236,0.145,0.301,-0.048,586.339,407.257,-29.743,-30.74,7.044,-11.738,-0.5329999999999999,-8.907,-14.164,5.11,-8.453,-4.808,-17.444000000000003,2.251,1.475,-1.419,2.904,-0.497,-5.229,-4.584,-5.012,-6.632999999999999,1.481,2.438,1.4980000000000002,-2.251,0.721,2.8710000000000004,2.675,-1.98,1.149,0.3989999999999999,0.212,0.1889999999999999,-0.061,0.02,1.08,1.77,0.0,0.0,1.47,0.82,0.3,1.68,2.53,1.02,0.0,0.0,0.0,0.06,2.92,0.89,2.06,1.0,1.0,0.0,0.0,1.0,0.0,0.0,1.0,1.0,1.0,1.0,0.0,0.0,0.0,1.0,1.0,0.0,1.0,
33.0,1.068,0.98,-0.088544,0.323437,-0.942098,-0.335769,0.347893,-0.875346,-0.2289999999999999,0.354,500.8,504.7,514.6,524.8,529.3,526.3,515.5,505.3,489.2,495.2,503.1,513.2,523.9,533.0,540.1,532.9,522.9,512.3,503.0,495.1,511.1,515.6,520.0,521.6,519.7,515.2,510.8,509.1,636.8,640.5,650.1,660.1,664.6,660.9,651.3,640.8,631.4,637.1,645.1,655.3,665.9,675.5,683.7,676.2,666.7,656.4,646.1,637.3,647.4,651.5,655.4,656.9,655.1,651.0,647.1,645.6,332.5,321.8,316.9,320.6,330.8,342.2,346.3,342.6,334.9,330.3,327.1,325.0,325.4,327.5,331.1,335.3,337.1,338.4,338.5,337.6,336.8,338.5,336.3,331.6,327.2,325.5,327.7,332.4,323.3,312.9,308.6,312.9,323.3,333.7,338.0,334.3,323.2,320.1,318.1,317.2,317.8,319.0,321.2,325.4,328.0,329.0,328.6,327.1,327.3,329.1,327.3,323.1,318.9,317.1,318.8,323.0,-59.6,-58.0,-53.7,-49.3,-47.4,-48.6,-53.3,-57.7,-64.8,-62.1,-58.6,-54.2,-49.6,-45.8,-42.8,-45.8,-50.0,-54.6,-58.6,-62.2,-55.2,-53.3,-51.4,-50.7,-51.6,-53.5,-55.4,-56.1,-1.4,0.2,4.3,8.6,10.6,9.0,4.8,0.3,-3.7,-1.3,2.2,6.6,11.1,15.3,18.8,15.6,11.5,7.0,2.6,-1.1,3.2,4.9,6.6,7.3,6.5,4.7,3.1,2.4,-11.8,-16.4,-18.5,-16.9,-12.5,-7.6,-5.9,-7.4,-10.8,-12.8,-14.1,-15.0,-14.8,-13.9,-12.4,-10.6,-9.8,-9.2,-9.2,-9.6,-9.9,-9.2,-10.2,-12.2,-14.1,-14.8,-13.9,-11.8,-15.8,-20.3,-22.1,-20.2,-15.8,-11.3,-9.5,-11.1,-15.9,-17.2,-18.0,-18.4,-18.1,-17.6,-16.7,-14.9,-13.8,-13.3,-13.5,-14.2,-14.1,-13.3,-14.1,-15.9,-17.7,-18.5,-17.7,-15.9,1285.5,1285.9,1285.5,1284.5,1283.5,1283.3,1283.5,1284.5,1290.0,1287.0,1284.4,1282.8,1282.6,1283.5,1284.7,1283.0,1281.7,1282.0,1283.8,1286.6,1285.4,1284.9,1284.7,1284.9,1285.3,1285.8,1286.0,1285.8,1292.7,1291.5,1290.0,1289.0,1289.1,1290.2,1291.7,1293.2,1294.1,1291.5,1289.2,1287.8,1288.3,1290.1,1292.6,1290.5,1289.0,1288.5,1289.6,1291.9,1292.5,1292.1,1291.4,1291.0,1290.9,1291.3,1292.0,1292.4,-23.1,20.5,1332.8,0.11,0.254,-0.034,456.7,456.4,460.3,469.2,483.1,503.1,524.5,550.4,585.9,626.3,667.8,707.4,739.5,759.0,766.8,772.2,777.4,461.9,474.3,492.1,513.6,533.4,611.4,643.2,671.5,698.3,720.8,573.7,571.9,569.8,567.6,542.5,558.6,575.6,594.6,612.8,488.5,503.7,522.7,540.4,522.0,503.8,627.0,645.0,665.6,685.1,667.0,646.8,525.6,540.2,560.5,578.5,600.2,632.9,664.7,636.3,604.7,580.8,561.3,540.9,534.7,561.0,579.4,601.3,654.9,602.8,580.3,561.4,326.7,366.0,404.9,443.7,481.1,516.7,548.5,577.8,588.9,584.9,566.3,539.5,504.8,461.5,412.4,362.4,312.8,288.9,271.2,264.8,265.0,269.4,264.5,254.7,252.7,259.7,275.5,318.9,344.6,370.0,396.3,414.5,421.1,426.2,419.5,414.1,334.1,326.4,325.3,331.0,336.8,338.1,325.5,317.4,316.9,321.7,327.9,329.4,468.6,454.1,448.8,452.0,447.3,451.1,461.7,492.2,506.9,510.3,508.4,495.8,469.9,463.3,464.6,461.6,463.9,487.0,490.0,488.0,-84.8,-84.9,-83.1,-79.1,-72.6,-63.1,-52.9,-40.6,-24.3,-6.2,12.5,30.6,45.1,53.8,57.2,59.6,62.1,-80.9,-74.8,-66.3,-56.3,-47.2,-12.5,1.4,13.8,25.6,35.6,-29.3,-30.0,-30.8,-31.6,-43.2,-35.9,-28.3,-20.0,-12.0,-68.4,-61.3,-52.6,-44.5,-52.9,-61.2,-5.8,2.2,11.3,19.9,11.9,3.0,-51.6,-44.4,-35.1,-27.0,-17.5,-3.1,11.0,-1.6,-15.5,-26.0,-34.8,-44.2,-47.4,-34.9,-26.7,-17.0,6.6,-16.4,-26.3,-34.8,-15.4,2.8,20.8,38.8,56.0,72.2,86.3,98.7,103.0,101.1,93.1,81.3,65.6,45.8,23.6,1.1,-21.3,-32.3,-40.1,-42.7,-42.3,-40.2,-41.8,-46.2,-47.1,-44.1,-37.2,-18.1,-6.8,4.4,15.8,24.1,27.0,29.1,26.1,23.8,-11.7,-15.1,-15.6,-13.0,-10.4,-9.9,-15.2,-18.8,-19.0,-16.9,-14.1,-13.5,49.0,41.9,39.2,40.5,38.3,40.1,45.2,58.3,64.5,66.2,65.6,60.5,49.4,45.7,46.1,44.6,46.1,55.9,57.3,56.6,1387.6,1386.7,1388.0,1390.0,1388.3,1382.7,1373.1,1358.9,1349.9,1348.8,1354.4,1359.4,1358.8,1355.4,1352.6,1352.5,1354.6,1362.8,1355.2,1345.7,1337.2,1329.5,1315.0,1316.8,1318.1,1319.3,1321.0,1323.7,1319.1,1314.4,1309.9,1328.2,1323.1,1318.8,1318.0,1318.1,1355.2,1348.9,1345.3,1341.5,1344.5,1348.1,1326.1,1324.4,1322.5,1322.4,1321.3,1322.9,1352.7,1334.5,1324.1,1319.4,1316.2,1321.4,1332.5,1323.8,1318.1,1320.9,1325.4,1337.1,1349.5,1326.0,1321.4,1318.0,1331.6,1319.9,1323.0,1328.1,2.242,0.129,0.283,-0.038,588.433,405.983,-32.945,-29.849,8.142999999999999,-7.41,-4.013,-10.402,-13.617,5.968,-7.791,-6.982,-18.895,3.209,0.008,-1.884,2.899,-0.573,-4.797,-4.488,-4.61,-6.211,0.764,2.875,2.635,-3.131,0.778,2.648,2.564,-1.765,0.995,0.418,0.179,0.027,0.0289999999999999,0.091,1.15,1.93,0.01,0.0,1.39,1.0,0.42,1.66,2.36,0.95,0.0,0.0,0.0,0.04,3.09,1.29,2.1,1.0,1.0,0.0,0.0,1.0,0.0,0.0,1.0,1.0,1.0,0.0,0.0,0.0,0.0,1.0,1.0,0.0,1.0,
34.0,1.101,0.98,-0.0714559999999999,0.301698,-0.950722,-0.32764,0.3411119999999999,-0.881076,-0.215,0.337,503.0,506.5,516.5,527.2,532.3,529.7,518.8,508.2,490.4,496.9,505.3,515.5,526.3,535.3,542.4,535.7,526.1,515.5,505.6,497.1,513.3,518.4,523.2,524.9,522.4,517.3,512.5,510.8,639.1,642.9,652.9,663.3,667.9,664.1,654.1,643.3,633.7,639.5,647.8,658.3,669.1,678.9,686.9,679.3,669.7,659.3,648.8,639.9,649.9,654.3,658.5,660.1,658.2,653.8,649.6,648.0,329.3,318.5,313.2,316.6,326.7,338.3,342.7,339.3,332.1,327.6,324.3,322.1,322.2,324.1,327.4,331.6,333.6,335.1,335.5,334.8,333.8,335.4,332.9,327.7,322.9,321.2,323.8,329.0,319.4,309.0,304.9,309.5,320.1,330.5,334.7,330.6,319.7,316.6,314.7,314.1,314.8,315.8,318.0,322.2,325.0,326.1,325.4,323.6,323.7,325.7,323.9,319.5,315.0,313.1,314.8,319.2,-57.9,-56.5,-52.2,-47.7,-45.5,-46.6,-51.2,-55.7,-63.5,-60.6,-56.9,-52.5,-48.0,-44.2,-41.3,-44.0,-48.1,-52.5,-56.7,-60.5,-53.6,-51.4,-49.4,-48.7,-49.7,-51.9,-53.9,-54.6,-0.4,1.2,5.4,9.8,11.7,10.1,5.9,1.4,-2.6,-0.2,3.3,7.7,12.2,16.3,19.7,16.5,12.5,8.1,3.7,-0.0,4.2,6.0,7.8,8.5,7.6,5.8,4.0,3.4,-13.0,-17.6,-19.8,-18.3,-14.1,-9.2,-7.3,-8.7,-11.8,-13.7,-15.1,-16.0,-15.9,-15.2,-13.8,-12.0,-11.2,-10.5,-10.3,-10.7,-11.1,-10.4,-11.5,-13.7,-15.7,-16.4,-15.3,-13.1,-17.1,-21.4,-23.1,-21.2,-16.8,-12.4,-10.7,-12.4,-17.0,-18.3,-19.0,-19.2,-19.0,-18.6,-17.7,-15.9,-14.7,-14.2,-14.5,-15.3,-15.3,-14.5,-15.2,-17.0,-18.9,-19.7,-19.0,-17.2,1268.1,1268.7,1268.7,1268.1,1267.3,1267.0,1266.7,1267.3,1272.4,1269.6,1267.3,1266.1,1266.4,1267.5,1269.1,1267.1,1265.6,1265.4,1266.8,1269.3,1268.4,1268.1,1268.1,1268.4,1268.8,1269.0,1269.0,1268.7,1262.8,1261.3,1259.7,1258.9,1259.4,1260.9,1262.5,1263.7,1264.2,1261.5,1259.2,1258.0,1258.4,1260.3,1262.8,1261.0,1259.5,1259.1,1260.1,1262.3,1262.9,1262.5,1261.8,1261.2,1261.0,1261.3,1262.0,1262.7,-21.8,19.5,1324.4,0.09,0.243,-0.03,456.3,456.5,461.6,471.4,485.9,506.3,527.7,554.8,590.6,629.6,669.6,707.6,739.1,758.3,766.2,772.0,777.1,463.1,476.4,494.4,516.0,535.9,614.8,646.6,674.4,700.9,723.4,575.9,574.8,573.3,571.6,546.6,562.7,579.4,598.0,616.0,490.2,505.7,525.2,543.3,524.7,506.2,629.5,647.8,668.7,688.1,670.2,649.7,529.6,542.9,563.5,581.6,602.8,635.4,665.9,639.5,608.7,585.2,565.5,544.6,539.4,564.4,582.9,604.2,655.7,606.1,584.0,564.8,322.7,362.0,401.2,440.5,479.1,516.9,551.8,583.4,595.3,591.6,572.7,544.6,508.5,463.6,412.7,360.7,309.7,285.6,267.8,261.5,261.6,265.2,260.4,250.8,249.3,256.3,272.0,314.3,339.7,364.8,390.9,410.9,417.1,421.8,415.0,409.9,331.4,323.6,322.1,327.1,333.6,335.2,321.6,314.3,314.0,318.4,324.8,326.0,468.5,450.8,443.7,446.9,442.1,447.5,461.4,493.2,508.1,511.4,509.7,496.8,469.5,460.5,461.5,458.7,463.2,485.1,488.1,486.0,-84.4,-84.3,-82.0,-77.6,-70.8,-61.1,-51.0,-38.3,-22.1,-4.6,13.3,30.5,44.6,53.1,56.6,59.1,61.5,-79.8,-73.4,-64.9,-55.0,-45.9,-11.0,2.9,15.1,26.6,36.6,-28.1,-28.5,-29.1,-29.7,-41.1,-33.9,-26.5,-18.4,-10.5,-67.3,-60.0,-51.2,-43.0,-51.4,-59.8,-4.6,3.4,12.6,21.1,13.2,4.3,-49.4,-42.9,-33.5,-25.5,-16.2,-2.0,11.4,-0.2,-13.6,-24.0,-32.7,-42.2,-44.9,-33.2,-25.0,-15.6,6.9,-14.8,-24.5,-33.1,-17.1,0.9,19.0,37.0,54.7,71.7,87.1,100.6,105.3,103.6,95.5,83.2,66.9,46.6,23.6,0.3,-22.5,-33.6,-41.4,-43.9,-43.6,-41.8,-43.4,-47.7,-48.4,-45.4,-38.5,-20.1,-8.9,2.1,13.4,22.4,25.0,27.0,24.0,21.8,-12.9,-16.3,-16.9,-14.6,-11.8,-11.1,-16.9,-20.1,-20.2,-18.2,-15.4,-14.9,48.6,40.1,36.7,37.9,35.8,38.3,44.7,58.4,64.6,66.2,65.7,60.5,48.9,44.1,44.4,43.1,45.5,54.7,56.1,55.4,1378.4,1377.7,1379.1,1380.4,1377.7,1371.6,1363.0,1350.1,1342.6,1342.0,1347.5,1352.3,1351.3,1347.4,1344.2,1343.6,1344.8,1353.5,1346.6,1337.8,1330.3,1323.4,1308.5,1310.6,1311.9,1313.0,1314.2,1316.9,1312.1,1307.4,1302.9,1320.3,1315.4,1311.4,1310.8,1311.1,1347.5,1341.7,1338.3,1334.3,1337.4,1340.9,1319.5,1318.0,1316.1,1315.8,1314.9,1316.5,1342.7,1324.2,1314.6,1310.1,1306.9,1311.8,1323.0,1314.7,1309.6,1312.3,1316.6,1327.4,1339.3,1317.1,1312.7,1309.2,1322.0,1311.3,1314.2,1319.0,2.255,0.11,0.271,-0.033,591.044,404.07,-38.012,-28.922,7.103,-2.451,-8.554,-13.588,-11.057,8.832,-7.013999999999999,-14.734000000000002,-20.901,0.985,-1.675,-2.21,3.141,-2.3280000000000003,-5.345,-3.59,-2.779,-8.001,-0.126,2.136,3.709,-2.874,-0.247,2.191,2.158,-1.631,0.7140000000000001,0.243,0.103,-0.142,-0.031,0.102,1.2,2.1,0.05,0.0,1.34,1.19,0.62,1.57,2.1,0.98,0.0,0.0,0.0,0.0,3.17,1.7,2.13,1.0,1.0,0.0,0.0,1.0,0.0,0.0,1.0,1.0,1.0,0.0,0.0,0.0,0.0,1.0,1.0,0.0,1.0,
35.0,1.134,0.93,-0.052069,0.281482,-0.958153,-0.296362,0.329072,-0.896594,-0.186,0.318,505.3,508.7,518.7,529.5,534.7,532.2,521.3,510.5,492.8,499.2,507.4,517.4,528.1,537.4,544.8,538.0,528.1,517.5,507.7,499.3,515.6,520.9,525.8,527.4,524.9,519.6,514.7,513.1,641.7,645.7,655.9,666.5,671.1,667.2,656.9,645.8,635.8,641.9,650.5,661.4,672.3,682.1,689.7,682.2,672.5,661.8,651.1,642.1,652.7,657.1,661.4,663.1,661.1,656.7,652.4,650.7,325.9,315.1,309.6,312.7,322.6,334.3,339.0,335.8,329.2,324.6,321.1,318.8,318.8,320.7,323.7,328.0,330.0,331.7,332.3,331.7,330.4,332.0,329.3,324.0,319.1,317.6,320.3,325.6,315.4,305.1,301.1,305.7,316.3,326.6,330.6,326.5,316.0,312.9,311.1,310.7,311.5,312.5,314.5,318.5,321.0,322.0,321.2,319.4,319.6,321.6,319.9,315.6,311.1,309.1,310.8,315.2,-56.4,-55.0,-50.8,-46.3,-44.0,-45.1,-49.6,-54.2,-61.9,-59.0,-55.5,-51.3,-46.8,-42.9,-39.9,-42.7,-46.7,-51.1,-55.3,-59.0,-52.1,-49.8,-47.8,-47.1,-48.2,-50.4,-52.5,-53.2,0.7,2.4,6.6,11.0,12.9,11.3,7.0,2.4,-1.8,0.8,4.4,8.9,13.4,17.5,20.7,17.6,13.5,9.1,4.6,0.9,5.3,7.1,8.9,9.6,8.8,6.9,5.1,4.5,-14.3,-18.8,-21.1,-19.8,-15.6,-10.7,-8.8,-10.1,-12.9,-14.8,-16.3,-17.2,-17.2,-16.5,-15.2,-13.4,-12.5,-11.8,-11.6,-11.8,-12.4,-11.7,-12.9,-15.1,-17.1,-17.8,-16.6,-14.4,-18.6,-22.8,-24.5,-22.5,-18.2,-13.9,-12.2,-14.0,-18.3,-19.6,-20.3,-20.5,-20.1,-19.8,-19.0,-17.3,-16.2,-15.8,-16.1,-16.9,-16.8,-16.0,-16.7,-18.5,-20.3,-21.2,-20.5,-18.7,1255.9,1256.7,1256.7,1255.9,1254.8,1254.2,1254.0,1254.8,1260.5,1257.7,1255.3,1254.0,1254.0,1255.0,1256.3,1254.4,1253.0,1252.9,1254.5,1257.2,1255.9,1255.5,1255.5,1255.9,1256.4,1256.8,1256.8,1256.4,1249.6,1247.9,1246.4,1246.0,1246.9,1248.5,1250.0,1250.9,1251.2,1248.5,1246.3,1245.2,1245.9,1248.0,1250.7,1248.8,1247.2,1246.5,1247.4,1249.4,1250.0,1249.8,1249.2,1248.5,1248.1,1248.3,1248.9,1249.6,-20.4,18.3,1311.5,0.059,0.216,-0.027,456.0,456.6,462.7,473.5,488.7,509.5,531.3,559.6,596.0,634.3,672.6,708.8,739.2,757.9,766.1,771.9,776.6,465.0,478.4,496.6,518.4,538.4,618.3,649.9,677.4,703.5,725.7,578.9,578.1,577.1,575.8,550.5,566.6,583.4,601.7,619.7,491.9,507.6,527.3,545.9,527.2,508.4,631.7,650.6,671.5,690.8,673.0,652.2,534.4,546.5,567.1,585.2,605.8,637.3,665.5,641.8,613.0,589.9,570.3,549.0,544.7,568.4,586.8,607.6,655.0,609.7,588.2,569.0,318.7,358.5,398.6,439.1,478.9,518.6,555.7,588.4,600.4,596.4,576.9,547.5,510.1,464.1,411.8,358.8,307.1,282.3,264.0,257.2,257.1,260.4,255.3,246.4,245.1,252.3,268.2,309.4,334.6,359.6,385.7,407.2,412.9,417.3,410.4,405.3,328.3,320.5,318.8,323.0,330.0,332.1,317.2,310.8,310.9,314.7,321.1,322.0,469.3,447.9,438.7,441.8,436.8,444.1,461.3,493.4,507.9,511.5,509.9,497.5,469.8,457.6,458.2,455.4,462.7,482.4,485.5,483.6,-83.7,-83.4,-80.8,-75.9,-68.8,-59.0,-48.9,-35.8,-19.5,-2.5,14.5,30.8,44.4,52.6,56.1,58.6,60.8,-78.2,-71.9,-63.4,-53.5,-44.5,-9.4,4.3,16.3,27.6,37.3,-26.6,-26.8,-27.2,-27.6,-39.0,-31.9,-24.5,-16.6,-8.8,-65.9,-58.7,-49.9,-41.5,-49.9,-58.3,-3.6,4.6,13.7,22.1,14.4,5.3,-46.7,-40.8,-31.6,-23.7,-14.7,-1.2,11.1,0.8,-11.7,-21.7,-30.3,-39.8,-42.1,-31.1,-23.1,-14.0,6.5,-13.1,-22.5,-30.9,-18.8,-0.7,17.6,36.0,54.1,71.8,88.0,101.8,106.6,104.9,96.6,83.9,67.1,46.4,23.1,-0.5,-23.6,-34.7,-42.7,-45.4,-45.3,-43.6,-45.3,-49.3,-50.0,-46.9,-40.0,-22.0,-11.0,-0.2,11.1,20.6,23.0,24.8,21.8,19.7,-14.1,-17.5,-18.2,-16.3,-13.2,-12.4,-18.7,-21.5,-21.4,-19.7,-16.9,-16.5,48.4,38.3,34.1,35.3,33.1,36.4,44.2,57.9,63.9,65.6,65.1,60.1,48.4,42.4,42.5,41.2,44.8,53.0,54.4,53.8,1365.6,1365.2,1366.7,1367.6,1364.1,1357.6,1349.2,1336.9,1330.6,1330.8,1336.8,1342.2,1341.7,1338.0,1334.9,1334.1,1335.1,1340.7,1334.7,1326.3,1319.7,1313.6,1299.4,1302.2,1304.1,1305.5,1306.6,1306.7,1301.4,1296.2,1291.1,1307.9,1303.3,1299.4,1299.2,1300.1,1335.4,1330.0,1327.0,1322.8,1325.9,1329.2,1310.1,1308.9,1307.3,1307.2,1306.1,1307.3,1326.9,1308.8,1300.3,1296.2,1293.4,1298.3,1309.7,1301.3,1296.5,1298.8,1302.6,1312.0,1323.4,1303.3,1299.2,1296.1,1308.5,1298.1,1300.6,1304.9,2.275,0.08,0.242,-0.0289999999999999,593.7959999999999,401.839,-36.882,-25.519,4.595,5.526,-13.983,-17.16,-7.376,11.249,-7.332999999999999,-20.397,-21.898000000000003,-0.0139999999999999,-1.516,-2.492,3.993,-3.564,-6.199,-3.194,-1.591,-9.263,-0.696,1.86,4.195,-2.898,-1.05,2.647,1.865,-1.456,0.5760000000000001,0.053,0.019,-0.248,-0.2269999999999999,0.098,1.32,2.34,0.05,0.0,1.26,1.23,0.79,1.45,1.8,0.98,0.0,0.0,0.0,0.0,3.24,1.95,2.2,1.0,1.0,0.0,0.0,1.0,0.0,0.0,1.0,1.0,0.0,0.0,0.0,0.0,0.0,1.0,1.0,0.0,1.0,
36.0,1.168,0.93,-0.03282,0.272046,-0.961724,-0.2712739999999999,0.320814,-0.907463,-0.161,0.307,506.8,510.1,520.3,531.5,537.1,534.8,523.7,512.5,494.3,500.8,509.1,518.9,529.7,539.4,547.1,540.3,530.2,519.3,509.2,500.7,517.6,523.1,528.0,529.6,526.9,521.4,516.5,514.9,643.9,647.8,658.4,669.4,674.5,670.6,660.0,648.4,637.8,643.9,652.7,664.0,675.2,685.0,692.4,685.0,675.3,664.5,653.6,644.4,655.2,659.9,664.5,666.2,664.0,659.3,654.7,653.0,323.3,312.1,306.3,309.1,319.0,330.9,336.0,333.1,326.4,322.0,318.6,316.4,316.1,317.5,319.9,324.5,326.6,328.4,329.3,328.9,327.5,328.9,326.1,320.7,315.9,314.5,317.4,322.7,312.5,302.2,298.2,302.8,313.3,323.6,327.6,323.5,312.9,309.8,308.3,308.2,309.1,309.8,311.6,315.4,318.2,319.4,318.4,316.3,316.5,318.5,316.7,312.3,307.8,305.8,307.6,312.0,-54.8,-53.5,-49.3,-44.6,-42.3,-43.2,-47.8,-52.4,-60.2,-57.3,-53.8,-49.7,-45.3,-41.4,-38.2,-41.0,-45.1,-49.5,-53.7,-57.4,-50.3,-48.1,-46.0,-45.4,-46.6,-48.8,-50.8,-51.5,1.6,3.2,7.5,11.9,14.0,12.4,8.1,3.4,-0.9,1.6,5.2,9.7,14.3,18.3,21.3,18.3,14.3,10.0,5.5,1.8,6.2,8.1,10.0,10.6,9.7,7.8,6.0,5.3,-15.1,-19.7,-22.1,-20.9,-16.9,-11.9,-9.9,-11.0,-13.9,-15.6,-17.0,-17.9,-18.0,-17.5,-16.5,-14.6,-13.7,-13.0,-12.6,-12.8,-13.4,-12.8,-14.0,-16.2,-18.1,-18.7,-17.5,-15.3,-19.3,-23.4,-25.1,-23.2,-19.0,-14.8,-13.2,-14.9,-19.2,-20.4,-21.0,-21.0,-20.6,-20.4,-19.7,-18.1,-17.0,-16.5,-16.9,-17.8,-17.7,-16.9,-17.6,-19.4,-21.2,-22.0,-21.3,-19.5,1233.7,1234.8,1234.9,1233.9,1232.6,1231.7,1231.4,1232.4,1238.5,1235.7,1233.4,1232.1,1232.0,1232.8,1234.1,1232.1,1230.8,1230.7,1232.3,1235.2,1233.6,1233.2,1233.2,1233.7,1234.4,1234.8,1234.8,1234.3,1219.8,1217.7,1216.1,1215.9,1217.3,1219.4,1221.0,1221.6,1221.4,1218.5,1216.3,1215.2,1216.0,1218.2,1221.0,1219.4,1217.9,1217.2,1218.0,1219.8,1220.5,1220.4,1219.7,1218.8,1218.2,1218.3,1219.0,1219.9,-19.4,17.3,1307.2,0.048,0.193,-0.023,455.8,456.4,462.7,474.0,489.3,510.5,532.5,561.2,598.2,636.3,673.8,708.8,738.6,757.2,765.4,771.3,775.8,466.5,480.1,498.9,521.1,541.5,621.6,652.5,680.1,706.1,727.8,581.8,581.4,580.7,579.6,554.1,570.1,586.6,604.5,622.0,493.2,509.3,529.0,548.2,529.2,510.4,633.9,653.2,674.2,693.4,675.6,654.8,536.1,548.0,569.2,587.8,608.7,640.1,666.7,644.5,616.1,592.7,572.4,550.5,546.5,570.4,589.2,610.3,656.5,612.8,590.8,571.1,316.2,356.1,396.5,437.1,477.1,516.9,554.6,587.9,600.5,596.8,577.2,547.3,509.5,463.3,410.7,357.1,304.9,279.9,261.1,254.0,253.6,256.9,251.7,242.6,241.5,249.0,265.2,305.4,330.4,355.1,381.0,403.3,408.8,413.2,406.6,401.9,325.5,317.8,316.0,319.7,326.8,328.9,314.1,308.1,308.3,312.0,318.3,319.0,466.3,443.8,434.3,437.6,432.7,440.9,459.4,494.3,509.9,513.4,511.5,497.2,466.7,453.7,454.5,452.0,460.7,483.1,486.1,483.9,-83.5,-83.2,-80.5,-75.4,-68.2,-58.4,-48.2,-35.0,-18.5,-1.6,15.1,30.7,44.0,52.2,55.7,58.3,60.4,-77.3,-70.9,-62.2,-52.2,-43.0,-8.0,5.4,17.4,28.7,38.2,-25.3,-25.3,-25.6,-25.9,-37.3,-30.2,-23.1,-15.3,-7.8,-65.1,-57.8,-48.9,-40.4,-48.8,-57.2,-2.7,5.8,14.9,23.2,15.5,6.4,-45.8,-40.0,-30.6,-22.5,-13.4,0.1,11.6,2.0,-10.3,-20.4,-29.3,-39.0,-41.1,-30.1,-21.9,-12.8,7.2,-11.8,-21.3,-29.9,-19.9,-1.8,16.6,35.0,53.0,70.7,87.1,101.1,106.3,104.8,96.6,83.7,66.7,46.0,22.5,-1.3,-24.5,-35.7,-43.9,-46.7,-46.7,-45.0,-46.8,-50.9,-51.4,-48.2,-41.2,-23.7,-12.8,-2.1,9.0,18.8,21.1,23.0,20.1,18.1,-15.3,-18.6,-19.4,-17.7,-14.6,-13.7,-20.0,-22.6,-22.5,-20.9,-18.1,-17.8,46.8,36.4,32.1,33.4,31.2,34.9,43.3,58.1,64.6,66.2,65.6,59.8,46.9,40.6,40.8,39.6,43.8,53.1,54.5,53.7,1360.3,1359.8,1361.5,1362.3,1358.4,1351.7,1343.1,1331.5,1326.5,1327.5,1334.1,1339.6,1339.2,1335.9,1332.9,1332.4,1333.5,1336.0,1330.4,1322.3,1315.8,1309.7,1296.6,1299.7,1302.2,1303.9,1305.3,1303.0,1297.4,1291.9,1286.5,1303.2,1298.8,1295.3,1295.3,1296.3,1330.8,1325.8,1323.1,1318.9,1321.9,1324.8,1307.3,1306.4,1304.9,1305.0,1303.7,1304.8,1321.5,1303.8,1295.5,1291.6,1289.1,1293.9,1305.3,1297.6,1293.4,1295.5,1299.0,1307.6,1318.1,1298.7,1294.8,1292.0,1304.3,1294.9,1297.1,1301.1,2.282,0.069,0.217,-0.025,595.732,399.521,-38.805,-24.35,6.486000000000001,9.441,-14.559,-19.889,-5.372000000000001,12.138,-6.577999999999999,-21.285,-21.535,-2.8680000000000003,-0.389,-2.318,2.9410000000000003,-4.202,-6.212999999999999,-2.197,-2.9,-10.106,-1.224,1.92,4.729,-1.798,-1.1,2.837,1.987,-1.518,0.493,-0.075,-0.122,-0.247,-0.212,0.236,1.38,2.46,0.04,0.0,1.2,1.27,0.88,1.42,1.7,0.97,0.0,0.0,0.0,0.0,3.23,2.03,2.25,1.0,1.0,0.0,0.0,1.0,0.0,0.0,1.0,1.0,0.0,0.0,0.0,0.0,0.0,1.0,1.0,0.0,1.0,
37.0,1.2009999999999998,0.93,-0.031393,0.258832,-0.965412,-0.24958,0.307672,-0.918176,-0.148,0.292,508.4,511.7,521.8,532.8,538.3,536.0,525.0,513.9,496.0,502.6,510.8,520.6,531.2,540.7,548.2,541.6,531.7,521.0,511.0,502.5,519.1,524.4,529.2,530.7,528.1,522.9,518.1,516.5,646.1,650.0,660.6,671.8,677.0,673.1,662.4,650.7,639.6,645.7,654.7,666.0,677.2,687.0,694.3,687.0,677.3,666.5,655.5,646.2,657.6,662.3,666.8,668.4,666.3,661.5,657.0,655.4,321.3,310.5,304.7,307.5,317.2,328.9,333.8,331.0,324.9,320.5,317.1,314.8,314.5,315.9,318.3,322.5,324.3,326.0,327.0,326.9,325.5,326.8,324.1,319.0,314.4,313.0,315.7,320.9,311.1,300.8,296.7,301.1,311.6,321.9,326.0,322.0,311.3,308.3,306.9,307.0,307.9,308.4,310.2,314.0,316.8,318.0,317.0,314.7,314.8,316.7,315.0,310.6,306.2,304.4,306.1,310.4,-55.1,-53.8,-49.5,-44.9,-42.5,-43.5,-48.1,-52.7,-60.5,-57.6,-54.0,-49.9,-45.5,-41.6,-38.4,-41.2,-45.2,-49.7,-53.9,-57.6,-50.6,-48.4,-46.4,-45.7,-46.9,-49.1,-51.1,-51.7,2.5,4.0,8.3,12.9,15.0,13.4,9.1,4.3,-0.1,2.3,5.9,10.5,15.1,19.0,22.0,19.0,15.1,10.7,6.3,2.5,7.1,9.0,10.9,11.5,10.6,8.7,6.9,6.2,-16.2,-20.8,-23.2,-22.0,-17.9,-13.0,-11.0,-12.1,-14.8,-16.5,-18.0,-18.9,-19.0,-18.4,-17.4,-15.7,-14.9,-14.2,-13.8,-13.9,-14.4,-13.9,-15.0,-17.2,-19.1,-19.7,-18.5,-16.4,-19.8,-23.9,-25.6,-23.8,-19.6,-15.4,-13.8,-15.4,-19.8,-20.9,-21.5,-21.4,-21.1,-20.9,-20.2,-18.7,-17.5,-17.0,-17.4,-18.4,-18.3,-17.6,-18.2,-20.0,-21.8,-22.5,-21.8,-20.1,1255.8,1257.0,1257.3,1256.4,1254.8,1253.7,1253.3,1254.2,1260.2,1257.6,1255.3,1254.2,1254.2,1255.1,1256.3,1254.3,1252.7,1252.6,1254.1,1256.9,1255.6,1255.2,1255.3,1255.9,1256.6,1257.1,1257.0,1256.4,1216.1,1213.9,1212.3,1212.2,1213.7,1215.9,1217.5,1218.1,1217.8,1215.0,1212.7,1211.6,1212.4,1214.7,1217.4,1215.9,1214.4,1213.7,1214.5,1216.3,1216.9,1216.8,1216.1,1215.2,1214.6,1214.6,1215.3,1216.2,-19.0,16.0,1315.1,0.025,0.179,-0.015,456.3,456.6,462.5,473.0,488.1,509.6,531.9,561.3,598.5,636.4,674.0,708.7,738.3,756.7,764.5,770.6,775.3,467.6,481.8,500.9,523.0,543.8,624.7,655.6,682.6,708.2,729.9,584.3,583.9,583.1,582.1,555.3,571.8,588.6,606.7,624.5,494.5,510.9,530.6,549.9,530.7,511.9,635.7,655.2,676.1,695.3,677.4,656.8,535.1,548.8,570.6,589.8,611.4,642.4,669.2,646.1,617.7,593.6,572.8,550.7,545.7,571.7,591.1,612.9,658.7,614.5,592.0,571.7,311.9,352.6,394.1,435.8,476.0,515.3,551.4,582.3,593.8,590.4,572.2,544.4,508.2,462.8,410.8,357.7,306.1,277.7,259.0,251.7,251.3,254.3,249.2,240.8,240.1,247.5,263.5,303.2,327.9,352.5,378.2,401.0,406.2,410.5,403.9,399.3,323.6,316.3,314.5,317.9,324.9,327.0,312.5,306.9,307.2,310.6,316.6,317.3,463.0,440.8,431.3,434.5,429.4,437.5,455.6,487.3,501.8,505.4,503.8,491.4,463.4,451.2,451.8,449.0,456.9,474.9,478.0,476.2,-83.8,-83.7,-81.1,-76.3,-69.2,-59.1,-48.6,-35.1,-18.4,-1.6,15.2,30.9,44.2,52.3,55.7,58.4,60.6,-77.2,-70.6,-61.7,-51.7,-42.3,-6.6,6.8,18.6,29.9,39.4,-24.4,-24.4,-24.7,-25.0,-37.0,-29.7,-22.4,-14.5,-6.7,-64.9,-57.4,-48.5,-39.9,-48.5,-56.9,-1.9,6.6,15.8,24.2,16.4,7.3,-46.5,-39.8,-30.2,-21.7,-12.4,1.1,12.8,2.7,-9.7,-20.1,-29.2,-39.1,-41.7,-29.8,-21.2,-11.8,8.2,-11.1,-20.9,-29.8,-21.9,-3.4,15.6,34.6,52.8,70.3,86.1,99.0,103.8,102.4,94.9,82.9,66.6,46.1,22.7,-1.0,-24.1,-36.9,-45.1,-48.0,-48.0,-46.5,-48.3,-52.0,-52.5,-49.3,-42.3,-24.9,-14.0,-3.2,7.9,17.9,20.1,21.9,19.1,17.1,-16.2,-19.4,-20.2,-18.6,-15.6,-14.7,-20.9,-23.3,-23.2,-21.7,-19.0,-18.7,45.6,35.3,31.0,32.3,30.0,33.7,41.9,55.4,61.4,63.1,62.6,57.5,45.7,39.7,39.9,38.6,42.4,49.8,51.3,50.7,1369.1,1368.6,1370.4,1371.0,1366.6,1358.9,1348.9,1336.4,1331.5,1333.6,1341.4,1348.1,1348.3,1345.3,1342.2,1341.7,1343.3,1344.6,1339.1,1331.3,1325.0,1318.8,1306.1,1309.6,1312.3,1314.2,1315.5,1312.3,1306.6,1301.0,1295.5,1311.8,1307.5,1303.8,1304.0,1305.3,1338.8,1333.9,1331.4,1327.5,1330.1,1332.9,1316.7,1315.9,1314.7,1314.8,1313.4,1314.3,1328.9,1311.2,1303.4,1299.6,1297.3,1302.2,1313.8,1304.8,1299.6,1301.4,1304.8,1313.9,1325.5,1306.4,1302.6,1300.0,1312.4,1301.6,1303.5,1307.5,2.268,0.045,0.203,-0.017,596.943,396.4980000000001,-35.54,-22.424,3.74,5.919,-15.47,-16.766,-7.473,14.064,-8.372,-21.215,-22.615,-2.801,-0.1669999999999999,-1.334,2.547,-2.008,-7.169,-2.219,-2.641,-10.496,-0.105,1.086,4.159,-2.271,-1.389,2.414,1.925,-1.612,0.3339999999999999,-0.072,-0.053,-0.172,-0.153,0.293,1.36,2.49,0.0,0.0,1.19,1.21,0.86,1.54,1.84,0.9,0.0,0.0,0.0,0.0,3.4,1.94,2.37,1.0,1.0,0.0,0.0,1.0,0.0,0.0,1.0,1.0,0.0,0.0,0.0,0.0,0.0,1.0,1.0,0.0,1.0,
38.0,1.235,0.93,0.004221,0.274369,-0.961615,-0.246459,0.316064,-0.916167,-0.128,0.305,510.9,514.0,523.7,534.3,539.5,537.2,526.7,516.2,498.0,504.3,512.5,522.2,532.6,541.8,549.0,542.7,533.0,522.4,512.5,504.1,521.3,526.1,530.4,531.8,529.4,524.7,520.4,519.0,648.1,651.6,661.4,671.9,676.8,673.3,663.5,652.6,642.0,647.3,655.3,666.2,677.6,687.7,695.5,687.9,678.0,667.3,656.6,647.9,659.0,663.4,667.6,669.1,667.0,662.6,658.4,656.9,320.3,309.8,304.4,307.3,316.8,328.0,332.6,329.7,323.6,319.7,316.6,314.5,314.4,315.6,317.6,321.5,323.2,324.7,325.7,325.6,324.0,325.3,322.9,318.2,314.0,312.7,315.1,319.8,310.6,300.8,296.9,301.4,311.5,321.4,325.2,321.1,310.8,308.2,306.8,306.7,307.5,308.3,310.1,313.8,316.3,317.1,316.2,314.2,314.4,316.3,314.7,310.6,306.3,304.4,306.0,310.2,-56.1,-54.8,-50.6,-45.9,-43.6,-44.6,-49.1,-53.7,-61.9,-59.0,-55.4,-51.1,-46.6,-42.6,-39.6,-42.2,-46.4,-51.0,-55.3,-59.1,-51.5,-49.5,-47.6,-47.0,-48.1,-50.1,-52.0,-52.6,3.4,4.8,8.9,13.3,15.3,13.9,9.8,5.3,0.8,3.0,6.4,10.9,15.7,19.9,23.2,20.0,15.9,11.4,6.9,3.3,7.9,9.8,11.5,12.1,11.3,9.4,7.7,7.1,-17.3,-21.8,-24.2,-22.9,-18.8,-13.9,-11.9,-13.1,-15.9,-17.5,-18.9,-19.7,-19.8,-19.3,-18.4,-16.7,-16.0,-15.3,-14.9,-14.9,-15.6,-15.1,-16.1,-18.1,-20.0,-20.6,-19.5,-17.5,-20.6,-24.7,-26.3,-24.4,-20.2,-16.1,-14.6,-16.3,-20.6,-21.6,-22.2,-22.2,-21.9,-21.6,-20.9,-19.3,-18.2,-17.9,-18.3,-19.1,-19.0,-18.2,-18.9,-20.6,-22.4,-23.2,-22.5,-20.8,1303.0,1304.0,1304.2,1303.5,1302.4,1301.6,1301.2,1301.9,1308.0,1305.2,1302.9,1301.6,1301.7,1302.8,1304.2,1302.2,1300.6,1300.5,1302.0,1304.7,1303.2,1302.9,1303.0,1303.4,1303.9,1304.2,1304.1,1303.7,1253.4,1251.3,1249.5,1249.0,1250.1,1252.2,1254.1,1255.0,1255.7,1252.8,1250.2,1248.6,1249.1,1251.1,1253.8,1252.1,1250.8,1250.5,1251.6,1253.8,1253.8,1253.5,1252.7,1251.8,1251.4,1251.6,1252.4,1253.3,-18.0,15.4,1331.0,0.0579999999999999,0.152,-0.022,456.5,457.1,462.1,472.1,488.2,511.3,535.4,565.1,601.9,639.6,676.3,711.1,740.8,759.0,765.8,769.7,772.7,468.9,482.7,502.2,525.0,546.1,629.3,659.8,686.8,711.7,731.1,588.7,588.6,588.3,587.9,559.3,575.9,592.9,610.9,628.1,496.6,512.8,531.9,550.5,531.9,513.5,638.0,656.4,676.7,695.5,678.1,658.2,538.0,554.9,577.5,595.3,615.0,645.8,673.4,648.9,620.3,598.1,578.9,555.9,548.0,578.2,596.2,616.2,663.4,617.9,597.1,578.4,311.1,352.2,394.0,435.9,475.5,513.1,546.1,575.0,585.4,580.7,561.9,535.6,501.3,458.2,408.2,356.8,306.8,276.8,257.6,249.3,249.1,253.4,248.6,240.1,239.7,248.5,265.9,304.3,329.2,353.8,379.4,399.5,405.1,409.7,403.2,397.9,322.7,315.4,313.9,317.5,324.0,325.7,312.5,306.7,306.8,310.6,315.9,316.7,457.3,439.3,431.8,434.6,430.0,435.8,449.9,483.8,498.5,501.9,500.3,487.2,458.2,448.1,448.7,445.8,452.0,475.8,478.8,477.2,-84.7,-84.4,-82.2,-77.6,-70.0,-59.0,-47.6,-33.8,-17.1,-0.2,16.4,32.4,45.9,54.1,57.0,58.7,60.1,-77.3,-70.9,-61.7,-51.3,-41.7,-4.7,8.7,20.7,31.8,40.4,-22.7,-22.6,-22.7,-22.7,-35.7,-28.2,-20.7,-12.8,-5.2,-64.6,-57.1,-48.4,-40.0,-48.4,-56.7,-0.9,7.3,16.3,24.6,16.9,8.0,-45.8,-37.7,-27.5,-19.6,-10.9,2.6,14.9,3.9,-8.7,-18.4,-26.9,-37.3,-41.2,-27.2,-19.3,-10.5,10.4,-9.7,-18.9,-27.2,-22.6,-3.6,15.7,35.1,53.3,70.2,84.6,96.9,101.2,99.3,91.4,79.9,64.3,44.6,21.8,-1.5,-24.1,-37.6,-46.1,-49.6,-49.4,-47.3,-49.0,-52.9,-53.2,-49.4,-41.8,-24.6,-13.5,-2.7,8.5,17.5,19.9,21.8,19.0,16.7,-16.8,-20.0,-20.7,-19.0,-16.1,-15.4,-21.1,-23.7,-23.6,-21.9,-19.6,-19.2,43.7,35.1,31.6,32.8,30.7,33.4,40.0,54.7,60.9,62.4,61.8,56.4,44.0,38.9,39.0,37.7,40.9,51.0,52.3,51.8,1383.9,1384.4,1386.5,1387.6,1383.1,1375.0,1364.1,1351.9,1347.3,1349.8,1358.4,1365.5,1366.0,1362.7,1359.4,1358.7,1359.8,1356.3,1351.2,1343.8,1337.4,1331.0,1319.6,1324.0,1327.1,1329.7,1332.5,1325.7,1320.2,1314.7,1309.6,1325.4,1321.5,1318.1,1318.5,1319.8,1350.2,1345.9,1343.7,1340.6,1342.6,1344.9,1330.9,1330.9,1330.2,1330.8,1328.9,1329.3,1346.5,1329.3,1320.5,1317.4,1315.7,1322.3,1335.4,1324.9,1318.3,1319.2,1321.9,1331.5,1344.0,1322.9,1319.9,1318.0,1333.7,1320.4,1321.6,1325.0,2.241,0.077,0.175,-0.024,599.8,394.592,-36.634,-15.984000000000002,8.395,-0.096,-8.822000000000001,-12.244000000000002,-6.773,14.052,-7.587000000000001,-16.089000000000002,-23.377,-1.4269999999999998,1.243,-5.634,3.6010000000000004,-0.124,-6.928999999999999,-4.923,-5.336,-6.182,-0.505,2.141,4.664,-1.834,-1.393,2.495,3.488,-1.984,0.288,-0.3779999999999999,0.292,-0.047,-0.168,0.315,1.18,2.38,0.0,0.0,1.28,1.25,0.89,1.84,2.15,0.8,0.0,0.0,0.08,0.0,3.44,1.67,2.48,1.0,1.0,0.0,0.0,1.0,0.0,0.0,1.0,1.0,0.0,0.0,0.0,0.0,0.0,1.0,1.0,0.0,1.0,
39.0,1.268,0.98,0.008678,0.2656219999999999,-0.964038,-0.223827,0.311615,-0.92347,-0.113,0.297,511.8,515.2,525.2,535.9,540.9,538.4,527.5,516.8,499.5,505.9,514.0,523.6,533.9,543.3,550.8,544.3,534.2,523.4,513.5,505.3,522.4,527.1,531.6,533.2,530.9,526.1,521.6,520.1,650.6,654.0,663.9,674.6,679.8,676.5,666.6,655.4,644.1,649.4,657.5,668.5,680.2,690.2,697.7,690.3,680.6,669.9,659.0,650.1,661.8,666.3,670.4,671.8,669.6,665.1,661.0,659.6,320.4,310.0,304.7,307.5,316.8,328.0,332.4,329.6,323.9,320.0,316.9,315.0,314.8,315.9,317.5,321.6,323.1,324.6,325.7,325.8,324.3,325.6,323.2,318.6,314.4,313.1,315.5,320.1,311.5,301.7,297.7,302.0,311.9,321.7,325.6,321.7,311.4,308.8,307.6,307.6,308.4,309.0,310.7,314.3,316.8,317.8,316.9,314.7,314.9,316.7,315.0,310.9,306.8,305.0,306.7,310.8,-55.0,-53.6,-49.3,-44.7,-42.5,-43.5,-48.2,-52.8,-60.5,-57.6,-54.1,-49.9,-45.5,-41.5,-38.3,-41.0,-45.3,-49.9,-54.2,-57.9,-50.5,-48.4,-46.5,-45.8,-46.9,-48.9,-50.8,-51.5,4.4,5.8,9.9,14.3,16.5,15.2,11.0,6.4,1.7,3.9,7.2,11.8,16.6,20.8,24.0,20.9,16.8,12.4,7.9,4.2,9.1,10.9,12.6,13.2,12.3,10.4,8.7,8.1,-17.0,-21.5,-23.7,-22.5,-18.5,-13.7,-11.8,-13.0,-15.6,-17.2,-18.5,-19.3,-19.4,-18.9,-18.3,-16.5,-15.8,-15.2,-14.7,-14.7,-15.3,-14.8,-15.8,-17.8,-19.6,-20.1,-19.1,-17.1,-20.2,-24.2,-25.8,-24.0,-20.0,-15.9,-14.3,-15.9,-20.3,-21.3,-21.7,-21.7,-21.4,-21.2,-20.5,-19.0,-17.9,-17.5,-17.9,-18.9,-18.8,-18.0,-18.7,-20.4,-22.1,-22.8,-22.1,-20.5,1287.5,1289.0,1289.2,1288.2,1286.3,1285.0,1284.6,1285.7,1292.4,1289.7,1287.4,1286.1,1286.0,1286.8,1288.0,1285.8,1284.3,1284.2,1285.9,1288.9,1287.2,1286.7,1286.8,1287.5,1288.3,1288.8,1288.6,1288.0,1246.9,1244.6,1242.7,1242.4,1243.8,1246.1,1248.0,1248.8,1249.2,1246.2,1243.6,1242.1,1242.7,1244.7,1247.4,1246.0,1244.7,1244.2,1245.3,1247.4,1247.4,1247.3,1246.5,1245.5,1244.9,1245.0,1245.8,1246.8,-17.6,14.8,1346.3,0.057,0.135,-0.019,456.5,457.0,461.4,470.4,486.2,509.9,535.0,565.2,602.3,640.1,676.8,711.3,740.7,758.8,765.2,769.2,772.6,469.5,484.1,504.1,527.1,548.8,632.1,662.2,688.6,713.2,732.8,591.5,591.4,591.0,590.6,560.2,577.5,595.0,613.5,631.1,497.7,514.3,533.4,551.9,533.1,514.8,640.4,658.8,679.0,697.8,680.3,660.6,535.3,554.9,578.4,597.3,618.6,649.3,677.4,651.7,622.6,599.1,578.8,555.1,545.1,578.8,598.0,619.6,667.5,620.6,598.4,578.6,308.4,350.5,393.3,435.8,475.2,511.3,541.4,566.8,575.5,571.1,553.9,530.1,497.7,455.9,407.2,356.9,307.9,277.0,258.1,249.8,249.4,253.3,248.6,240.8,240.6,248.6,265.3,304.5,329.6,354.3,380.1,399.6,405.2,409.9,403.3,397.9,322.7,315.8,314.3,318.0,324.1,325.6,313.3,307.4,307.4,311.1,316.2,317.2,454.4,438.6,432.2,435.0,430.3,435.0,447.0,477.3,491.2,494.7,493.4,481.8,455.6,447.5,448.3,445.0,449.3,469.9,473.1,471.8,-85.6,-85.4,-83.5,-79.3,-71.7,-60.3,-48.2,-34.0,-17.1,0.0,16.9,32.8,46.4,54.6,57.4,59.2,60.9,-77.9,-71.0,-61.5,-50.9,-40.9,-3.5,9.9,21.8,32.8,41.7,-21.7,-21.7,-21.7,-21.8,-35.7,-27.9,-20.0,-11.8,-4.0,-64.7,-57.0,-48.3,-39.8,-48.3,-56.7,0.2,8.4,17.5,26.0,18.1,9.3,-47.6,-38.1,-27.5,-19.0,-9.5,4.1,16.9,5.2,-7.7,-18.2,-27.2,-38.1,-43.0,-27.3,-18.7,-9.1,12.4,-8.7,-18.5,-27.4,-24.1,-4.4,15.5,35.5,53.7,70.1,83.3,94.1,97.7,95.9,88.8,78.3,63.5,44.1,21.6,-1.4,-23.9,-38.0,-46.4,-49.9,-49.8,-47.9,-49.6,-53.2,-53.5,-50.0,-42.6,-24.8,-13.5,-2.5,8.9,17.7,20.1,22.2,19.3,16.9,-16.9,-20.0,-20.7,-19.0,-16.2,-15.6,-21.0,-23.6,-23.6,-21.9,-19.6,-19.2,42.9,35.2,32.2,33.3,31.2,33.5,39.2,52.4,58.3,59.9,59.4,54.7,43.3,39.0,39.3,37.8,40.2,48.9,50.4,49.9,1399.4,1399.5,1401.8,1403.0,1398.6,1390.1,1377.8,1364.7,1360.2,1363.8,1373.6,1381.8,1382.7,1379.7,1376.2,1375.8,1377.8,1371.5,1366.2,1358.8,1352.1,1345.3,1335.1,1339.8,1343.1,1345.6,1348.6,1341.0,1335.7,1330.4,1325.4,1341.2,1337.2,1333.5,1334.2,1335.5,1364.4,1360.1,1358.1,1355.3,1356.9,1359.0,1346.3,1346.6,1346.0,1346.8,1344.6,1344.9,1362.5,1345.5,1336.9,1333.7,1332.3,1339.2,1352.5,1340.8,1333.0,1333.5,1336.3,1346.8,1360.1,1338.7,1335.7,1334.1,1350.4,1335.5,1336.5,1339.9,2.215,0.075,0.157,-0.02,601.029,392.929,-33.719,-14.989,7.157,-6.966,-6.46,-7.272,-10.614,14.154000000000002,-9.497,-12.739,-23.793000000000003,-0.755,2.115,-3.577,1.5719999999999998,2.568,-7.66,-4.766,-6.206,-6.376,0.949,2.04,3.353,-2.499,-1.21,2.045,3.1010000000000004,-2.002,0.195,-0.428,0.574,0.0409999999999999,-0.057,0.379,1.05,2.25,0.0,0.0,1.36,1.15,0.84,2.0,2.4,1.03,0.0,0.0,0.23,0.0,3.38,1.18,2.67,1.0,1.0,0.0,0.0,1.0,0.0,0.0,1.0,1.0,0.0,0.0,0.0,0.0,0.0,1.0,1.0,0.0,1.0,
40.0,1.301,0.98,0.015661,0.26071,-0.96529,-0.203923,0.312473,-0.92778,-0.099,0.294,512.8,516.6,526.6,537.1,541.8,538.8,527.9,517.5,501.4,507.6,515.3,524.5,534.7,543.9,551.2,544.4,534.3,523.7,514.3,506.6,523.3,527.9,532.3,534.0,531.9,527.3,522.9,521.2,652.3,655.8,665.9,676.8,681.9,678.4,668.3,656.9,645.2,650.6,658.9,670.0,681.6,691.2,698.5,691.3,682.0,671.4,660.4,651.4,663.3,668.0,672.4,673.9,671.7,667.0,662.6,661.1,321.5,311.6,306.6,309.3,318.1,328.8,332.9,330.3,325.2,321.2,318.3,316.5,316.3,317.4,319.3,322.7,323.6,324.8,326.0,326.5,325.3,326.5,324.3,320.0,316.1,315.0,317.2,321.5,313.1,303.6,299.7,303.9,313.6,323.2,327.0,323.2,311.9,309.9,309.3,309.7,310.7,311.0,312.4,315.9,318.4,319.5,318.3,315.7,316.6,318.4,316.7,312.6,308.4,306.6,308.2,312.4,-55.7,-54.2,-49.7,-45.1,-43.0,-44.2,-49.0,-53.6,-60.9,-58.1,-54.6,-50.5,-46.1,-42.0,-38.9,-41.8,-46.2,-50.8,-55.0,-58.5,-51.1,-49.1,-47.1,-46.4,-47.4,-49.4,-51.3,-52.0,5.1,6.6,10.8,15.3,17.5,16.1,11.8,7.1,2.2,4.4,7.9,12.5,17.3,21.4,24.5,21.4,17.5,13.1,8.5,4.8,9.8,11.7,13.5,14.2,13.2,11.3,9.4,8.8,-16.9,-21.2,-23.4,-22.2,-18.3,-13.6,-11.8,-13.0,-15.3,-17.0,-18.3,-19.0,-19.1,-18.6,-17.8,-16.3,-15.9,-15.4,-14.9,-14.7,-15.2,-14.7,-15.6,-17.5,-19.2,-19.7,-18.8,-16.9,-19.6,-23.5,-25.1,-23.4,-19.3,-15.4,-13.8,-15.4,-20.1,-20.9,-21.1,-20.9,-20.6,-20.5,-19.9,-18.4,-17.3,-16.9,-17.4,-18.5,-18.2,-17.4,-18.1,-19.8,-21.6,-22.3,-21.6,-19.9,1314.1,1316.1,1316.4,1315.0,1312.6,1310.7,1310.3,1311.8,1318.6,1316.0,1313.8,1312.5,1312.2,1312.8,1313.8,1311.6,1310.2,1310.2,1312.1,1315.1,1313.4,1312.8,1312.9,1313.8,1314.8,1315.5,1315.3,1314.5,1253.9,1251.5,1249.7,1249.6,1251.3,1253.8,1255.6,1256.1,1256.1,1253.2,1250.8,1249.5,1250.1,1252.2,1254.9,1253.5,1252.2,1251.6,1252.5,1254.5,1254.7,1254.7,1253.9,1252.8,1252.1,1252.1,1252.9,1254.0,-16.6,14.9,1351.8,0.05,0.135,-0.04,456.2,458.4,463.5,472.8,489.3,513.7,539.1,568.5,607.0,647.5,685.9,719.9,746.1,760.6,765.1,768.6,771.7,468.9,484.3,504.6,527.8,550.0,634.1,664.8,691.3,715.6,733.9,595.0,594.4,593.8,593.5,561.9,579.5,597.4,616.2,633.5,499.0,515.8,534.4,552.3,533.7,515.8,642.2,660.7,680.4,699.0,681.0,661.9,536.2,557.1,581.1,600.0,621.3,651.4,679.6,654.0,625.3,601.9,581.7,557.2,545.3,581.9,601.0,622.7,670.0,624.1,601.8,582.2,316.3,360.3,404.4,447.2,485.0,517.5,542.7,563.9,570.5,564.2,544.6,519.1,485.9,444.8,400.1,355.0,311.3,278.2,259.6,250.3,249.3,253.3,248.4,242.2,242.3,250.1,265.9,305.3,330.7,355.5,381.2,400.6,406.1,411.0,404.1,397.8,323.9,317.3,315.8,319.2,324.9,326.3,314.6,309.3,309.3,313.0,317.4,318.2,453.9,439.0,433.4,435.9,431.0,434.5,444.6,473.8,488.1,492.1,491.3,480.6,455.1,447.3,447.8,444.3,447.2,468.3,472.1,471.4,-86.3,-85.3,-83.0,-78.6,-70.6,-58.8,-46.5,-32.6,-15.0,3.4,21.1,36.9,49.0,55.6,57.5,59.2,60.8,-78.6,-71.2,-61.6,-50.8,-40.5,-2.6,11.1,23.1,34.1,42.5,-20.2,-20.4,-20.5,-20.6,-35.0,-27.1,-19.0,-10.6,-2.9,-64.3,-56.5,-48.0,-39.7,-48.2,-56.4,1.0,9.3,18.2,26.6,18.5,9.9,-47.3,-37.3,-26.3,-17.9,-8.3,5.1,18.0,6.3,-6.6,-17.0,-26.1,-37.3,-43.1,-26.0,-17.4,-7.7,13.6,-7.1,-17.1,-25.9,-20.5,0.1,20.9,41.0,58.6,73.3,84.2,93.0,95.7,93.1,84.8,73.5,58.2,39.1,18.4,-2.3,-22.5,-37.6,-45.9,-49.9,-50.0,-48.0,-49.8,-52.9,-53.0,-49.6,-42.6,-24.5,-13.1,-2.0,9.4,18.2,20.6,22.7,19.7,16.9,-16.5,-19.4,-20.1,-18.5,-15.9,-15.3,-20.5,-22.9,-22.8,-21.2,-19.2,-18.8,42.8,35.6,32.9,33.9,31.7,33.4,38.3,51.1,57.2,59.0,58.7,54.4,43.3,39.1,39.3,37.7,39.5,48.4,50.1,50.0,1408.9,1409.0,1410.7,1411.0,1405.9,1396.5,1382.9,1368.5,1363.4,1367.4,1378.0,1385.8,1386.1,1382.5,1379.4,1380.9,1385.0,1377.9,1372.0,1364.3,1356.7,1348.7,1340.2,1346.1,1350.1,1353.6,1357.4,1346.2,1340.7,1334.9,1329.6,1345.9,1341.7,1337.9,1338.4,1339.8,1368.9,1364.4,1362.3,1360.3,1361.2,1363.1,1352.8,1353.1,1352.6,1353.9,1351.2,1351.4,1367.9,1351.7,1342.4,1339.3,1338.4,1345.7,1359.2,1347.1,1338.8,1338.8,1341.5,1352.2,1365.9,1343.9,1341.2,1340.2,1357.1,1341.4,1341.8,1345.1,2.206,0.068,0.158,-0.0409999999999999,603.33,393.028,-30.269,-2.709,8.57,-11.742,-0.564,-6.669,-14.11,10.097,-10.931,-6.36,-20.242,-0.142,2.873,-3.525,3.974,1.624,-7.063,-6.726,-7.568,-5.877999999999999,3.338,3.102,2.72,-2.697,-1.2990000000000002,2.346,1.851,-1.713,0.166,-0.432,0.504,-0.249,-0.292,0.368,0.91,2.08,0.0,0.0,1.36,0.99,0.81,2.01,2.55,1.3,0.0,0.0,0.32,0.0,3.15,0.68,2.94,1.0,1.0,0.0,0.0,1.0,0.0,0.0,1.0,1.0,1.0,0.0,0.0,0.0,0.0,1.0,1.0,0.0,1.0,
41.0,1.335,0.98,0.036751,0.296342,-0.954375,-0.148226,0.346436,-0.926289,-0.059,0.3289999999999999,516.4,519.8,529.4,539.5,544.3,541.5,531.2,521.1,503.2,508.8,517.1,527.3,537.9,546.4,552.6,546.7,537.9,527.6,517.8,509.4,526.3,530.6,534.7,536.2,534.2,529.9,525.8,524.3,656.9,661.1,671.7,682.3,686.9,682.6,672.1,660.7,647.1,654.2,663.6,674.8,685.4,693.6,699.8,693.9,685.8,676.1,664.7,654.3,667.4,671.8,676.1,677.9,676.0,671.6,667.2,665.5,322.1,312.5,308.0,311.2,320.1,330.0,334.2,331.0,322.2,320.4,319.5,318.1,317.3,317.7,319.3,322.7,325.2,326.8,326.6,325.0,324.7,326.0,324.1,320.0,316.2,314.8,316.8,320.8,317.3,306.6,301.7,305.6,316.0,326.7,331.5,328.2,315.1,313.8,313.3,313.2,313.7,313.7,314.6,318.4,320.9,322.0,321.4,319.3,320.7,322.3,320.3,315.9,311.6,310.0,312.0,316.4,-55.8,-54.2,-49.8,-45.3,-43.2,-44.5,-49.2,-53.7,-61.9,-59.2,-55.4,-50.8,-46.0,-42.2,-39.5,-42.1,-46.0,-50.7,-55.1,-59.0,-51.4,-49.4,-47.6,-46.9,-47.7,-49.7,-51.5,-52.2,7.2,9.0,13.4,17.9,19.9,18.1,13.6,8.8,3.0,6.0,10.0,14.7,19.2,22.8,25.5,22.9,19.4,15.3,10.5,6.1,11.6,13.5,15.4,16.1,15.3,13.4,11.6,10.8,-17.1,-21.4,-23.4,-22.0,-18.0,-13.6,-11.7,-13.1,-17.1,-17.9,-18.3,-18.9,-19.2,-19.1,-18.4,-16.8,-15.7,-15.0,-15.1,-15.8,-16.0,-15.4,-16.2,-18.1,-19.8,-20.4,-19.5,-17.7,-18.1,-22.6,-24.7,-23.0,-18.7,-14.1,-12.1,-13.5,-19.1,-19.6,-19.8,-19.8,-19.7,-19.7,-19.3,-17.7,-16.6,-16.1,-16.4,-17.3,-16.7,-16.0,-16.9,-18.7,-20.5,-21.2,-20.4,-18.5,1353.4,1351.7,1351.1,1351.8,1353.6,1355.7,1356.0,1355.2,1358.2,1355.1,1352.5,1351.1,1351.7,1353.5,1355.9,1354.5,1353.0,1352.8,1354.0,1356.1,1355.1,1355.4,1355.1,1354.4,1353.6,1353.3,1353.6,1354.3,1272.4,1271.3,1271.3,1272.2,1273.5,1274.6,1274.7,1274.1,1273.5,1271.8,1270.5,1270.5,1272.2,1274.8,1278.2,1275.6,1273.1,1271.4,1271.1,1272.3,1274.2,1274.5,1274.5,1274.0,1273.5,1273.1,1273.1,1273.6,-15.7,15.1,1355.1,0.05,0.138,-0.045,456.1,458.8,464.3,474.0,491.4,516.7,542.1,570.8,609.6,650.9,690.2,724.0,748.5,761.2,764.7,768.5,772.3,469.8,485.3,506.4,530.2,553.1,637.4,667.4,693.5,717.4,735.2,598.7,597.7,596.7,596.0,564.1,581.9,599.8,618.6,635.7,501.4,518.6,537.1,554.8,536.3,518.4,645.4,664.3,683.8,702.2,684.2,665.2,537.3,558.9,583.3,602.2,623.8,653.4,681.3,655.7,627.5,603.9,583.5,558.5,546.3,584.2,603.4,625.2,671.4,626.7,604.2,584.5,316.7,363.3,409.4,453.3,491.1,522.1,544.9,563.6,569.1,562.3,542.0,516.0,482.1,440.7,397.0,353.7,311.9,279.0,259.1,249.1,248.6,253.6,249.7,243.7,243.4,250.2,265.8,305.7,330.8,355.4,380.9,400.7,406.0,411.0,404.0,397.6,323.9,318.3,317.0,319.9,325.4,326.4,316.6,312.4,312.4,315.7,319.8,320.5,453.0,438.5,433.2,435.7,431.0,434.4,444.2,473.3,487.8,492.0,491.4,480.7,454.3,446.9,447.6,444.1,446.9,468.1,472.1,471.6,-86.7,-85.4,-82.9,-78.3,-69.8,-57.5,-45.2,-31.6,-13.9,5.0,23.1,38.9,50.2,55.9,57.4,59.2,61.2,-78.4,-70.9,-60.9,-49.8,-39.1,-1.2,12.3,24.1,35.0,43.1,-18.6,-19.0,-19.3,-19.6,-34.1,-26.1,-18.0,-9.6,-1.9,-63.4,-55.3,-46.8,-38.7,-47.2,-55.4,2.5,11.0,19.8,28.1,19.9,11.4,-46.9,-36.6,-25.4,-16.9,-7.2,6.0,18.7,7.1,-5.6,-16.2,-25.3,-36.8,-42.8,-25.0,-16.4,-6.6,14.2,-6.0,-16.1,-24.9,-20.4,1.6,23.3,44.0,61.6,75.6,85.3,93.0,95.2,92.4,83.8,72.2,56.5,37.2,17.0,-2.9,-22.3,-37.3,-46.3,-50.6,-50.5,-47.9,-49.4,-52.3,-52.6,-49.6,-42.7,-24.4,-13.1,-2.0,9.3,18.3,20.6,22.8,19.7,16.8,-16.5,-19.0,-19.6,-18.2,-15.7,-15.3,-19.6,-21.5,-21.5,-20.1,-18.1,-17.8,42.5,35.4,32.8,33.9,31.8,33.4,38.2,51.0,57.2,59.1,58.9,54.5,43.0,39.0,39.2,37.7,39.4,48.5,50.3,50.1,1413.7,1413.8,1415.5,1415.3,1409.4,1399.1,1384.4,1370.3,1366.1,1370.9,1381.6,1388.9,1388.3,1383.8,1380.4,1382.4,1387.1,1381.6,1375.6,1367.7,1359.7,1351.2,1342.9,1348.5,1352.5,1355.9,1359.6,1349.5,1344.1,1338.4,1333.2,1349.0,1345.0,1341.3,1341.8,1343.4,1371.7,1367.0,1365.1,1363.2,1364.1,1365.9,1356.1,1356.1,1355.4,1356.8,1354.3,1354.6,1370.7,1355.1,1345.7,1342.8,1342.3,1349.2,1362.2,1350.5,1342.4,1342.1,1344.5,1354.9,1368.9,1347.2,1344.7,1344.0,1360.1,1345.1,1345.1,1348.1,2.201,0.068,0.163,-0.046,605.528,393.361,-31.751,3.141,7.794,-15.293,1.477,-6.915,-15.262,7.871,-13.258,-6.843,-19.331,-2.734,3.397,-2.967,2.754,-0.078,-7.033,-7.305,-8.874,-5.099,5.641,2.041,1.905,-3.391,-0.379,2.03,1.477,-0.7240000000000001,-0.337,-0.024,0.3279999999999999,-0.639,-0.629,0.449,0.86,1.97,0.0,0.0,1.27,0.72,0.73,1.96,2.59,1.56,0.0,0.0,0.32,0.0,3.01,0.34,3.32,1.0,1.0,0.0,0.0,1.0,0.0,0.0,1.0,1.0,1.0,0.0,0.0,0.0,0.0,1.0,1.0,0.0,1.0,
42.0,1.368,0.98,0.03181,0.316949,-0.947909,-0.118701,0.360578,-0.925145,-0.046,0.347,518.6,522.5,532.4,542.5,547.0,543.8,533.2,523.0,505.4,511.8,520.3,530.6,541.0,549.4,555.6,549.9,541.1,530.7,520.8,512.1,528.3,532.8,537.2,538.9,536.9,532.5,528.1,526.4,659.9,663.6,673.8,684.4,689.3,685.6,675.4,664.0,649.6,657.5,667.1,676.9,685.9,693.6,700.7,695.5,687.9,678.6,667.7,657.0,670.0,674.6,679.0,680.6,678.5,673.9,669.5,667.9,322.0,312.4,308.0,311.4,320.6,330.5,334.5,331.1,321.9,320.6,319.8,318.4,317.3,317.1,317.8,321.8,324.7,326.5,326.4,324.8,324.9,326.4,324.5,320.3,316.2,314.7,316.7,320.9,317.7,307.3,302.9,307.0,317.3,327.7,332.1,328.9,315.1,315.1,314.8,314.7,314.6,314.8,315.7,319.6,321.6,322.2,321.6,320.2,322.6,324.4,322.5,318.0,313.6,311.8,313.7,318.2,-54.6,-52.8,-48.3,-43.8,-41.8,-43.4,-48.1,-52.7,-60.7,-57.7,-53.7,-49.1,-44.5,-40.7,-38.0,-40.6,-44.4,-49.1,-53.6,-57.6,-50.3,-48.3,-46.3,-45.5,-46.4,-48.3,-50.3,-51.1,8.7,10.4,14.9,19.6,21.7,20.0,15.6,10.5,4.2,7.7,11.9,16.2,20.2,23.6,26.8,24.5,21.0,16.9,12.1,7.5,13.2,15.2,17.2,17.9,17.0,14.9,13.0,12.3,-17.1,-21.4,-23.3,-21.8,-17.7,-13.3,-11.5,-13.0,-17.2,-17.7,-18.0,-18.7,-19.2,-19.3,-19.0,-17.2,-15.9,-15.1,-15.1,-15.9,-15.8,-15.1,-16.0,-17.9,-19.7,-20.3,-19.5,-17.6,-18.6,-23.2,-25.1,-23.3,-18.8,-14.2,-12.2,-13.7,-19.7,-19.7,-19.9,-19.9,-20.0,-19.9,-19.5,-17.8,-16.9,-16.6,-16.8,-17.5,-16.4,-15.7,-16.5,-18.5,-20.4,-21.2,-20.4,-18.4,1348.6,1346.9,1346.5,1347.5,1349.4,1351.4,1351.5,1350.5,1352.8,1349.9,1347.6,1346.5,1347.3,1349.2,1351.7,1350.2,1348.5,1348.0,1349.1,1350.9,1350.5,1350.9,1350.7,1350.0,1349.1,1348.7,1348.9,1349.6,1318.0,1319.5,1320.7,1321.0,1320.1,1318.6,1317.4,1317.3,1319.5,1318.2,1317.4,1317.7,1319.2,1321.6,1324.9,1321.3,1318.2,1316.2,1315.9,1317.4,1319.1,1319.2,1319.7,1320.4,1320.7,1320.6,1320.1,1319.5,-14.8,15.1,1361.1,0.048,0.13,-0.045,455.8,459.0,464.9,474.8,492.6,518.5,544.0,572.7,611.5,652.9,692.2,725.6,749.2,761.2,764.4,768.3,772.6,471.3,486.8,508.3,532.8,556.5,640.4,670.1,695.9,719.7,737.0,602.0,600.9,600.0,599.5,567.0,584.8,602.8,621.5,638.5,504.3,521.8,540.0,557.3,539.0,521.5,647.9,666.6,685.8,703.8,685.9,667.3,538.8,560.9,585.6,605.0,626.9,656.0,683.1,658.1,630.3,606.4,585.6,560.2,547.8,586.5,606.1,628.3,673.2,629.7,606.8,586.7,315.7,363.5,410.6,455.1,493.1,523.7,545.9,563.8,569.0,561.9,540.9,514.3,480.0,438.5,395.2,352.7,311.6,279.3,258.7,248.3,247.8,253.1,249.7,243.8,243.6,250.2,265.6,305.6,330.5,354.9,380.3,400.1,405.5,410.5,403.5,397.0,323.6,318.5,317.2,319.5,324.9,325.8,316.8,313.5,313.7,316.5,320.4,320.9,452.3,437.8,432.7,435.4,430.7,434.0,443.9,472.9,487.7,491.9,491.3,480.5,453.7,446.5,447.3,443.9,446.7,467.6,471.7,471.2,-87.2,-85.6,-83.0,-78.3,-69.5,-56.9,-44.4,-30.8,-13.0,5.9,24.2,39.8,50.7,56.1,57.4,59.3,61.5,-78.0,-70.5,-60.3,-48.8,-37.8,0.2,13.6,25.3,36.2,44.2,-17.2,-17.6,-17.9,-18.1,-33.0,-24.9,-16.7,-8.3,-0.7,-62.3,-54.1,-45.7,-37.7,-46.1,-54.1,3.6,12.1,20.8,29.0,20.8,12.4,-46.4,-35.9,-24.5,-15.8,-5.9,7.2,19.6,8.2,-4.4,-15.1,-24.5,-36.2,-42.2,-24.1,-15.3,-5.3,15.1,-4.6,-15.0,-24.1,-20.9,1.7,24.0,45.0,62.7,76.6,86.0,93.4,95.5,92.7,83.7,71.8,55.8,36.3,16.2,-3.4,-22.5,-37.3,-46.6,-51.1,-51.1,-48.3,-49.6,-52.5,-52.7,-49.8,-43.0,-24.6,-13.3,-2.3,9.1,18.1,20.5,22.7,19.6,16.7,-16.7,-19.0,-19.6,-18.5,-16.0,-15.6,-19.6,-21.1,-21.0,-19.8,-18.0,-17.8,42.3,35.3,32.8,33.9,31.8,33.4,38.3,51.1,57.4,59.3,59.1,54.6,42.9,39.0,39.3,37.8,39.5,48.5,50.3,50.2,1419.4,1419.7,1421.5,1421.0,1414.3,1403.4,1388.5,1374.8,1371.5,1376.8,1387.8,1394.8,1393.7,1388.8,1385.1,1387.2,1392.3,1387.1,1381.1,1373.1,1365.2,1356.7,1349.2,1354.9,1358.9,1362.5,1366.2,1355.6,1350.4,1344.9,1339.9,1355.1,1351.2,1347.7,1348.2,1349.8,1376.2,1371.8,1370.2,1368.6,1369.2,1370.7,1362.3,1362.2,1361.6,1362.9,1360.6,1360.8,1376.0,1361.0,1351.9,1349.1,1348.8,1355.5,1368.3,1356.8,1348.8,1348.3,1350.6,1360.6,1374.4,1353.3,1351.0,1350.5,1366.1,1351.5,1351.2,1354.1,2.192,0.066,0.154,-0.046,607.637,393.154,-35.429,6.835,7.082999999999999,-17.225,1.97,-6.843999999999999,-15.36,6.417999999999999,-13.392,-7.089,-20.243,-4.132,3.527,-1.933,2.533,-0.4039999999999999,-7.517,-7.765,-9.282,-5.625,6.407,1.028,1.932,-3.673,-0.159,2.275,1.092,-0.44,-0.359,-0.188,0.41,-0.56,-0.501,0.476,0.83,1.93,0.0,0.0,1.24,0.46,0.72,2.02,2.63,1.58,0.0,0.0,0.36,0.0,3.0,0.2,3.52,1.0,1.0,0.0,0.0,1.0,0.0,0.0,1.0,1.0,1.0,0.0,0.0,0.0,0.0,1.0,1.0,0.0,1.0,
43.0,1.401,0.98,0.038598,0.293501,-0.955179,-0.12841,0.337723,-0.932445,-0.048,0.3229999999999999,521.0,524.7,534.2,544.0,548.4,545.5,535.3,525.4,508.4,514.6,522.8,532.6,542.7,551.2,557.7,551.9,542.7,532.3,522.8,514.5,530.7,535.0,539.1,540.7,538.8,534.5,530.3,528.8,662.0,665.5,675.6,686.3,691.3,687.7,677.7,666.2,651.8,659.8,669.5,679.6,688.9,696.7,703.6,698.6,691.0,681.6,670.4,659.3,672.2,676.8,681.1,682.6,680.4,675.9,671.6,670.1,320.3,310.5,306.1,309.8,319.4,329.8,333.6,329.9,321.4,319.6,318.3,317.0,316.5,316.7,317.2,321.4,323.5,325.0,325.3,324.2,324.1,325.7,323.8,319.5,315.3,313.7,315.6,319.9,315.8,305.4,300.9,304.9,315.1,325.4,330.0,326.9,313.4,313.4,313.0,312.7,312.7,313.1,314.2,318.1,319.9,320.4,319.8,318.6,320.5,322.2,320.3,315.9,311.6,309.9,311.8,316.2,-54.8,-53.1,-48.7,-44.2,-42.2,-43.6,-48.3,-52.8,-60.8,-57.8,-54.0,-49.4,-44.8,-40.9,-38.0,-40.6,-44.8,-49.5,-54.0,-57.9,-50.4,-48.4,-46.5,-45.8,-46.6,-48.6,-50.5,-51.3,9.5,11.0,15.4,20.0,22.2,20.6,16.3,11.3,5.1,8.6,12.7,17.1,21.1,24.5,27.6,25.4,22.0,17.9,13.1,8.3,13.9,15.9,17.7,18.4,17.5,15.5,13.7,13.0,-18.3,-22.8,-24.8,-23.1,-18.7,-13.9,-12.2,-13.9,-17.8,-18.6,-19.2,-19.8,-20.0,-19.9,-19.7,-17.8,-16.8,-16.1,-16.0,-16.5,-16.5,-15.8,-16.7,-18.7,-20.6,-21.3,-20.5,-18.5,-19.1,-23.6,-25.6,-23.8,-19.4,-14.9,-13.0,-14.3,-20.1,-20.1,-20.3,-20.4,-20.4,-20.3,-19.9,-18.1,-17.3,-17.1,-17.3,-17.9,-17.0,-16.3,-17.2,-19.1,-20.9,-21.7,-20.8,-18.9,1381.8,1381.4,1381.2,1381.3,1381.7,1382.5,1382.4,1382.3,1386.7,1383.7,1381.4,1380.1,1380.6,1382.2,1384.1,1382.3,1380.6,1380.4,1381.7,1384.0,1382.9,1382.9,1382.8,1382.6,1382.4,1382.4,1382.5,1382.7,1295.0,1296.5,1297.7,1297.9,1297.0,1295.5,1294.3,1294.2,1296.5,1295.2,1294.5,1294.9,1296.5,1299.0,1302.4,1298.6,1295.4,1293.3,1292.9,1294.3,1296.0,1296.1,1296.6,1297.2,1297.6,1297.5,1297.0,1296.4,-13.9,14.7,1361.0,0.035,0.111,-0.045,456.1,459.4,465.5,475.5,493.5,519.6,545.5,574.6,613.4,654.4,693.1,726.0,749.5,761.7,765.0,768.8,772.7,472.7,488.4,510.4,535.1,559.1,643.1,672.1,697.5,721.1,738.6,604.8,604.0,603.3,602.9,569.6,587.6,605.9,624.7,641.8,506.0,523.8,542.2,559.7,541.2,523.5,650.4,669.2,688.5,706.5,688.7,670.0,540.6,563.3,588.5,607.8,629.6,658.4,685.1,660.5,632.9,609.2,588.4,562.5,549.7,589.3,608.8,630.9,675.3,632.2,609.5,589.4,316.1,364.0,411.3,455.9,493.9,524.3,546.1,563.5,568.4,561.6,541.1,514.6,480.2,438.3,394.6,351.7,310.3,279.2,258.4,247.8,247.3,252.5,248.7,242.8,242.3,248.4,263.6,303.9,329.1,353.8,379.4,398.9,404.3,409.4,402.3,395.8,322.7,317.5,316.1,318.4,323.8,324.9,315.2,311.8,311.9,314.8,318.7,319.2,451.9,436.9,431.5,434.1,429.4,433.0,443.4,472.4,486.9,491.1,490.5,480.0,453.3,445.4,446.2,442.8,446.1,466.7,470.7,470.3,-86.9,-85.4,-82.6,-77.8,-69.0,-56.3,-43.7,-29.9,-12.2,6.6,24.6,40.0,50.9,56.4,57.8,59.6,61.7,-77.3,-69.8,-59.3,-47.8,-36.6,1.4,14.5,26.1,36.9,44.9,-15.9,-16.2,-16.5,-16.6,-31.8,-23.6,-15.3,-6.9,0.8,-61.4,-53.1,-44.7,-36.6,-45.1,-53.2,4.7,13.3,22.1,30.2,22.1,13.6,-45.6,-34.8,-23.2,-14.5,-4.7,8.3,20.6,9.3,-3.2,-13.9,-23.2,-35.1,-41.4,-22.9,-14.0,-4.1,16.1,-3.5,-13.7,-22.8,-20.8,1.9,24.3,45.4,63.1,76.8,86.1,93.2,95.2,92.5,83.8,71.9,55.9,36.3,16.0,-3.8,-23.1,-37.4,-46.8,-51.3,-51.3,-48.7,-50.1,-53.0,-53.4,-50.8,-43.9,-25.4,-13.9,-2.8,8.7,17.6,20.0,22.2,19.0,16.1,-17.1,-19.4,-20.1,-19.0,-16.5,-16.1,-20.4,-21.9,-21.9,-20.6,-18.7,-18.5,42.2,34.9,32.2,33.3,31.2,33.0,38.1,50.8,57.1,58.9,58.8,54.4,42.7,38.5,38.8,37.3,39.2,48.1,49.8,49.8,1418.2,1418.2,1419.8,1419.3,1413.0,1402.5,1387.8,1374.1,1370.9,1376.5,1388.0,1395.7,1395.1,1390.6,1387.0,1389.2,1394.5,1386.6,1381.0,1373.4,1365.9,1357.6,1351.2,1357.1,1361.0,1364.5,1367.9,1356.5,1351.1,1345.5,1340.2,1355.0,1351.2,1347.8,1348.6,1350.5,1376.1,1371.8,1370.4,1368.8,1369.3,1370.7,1363.4,1363.6,1363.1,1364.6,1362.1,1362.1,1375.6,1360.8,1351.8,1349.2,1349.1,1356.0,1368.9,1357.0,1348.7,1347.9,1350.1,1360.0,1374.0,1353.2,1351.0,1350.6,1366.7,1351.6,1351.1,1353.8,2.192,0.054,0.134,-0.046,609.681,392.3730000000001,-36.389,6.098,6.996,-15.837,1.054,-6.398,-15.579,6.331,-13.677,-7.547999999999999,-19.412,-3.487,3.903,-1.578,1.932,-0.364,-6.715,-7.385,-9.448,-5.16,6.292999999999999,0.8759999999999999,2.067,-3.777,-0.153,2.557,1.047,-0.698,-0.346,-0.11,0.364,-0.469,-0.47,0.4579999999999999,0.81,1.95,0.0,0.0,1.28,0.42,0.78,2.08,2.7,1.59,0.0,0.0,0.52,0.0,3.05,0.12,3.51,1.0,1.0,0.0,0.0,1.0,0.0,0.0,1.0,1.0,1.0,0.0,0.0,0.0,0.0,1.0,1.0,0.0,1.0,
44.0,1.435,0.98,0.053189,0.258054,-0.964665,-0.108919,0.317886,-0.941852,-0.0289999999999999,0.293,522.9,526.6,536.3,546.3,550.8,547.8,537.4,527.4,510.7,517.3,525.3,534.6,544.4,553.1,559.8,553.8,544.4,534.0,524.6,516.5,532.7,537.2,541.5,543.1,541.2,536.7,532.4,530.8,664.5,668.2,678.5,689.5,694.7,691.0,680.7,668.9,653.8,661.9,671.8,682.4,692.1,700.1,706.8,701.9,694.3,684.7,673.0,661.5,674.9,679.7,684.2,685.8,683.5,678.7,674.3,672.7,317.9,308.1,303.6,307.1,316.5,327.1,330.8,327.3,320.3,317.7,315.9,314.7,314.5,315.3,316.2,319.9,321.2,322.3,322.8,322.4,322.2,323.8,321.8,317.5,313.3,311.7,313.7,318.1,313.2,302.3,297.5,301.6,312.2,323.0,327.8,324.7,310.5,310.5,310.2,309.9,310.0,310.4,311.6,315.3,317.1,317.6,316.9,315.6,318.0,319.8,317.7,313.0,308.4,306.6,308.7,313.4,-53.8,-52.1,-47.7,-43.0,-41.0,-42.3,-47.1,-51.7,-59.6,-56.4,-52.7,-48.4,-43.9,-39.9,-36.9,-39.6,-43.8,-48.6,-53.0,-56.8,-49.3,-47.2,-45.2,-44.5,-45.4,-47.5,-49.5,-50.2,10.3,11.8,16.1,20.8,22.9,21.4,17.0,12.1,5.8,9.2,13.3,17.8,21.9,25.2,28.1,26.0,22.7,18.7,13.8,9.0,14.6,16.6,18.5,19.2,18.3,16.3,14.4,13.7,-19.3,-23.9,-25.9,-24.3,-20.0,-15.1,-13.4,-15.0,-18.3,-19.4,-20.2,-20.8,-20.9,-20.5,-20.1,-18.4,-17.8,-17.3,-17.1,-17.3,-17.3,-16.6,-17.5,-19.5,-21.5,-22.2,-21.3,-19.3,-19.6,-24.2,-26.2,-24.5,-20.1,-15.5,-13.5,-14.8,-20.8,-20.7,-20.9,-21.0,-21.0,-20.9,-20.4,-18.8,-18.0,-17.7,-18.0,-18.6,-17.6,-16.9,-17.7,-19.7,-21.7,-22.4,-21.5,-19.5,1377.6,1378.8,1379.1,1378.5,1377.2,1376.3,1375.8,1376.4,1382.1,1379.5,1377.4,1376.4,1376.6,1377.8,1379.4,1377.2,1375.3,1375.0,1376.5,1379.0,1377.8,1377.6,1377.7,1378.2,1378.7,1379.0,1378.9,1378.4,1256.0,1257.3,1258.5,1259.0,1258.4,1257.1,1255.8,1255.5,1257.5,1256.3,1255.7,1256.2,1257.9,1260.5,1263.9,1260.2,1257.0,1254.8,1254.3,1255.5,1257.3,1257.4,1258.0,1258.6,1258.8,1258.6,1258.1,1257.5,-13.0,14.1,1357.2,0.021,0.096,-0.0409999999999999,457.1,460.5,466.5,476.3,494.1,520.0,546.1,575.1,613.7,654.6,693.2,726.0,749.8,762.3,765.9,769.8,773.4,473.9,489.7,512.1,537.4,561.9,646.0,674.5,699.6,723.3,740.8,607.6,606.8,606.2,605.9,571.7,589.8,608.3,627.3,644.4,507.7,525.7,544.3,562.0,543.3,525.4,652.8,671.9,691.3,709.3,691.5,672.7,541.4,564.6,590.4,609.9,631.8,660.4,686.7,662.1,634.6,610.7,589.8,563.5,550.4,591.1,610.7,632.9,677.0,634.0,611.2,591.0,315.6,363.6,411.1,455.9,494.1,524.4,545.8,562.4,567.3,560.8,540.9,514.7,480.4,438.8,395.3,352.3,310.7,279.3,258.0,247.1,246.4,251.4,247.4,241.4,240.8,246.8,262.3,301.6,327.3,352.4,378.5,397.4,402.9,408.0,401.0,394.6,320.8,315.3,313.9,316.5,321.7,322.8,312.9,309.1,309.0,312.2,316.1,316.6,450.7,435.5,429.9,432.5,427.7,431.7,442.4,471.4,485.9,490.1,489.5,478.9,452.0,443.8,444.5,441.1,445.2,465.5,469.5,469.2,-86.2,-84.6,-81.8,-77.2,-68.5,-55.9,-43.3,-29.6,-12.0,6.7,24.5,39.9,51.0,56.6,58.2,60.1,62.0,-76.6,-69.0,-58.4,-46.6,-35.3,2.7,15.6,27.0,37.8,45.9,-14.6,-14.9,-15.1,-15.2,-30.8,-22.5,-14.2,-5.7,2.0,-60.5,-52.1,-43.6,-35.5,-44.0,-52.2,5.8,14.5,23.3,31.5,23.4,14.8,-45.1,-34.1,-22.3,-13.5,-3.7,9.2,21.3,10.0,-2.4,-13.1,-22.5,-34.6,-40.9,-22.0,-13.2,-3.2,16.8,-2.7,-12.9,-22.1,-20.9,1.7,24.1,45.2,62.9,76.6,85.7,92.4,94.4,91.9,83.5,71.8,55.9,36.5,16.3,-3.6,-22.9,-37.2,-46.8,-51.6,-51.6,-49.1,-50.7,-53.6,-54.0,-51.4,-44.5,-26.4,-14.7,-3.4,8.2,16.8,19.3,21.5,18.4,15.5,-17.9,-20.4,-21.0,-19.8,-17.4,-17.0,-21.4,-23.1,-23.1,-21.7,-19.9,-19.7,41.5,34.1,31.4,32.5,30.4,32.3,37.5,50.3,56.4,58.3,58.1,53.7,42.0,37.7,37.9,36.4,38.7,47.4,49.2,49.1,1413.9,1413.5,1414.9,1414.4,1408.5,1398.3,1383.5,1369.6,1366.3,1372.0,1384.1,1392.6,1392.8,1388.9,1385.7,1388.2,1393.9,1383.2,1377.8,1370.3,1362.9,1354.6,1349.4,1355.3,1359.3,1362.8,1366.2,1353.5,1347.8,1341.8,1336.2,1351.0,1347.1,1343.7,1344.8,1346.9,1372.4,1368.2,1366.9,1365.2,1365.7,1366.9,1360.8,1361.1,1360.8,1362.3,1359.6,1359.6,1371.6,1357.1,1348.0,1345.4,1345.5,1352.7,1365.7,1353.3,1344.7,1343.8,1345.9,1356.0,1370.0,1349.3,1347.1,1347.0,1363.5,1347.7,1347.1,1349.8,2.197,0.04,0.1169999999999999,-0.042,611.378,391.214,-35.267,5.122000000000001,8.137,-14.094,0.8109999999999999,-5.155,-15.548,6.195,-13.367,-6.794,-18.267,-2.542,5.31,-0.5760000000000001,1.735,-0.2239999999999999,-5.757999999999999,-6.456,-9.784,-4.538,6.452999999999999,0.718,2.396,-3.559,0.046,2.628,1.62,-1.094,-0.205,-0.015,0.462,-0.308,-0.32,0.384,0.88,1.92,0.0,0.0,1.42,0.53,0.85,2.23,2.8,1.61,0.0,0.0,0.64,0.0,3.08,0.07,3.29,1.0,1.0,0.0,0.0,1.0,0.0,0.0,1.0,1.0,1.0,0.0,0.0,0.0,0.0,1.0,1.0,0.0,1.0,
45.0,1.4680000000000002,0.98,0.071003,0.2360469999999999,-0.969144,-0.101537,0.2858739999999999,-0.952873,-0.016,0.265,524.2,527.8,537.6,547.8,552.4,549.5,539.0,528.9,511.1,518.0,526.3,535.7,545.5,554.5,561.5,555.6,545.9,535.3,525.5,517.1,534.3,538.7,542.9,544.5,542.5,538.1,533.8,532.3,665.7,669.2,679.4,690.4,695.7,692.2,682.0,670.2,654.5,663.3,673.8,684.1,693.4,701.2,707.5,702.7,694.9,685.2,673.6,662.2,676.4,680.8,684.9,686.3,684.1,679.7,675.6,674.3,315.1,305.3,300.8,304.1,313.4,324.0,327.7,324.4,317.4,314.9,313.0,311.9,311.9,312.6,313.3,317.2,318.3,319.3,320.0,319.7,319.3,320.8,318.8,314.6,310.5,309.1,311.0,315.3,310.0,299.0,294.1,298.0,308.6,319.6,324.6,321.5,307.6,307.5,306.9,306.8,307.1,307.7,308.8,312.4,314.0,314.3,313.6,312.4,314.3,315.9,313.9,309.5,305.3,303.7,305.7,310.1,-52.2,-50.6,-46.2,-41.6,-39.5,-40.7,-45.4,-50.0,-58.3,-55.1,-51.3,-47.0,-42.6,-38.6,-35.4,-38.1,-42.3,-47.1,-51.6,-55.5,-47.7,-45.7,-43.8,-43.1,-44.0,-46.0,-47.9,-48.6,10.8,12.2,16.5,21.1,23.3,21.9,17.6,12.6,6.1,9.7,14.1,18.5,22.4,25.7,28.4,26.3,23.0,18.9,14.0,9.3,15.2,17.1,18.8,19.4,18.5,16.6,14.9,14.3,-20.2,-24.7,-26.7,-25.2,-21.0,-16.2,-14.5,-16.0,-19.3,-20.4,-21.2,-21.7,-21.7,-21.4,-21.1,-19.3,-18.8,-18.3,-18.0,-18.2,-18.3,-17.7,-18.6,-20.5,-22.3,-23.0,-22.1,-20.2,-20.9,-25.5,-27.6,-26.0,-21.5,-16.9,-14.8,-16.1,-21.9,-21.9,-22.2,-22.2,-22.2,-22.0,-21.6,-20.0,-19.3,-19.1,-19.4,-19.9,-19.1,-18.5,-19.3,-21.2,-22.9,-23.6,-22.8,-20.9,1352.5,1353.9,1354.4,1353.8,1352.3,1351.1,1350.4,1351.0,1357.2,1354.6,1352.5,1351.5,1351.7,1352.9,1354.6,1352.1,1350.2,1349.8,1351.2,1353.9,1352.6,1352.3,1352.6,1353.2,1353.8,1354.1,1353.9,1353.3,1254.3,1255.5,1256.9,1257.5,1257.1,1255.9,1254.5,1254.0,1255.7,1254.5,1254.1,1254.7,1256.6,1259.5,1262.9,1259.2,1255.8,1253.5,1252.9,1253.9,1255.8,1256.1,1256.6,1257.1,1257.3,1257.0,1256.5,1256.0,-12.7,13.3,1354.8,0.001,0.08,-0.034,458.0,461.0,466.6,476.0,493.5,519.1,544.9,573.5,611.8,652.5,690.7,723.9,748.5,762.2,766.6,770.6,773.8,475.1,491.2,513.8,539.2,563.8,648.1,676.4,701.4,725.1,742.3,609.4,608.8,608.4,608.2,572.7,591.0,609.9,629.3,646.6,508.6,526.9,545.5,563.4,544.5,526.5,654.0,673.0,692.4,710.4,692.7,673.8,540.4,564.1,590.8,610.9,633.7,662.5,688.3,663.9,636.1,611.3,589.6,562.5,549.6,591.3,611.6,634.7,678.8,635.5,611.8,590.8,315.7,363.3,410.9,455.6,493.9,524.2,545.6,562.2,567.3,561.2,541.1,514.7,480.4,438.7,395.2,352.3,311.1,277.9,256.8,245.8,244.8,249.5,245.5,239.6,239.0,245.3,261.0,298.9,324.7,350.0,376.2,394.9,400.4,405.6,398.7,392.4,318.1,312.4,311.1,313.9,318.6,319.7,310.2,306.1,306.1,309.3,312.9,313.4,448.7,432.3,426.1,428.9,424.1,428.8,440.9,470.0,484.5,488.6,487.8,476.9,450.1,441.1,441.9,438.7,443.7,462.9,466.9,466.4,-85.5,-84.1,-81.5,-77.1,-68.6,-56.2,-43.8,-30.3,-12.8,5.7,23.3,38.9,50.3,56.5,58.5,60.4,62.2,-75.9,-68.2,-57.6,-45.8,-34.4,3.6,16.5,27.8,38.7,46.6,-13.8,-14.0,-14.1,-14.1,-30.3,-22.0,-13.4,-4.8,2.9,-60.0,-51.5,-43.0,-34.8,-43.4,-51.6,6.3,15.0,23.8,31.9,23.9,15.3,-45.5,-34.3,-22.1,-13.0,-2.8,10.1,22.0,10.8,-1.8,-12.8,-22.6,-35.0,-41.2,-21.9,-12.7,-2.4,17.6,-2.0,-12.6,-22.1,-20.8,1.5,23.9,45.0,62.7,76.3,85.4,92.1,94.2,91.8,83.4,71.7,55.8,36.4,16.2,-3.6,-22.7,-37.8,-47.3,-52.1,-52.3,-49.9,-51.5,-54.4,-54.8,-52.2,-45.1,-27.5,-15.9,-4.5,7.2,15.7,18.1,20.4,17.3,14.5,-19.1,-21.7,-22.3,-21.0,-18.8,-18.3,-22.6,-24.4,-24.5,-23.0,-21.3,-21.1,40.5,32.6,29.6,30.8,28.7,31.0,36.8,49.5,55.7,57.5,57.2,52.7,41.1,36.4,36.7,35.3,38.0,46.1,47.9,47.8,1410.0,1409.4,1410.8,1410.6,1405.0,1395.3,1381.0,1366.9,1363.0,1368.5,1380.8,1390.0,1391.0,1388.0,1385.5,1388.5,1394.7,1381.1,1376.0,1368.9,1361.9,1354.1,1349.8,1355.8,1360.0,1363.7,1367.0,1352.4,1346.3,1340.2,1334.4,1349.0,1344.8,1341.3,1342.8,1345.1,1370.3,1366.2,1365.0,1363.3,1363.5,1364.7,1360.0,1360.4,1360.2,1361.6,1358.8,1358.7,1369.2,1354.5,1345.2,1342.5,1342.8,1350.3,1363.7,1351.1,1342.0,1341.1,1343.3,1353.6,1367.4,1346.8,1344.5,1344.5,1361.6,1345.0,1344.4,1347.2,2.2,0.019,0.099,-0.035,612.117,389.429,-36.083,3.374,10.49,-12.507,-0.7190000000000001,-5.167999999999999,-15.773,5.365,-13.662,-6.093999999999999,-16.683,-0.4579999999999999,6.515,1.17,2.865,0.344,-5.587999999999999,-6.635,-8.88,-5.402,5.825,0.0559999999999999,3.083,-3.25,0.102,2.5380000000000003,1.7990000000000002,-1.192,-0.158,-0.211,0.366,-0.42,-0.286,0.381,0.87,1.87,0.0,0.0,1.62,0.86,0.98,2.27,2.96,1.54,0.0,0.0,0.51,0.0,3.16,0.02,3.01,1.0,1.0,0.0,0.0,1.0,0.0,0.0,1.0,1.0,1.0,0.0,0.0,0.0,0.0,1.0,1.0,0.0,1.0,
46.0,1.5019999999999998,0.98,0.054723,0.206307,-0.976956,-0.1216049999999999,0.267843,-0.955758,-0.035,0.241,524.2,527.8,537.7,548.2,553.1,550.3,539.6,529.1,511.6,519.0,527.4,536.5,546.2,555.3,562.5,556.6,546.9,536.3,526.3,517.7,534.5,539.2,543.6,545.1,543.0,538.3,534.0,532.4,666.1,670.1,680.5,691.2,695.9,691.9,681.5,670.1,656.8,664.0,673.7,684.8,695.2,703.6,709.5,703.6,695.0,684.8,673.5,663.5,676.8,681.1,685.3,686.9,685.0,680.7,676.5,674.9,311.6,302.4,297.8,300.7,309.3,319.5,323.1,320.2,314.3,311.5,309.4,308.5,308.6,309.4,310.2,313.9,314.6,315.4,316.2,316.2,315.8,317.1,315.1,311.0,307.2,306.0,307.9,312.0,307.3,296.9,292.1,295.8,305.7,316.1,320.8,317.7,306.3,304.9,304.0,303.9,304.3,304.3,305.0,308.5,310.8,311.7,311.0,309.4,310.3,311.7,309.8,305.6,301.6,300.1,302.1,306.3,-51.5,-50.0,-45.6,-40.8,-38.6,-39.8,-44.5,-49.2,-57.2,-53.8,-50.0,-46.0,-41.7,-37.6,-34.5,-37.0,-41.3,-46.0,-50.4,-54.4,-46.8,-44.8,-42.8,-42.2,-43.2,-45.2,-47.2,-47.8,11.1,12.8,17.2,21.8,23.8,22.2,17.7,12.9,7.2,10.2,14.3,19.1,23.5,27.2,29.7,27.2,23.5,19.1,14.3,10.0,15.7,17.6,19.3,20.0,19.2,17.3,15.6,14.9,-21.5,-25.7,-27.7,-26.4,-22.5,-18.0,-16.4,-17.6,-20.4,-21.6,-22.5,-22.9,-22.8,-22.5,-22.1,-20.5,-20.1,-19.7,-19.4,-19.5,-19.6,-19.1,-20.0,-21.8,-23.5,-24.1,-23.2,-21.3,-22.5,-26.9,-28.9,-27.4,-23.2,-18.8,-16.7,-18.0,-22.9,-23.5,-23.8,-23.9,-23.8,-23.8,-23.5,-22.0,-21.0,-20.6,-20.9,-21.6,-21.2,-20.6,-21.4,-23.2,-24.9,-25.5,-24.7,-22.9,1333.0,1335.3,1336.2,1335.3,1333.0,1330.8,1329.7,1330.7,1337.3,1334.9,1333.0,1332.2,1332.4,1333.5,1335.1,1332.3,1330.2,1329.6,1331.0,1333.8,1332.7,1332.3,1332.7,1333.7,1334.8,1335.2,1334.8,1333.8,1278.8,1277.4,1277.0,1277.8,1279.3,1280.6,1281.0,1280.6,1280.7,1278.7,1277.3,1277.1,1278.8,1281.5,1284.7,1282.2,1279.7,1278.1,1278.0,1279.4,1280.4,1280.7,1280.5,1279.9,1279.3,1279.0,1279.2,1279.8,-12.7,12.2,1352.6,-0.009,0.078,-0.026,458.2,460.7,465.7,474.6,491.7,516.9,542.4,571.0,609.6,650.9,689.6,723.2,748.0,761.9,766.6,770.9,774.3,476.0,492.4,515.0,540.4,565.0,649.7,677.9,702.9,726.4,743.2,610.3,609.6,609.0,608.7,572.7,591.1,610.0,629.4,646.7,509.1,527.6,546.4,564.3,545.3,527.2,654.7,673.8,693.4,711.3,693.6,674.7,537.8,562.1,589.9,610.4,633.8,663.7,689.9,664.9,635.8,610.4,588.1,560.1,547.1,590.2,611.1,634.7,680.5,635.5,611.0,589.5,316.1,362.8,409.6,453.6,491.4,521.7,543.5,560.6,566.2,560.2,539.9,513.1,478.7,437.4,394.7,352.9,312.9,275.3,254.5,243.4,242.2,247.0,243.2,237.2,237.0,243.9,259.9,295.9,321.7,347.1,373.3,392.1,397.5,402.7,396.1,390.1,314.8,308.8,307.6,310.9,315.2,316.1,307.6,303.1,303.0,306.8,310.2,310.6,444.8,428.1,421.9,424.9,420.2,425.1,437.8,468.5,483.6,487.7,486.7,474.8,446.4,437.4,438.3,435.2,440.8,461.5,465.4,464.8,-85.3,-84.1,-81.8,-77.6,-69.3,-57.1,-44.8,-31.4,-13.8,5.0,22.8,38.4,50.0,56.3,58.4,60.5,62.4,-75.4,-67.6,-57.0,-45.2,-33.8,4.3,17.1,28.5,39.2,46.9,-13.4,-13.6,-13.8,-13.9,-30.2,-21.9,-13.4,-4.7,3.0,-59.7,-51.1,-42.5,-34.3,-43.0,-51.2,6.6,15.3,24.2,32.3,24.3,15.7,-46.6,-35.1,-22.4,-13.2,-2.8,10.6,22.7,11.2,-1.9,-13.2,-23.2,-36.0,-42.3,-22.3,-12.9,-2.4,18.4,-2.0,-13.0,-22.6,-20.6,1.3,23.3,43.9,61.4,75.0,84.3,91.2,93.5,91.1,82.6,70.8,54.9,35.8,16.0,-3.3,-21.9,-38.9,-48.3,-53.2,-53.4,-50.9,-52.5,-55.4,-55.7,-52.7,-45.5,-28.9,-17.1,-5.7,5.9,14.4,16.8,19.1,16.1,13.5,-20.6,-23.3,-23.8,-22.3,-20.3,-19.9,-23.7,-25.7,-25.8,-24.1,-22.5,-22.3,38.7,30.7,27.7,29.0,26.9,29.3,35.3,48.8,55.2,57.0,56.6,51.7,39.4,34.7,35.0,33.7,36.6,45.4,47.2,47.0,1408.0,1406.8,1407.7,1407.2,1401.8,1392.2,1378.1,1363.9,1359.9,1365.3,1377.7,1386.9,1388.0,1385.4,1383.3,1386.9,1393.5,1379.0,1374.1,1367.2,1360.1,1352.3,1348.2,1354.1,1358.4,1362.2,1365.2,1350.4,1344.1,1337.8,1331.8,1346.6,1342.3,1338.9,1340.5,1342.9,1368.4,1364.3,1363.1,1361.5,1361.7,1362.8,1358.2,1358.5,1358.2,1359.5,1356.7,1356.7,1367.9,1352.7,1342.7,1339.9,1340.2,1348.0,1361.7,1349.1,1339.7,1338.7,1341.1,1351.8,1366.2,1344.5,1342.1,1342.1,1359.9,1342.7,1342.0,1344.9,2.204,0.009,0.096,-0.027,612.068,387.122,-37.478,2.512,14.437,-13.442,-0.469,-5.495,-16.19,5.237,-13.938,-4.266,-15.485,-0.8540000000000001,6.579,1.419,3.299,-0.259,-4.345,-5.531000000000001,-7.86,-5.645,6.007999999999999,-0.296,3.468,-2.7710000000000004,0.376,2.251,2.149,-1.203,-0.314,-0.0579999999999999,0.48,-0.375,-0.166,0.354,0.85,1.77,0.0,0.0,1.84,1.12,1.0,2.43,3.17,1.5,0.0,0.0,0.4,0.0,3.25,0.0,2.74,1.0,1.0,0.0,0.0,1.0,0.0,0.0,1.0,1.0,1.0,0.0,0.0,0.0,0.0,1.0,0.0,0.0,1.0,
47.0,1.535,0.98,0.089337,0.181874,-0.979255,-0.1477359999999999,0.241458,-0.9591,-0.03,0.215,525.6,529.3,539.3,549.9,554.7,551.8,540.9,530.4,512.3,519.4,527.8,537.1,547.0,556.2,563.3,557.1,547.4,536.8,526.8,518.2,536.0,540.5,544.9,546.5,544.4,539.8,535.5,533.9,665.7,669.6,679.7,689.9,694.3,690.4,680.4,669.5,656.8,663.8,673.2,684.4,695.2,703.6,709.1,703.2,694.7,684.5,673.3,663.4,675.9,680.1,684.2,685.8,684.0,679.8,675.7,674.1,308.5,299.5,295.2,298.2,306.6,316.6,319.9,317.0,312.3,309.1,306.6,305.5,305.9,307.5,309.2,311.8,311.8,312.2,313.0,313.5,312.8,314.1,312.2,308.3,304.6,303.4,305.2,309.1,304.4,294.6,290.3,293.9,303.4,313.2,317.6,314.4,304.2,302.8,301.9,301.6,302.0,302.2,303.0,306.4,308.4,309.0,308.5,307.0,307.4,308.9,307.1,303.1,299.2,297.7,299.5,303.6,-50.4,-48.9,-44.5,-39.8,-37.6,-38.8,-43.5,-48.2,-56.4,-53.2,-49.4,-45.3,-40.9,-36.9,-33.8,-36.5,-40.7,-45.3,-49.8,-53.7,-45.8,-43.8,-41.9,-41.2,-42.2,-44.2,-46.1,-46.8,11.1,12.7,17.0,21.4,23.3,21.7,17.4,12.7,7.2,10.2,14.2,19.1,23.7,27.4,29.9,27.3,23.5,19.1,14.3,10.1,15.5,17.3,19.0,19.7,18.9,17.1,15.4,14.7,-22.7,-26.7,-28.6,-27.3,-23.5,-19.1,-17.6,-18.9,-21.1,-22.4,-23.5,-24.0,-23.8,-23.1,-22.4,-21.2,-21.2,-21.0,-20.7,-20.5,-20.8,-20.2,-21.0,-22.8,-24.4,-25.0,-24.2,-22.4,-23.9,-28.1,-29.9,-28.4,-24.3,-20.1,-18.3,-19.6,-24.0,-24.6,-25.0,-25.1,-25.0,-24.9,-24.6,-23.1,-22.2,-21.9,-22.2,-22.8,-22.6,-22.0,-22.8,-24.5,-26.1,-26.8,-26.0,-24.3,1321.1,1323.6,1324.7,1323.7,1321.2,1318.8,1317.7,1318.7,1325.5,1323.2,1321.2,1320.3,1320.5,1321.4,1322.8,1320.1,1318.3,1317.8,1319.2,1322.0,1320.8,1320.4,1320.8,1321.9,1323.0,1323.4,1323.0,1321.9,1289.7,1288.2,1287.6,1288.3,1289.8,1291.2,1291.8,1291.5,1291.9,1289.8,1288.3,1288.0,1289.9,1292.8,1296.1,1293.4,1290.8,1289.2,1289.1,1290.5,1291.1,1291.4,1291.1,1290.5,1289.9,1289.7,1289.9,1290.5,-12.7,11.3,1351.1,-0.015,0.072,-0.022,457.8,459.9,464.3,472.6,489.1,514.0,540.0,569.4,608.9,650.7,689.7,723.3,748.1,762.1,766.9,771.0,774.3,476.5,493.0,515.6,541.2,565.9,649.7,678.0,703.3,727.0,743.6,610.7,610.0,609.5,609.1,572.4,591.0,610.2,629.8,647.2,509.7,528.3,547.0,565.0,545.9,527.8,654.5,673.6,693.1,711.0,693.4,674.5,535.3,560.3,589.2,610.1,634.1,664.8,691.7,666.0,636.0,610.1,587.2,558.1,544.7,589.5,610.7,635.0,682.3,635.7,610.7,588.7,316.1,361.7,407.6,451.0,488.5,519.0,541.4,559.0,564.8,558.5,537.8,510.9,476.8,436.1,394.1,353.2,314.0,273.2,252.5,241.3,240.1,245.4,241.8,235.4,235.4,242.8,259.3,294.0,319.7,344.9,371.0,389.6,395.1,400.4,393.8,387.9,312.2,306.1,305.0,308.8,312.6,313.4,305.7,300.9,300.7,304.9,307.9,308.3,441.4,424.5,418.5,421.5,416.8,421.7,434.9,466.7,482.1,486.2,485.1,472.6,443.1,434.1,435.0,432.0,437.9,460.0,463.9,463.2,-85.4,-84.3,-82.3,-78.4,-70.4,-58.4,-45.9,-32.1,-14.1,4.9,22.8,38.4,50.0,56.3,58.5,60.6,62.4,-75.1,-67.3,-56.6,-44.8,-33.4,4.4,17.1,28.6,39.5,47.1,-13.2,-13.4,-13.6,-13.7,-30.3,-21.9,-13.3,-4.6,3.2,-59.4,-50.8,-42.2,-34.0,-42.6,-50.9,6.5,15.2,24.0,32.2,24.1,15.6,-47.7,-35.9,-22.7,-13.3,-2.6,11.1,23.5,11.7,-1.8,-13.3,-23.6,-36.9,-43.4,-22.6,-13.1,-2.2,19.2,-1.9,-13.1,-23.0,-20.6,0.8,22.3,42.6,60.0,73.7,83.2,90.4,92.7,90.2,81.5,69.7,54.0,35.1,15.7,-3.2,-21.4,-39.8,-49.2,-54.0,-54.3,-51.6,-53.1,-56.2,-56.4,-53.2,-45.8,-29.7,-18.0,-6.7,4.9,13.3,15.7,18.0,15.1,12.5,-21.8,-24.5,-24.9,-23.2,-21.5,-21.2,-24.6,-26.7,-26.8,-25.0,-23.6,-23.3,37.1,29.1,26.2,27.4,25.3,27.7,34.0,47.9,54.5,56.2,55.9,50.7,37.8,33.1,33.5,32.1,35.3,44.7,46.4,46.2,1406.6,1405.1,1405.6,1405.1,1400.1,1390.9,1376.9,1362.1,1357.8,1362.9,1375.5,1384.9,1386.4,1384.3,1382.5,1386.5,1393.5,1377.4,1372.5,1365.7,1358.6,1351.1,1347.1,1353.2,1357.8,1362.0,1365.1,1349.0,1342.7,1336.2,1330.2,1345.1,1340.8,1337.3,1339.0,1341.5,1366.9,1362.9,1361.8,1360.3,1360.2,1361.2,1357.2,1357.6,1357.3,1358.6,1355.7,1355.7,1367.4,1351.5,1340.9,1338.1,1338.4,1346.5,1361.1,1348.0,1338.0,1337.1,1339.5,1350.7,1365.8,1342.9,1340.3,1340.4,1359.4,1341.2,1340.5,1343.4,2.206,0.002,0.09,-0.022,611.911,385.024,-37.089,2.16,18.172,-14.84,-1.195,-6.079,-16.454,5.476,-14.11,-1.7009999999999998,-14.905,-0.531,5.858,1.803,4.223,0.35,-3.667,-4.976,-7.146,-5.525,5.544,-0.58,3.513,-2.636,0.341,2.395,1.982,-1.41,-0.278,0.005,0.421,-0.346,-0.144,0.22,0.73,1.68,0.0,0.0,2.04,1.35,0.95,2.42,3.41,1.41,0.0,0.0,0.3,0.0,3.38,0.0,2.5,1.0,1.0,0.0,0.0,1.0,0.0,0.0,1.0,1.0,1.0,0.0,0.0,0.0,0.0,1.0,0.0,0.0,1.0,
48.0,1.568,0.98,0.103805,0.183867,-0.977455,-0.156276,0.232034,-0.960072,-0.027,0.211,525.7,529.4,539.5,550.1,555.0,552.1,541.2,530.6,511.9,519.1,527.7,537.0,546.9,556.2,563.4,557.2,547.4,536.8,526.7,518.0,536.2,540.8,545.1,546.7,544.6,540.0,535.6,534.1,665.4,669.4,679.2,689.1,693.3,689.4,679.6,669.0,656.7,663.5,672.7,683.9,694.8,703.2,708.4,702.7,694.3,684.2,673.1,663.3,675.4,679.4,683.4,685.0,683.3,679.3,675.3,673.7,307.1,298.1,293.9,296.9,305.4,315.4,318.7,315.7,311.0,307.7,305.0,304.0,304.4,306.1,308.0,310.5,310.4,310.8,311.6,312.1,311.5,312.8,311.0,307.1,303.4,302.1,303.9,307.8,302.8,293.3,289.2,292.9,302.2,311.7,315.8,312.6,303.3,301.8,300.7,300.2,300.5,300.8,301.7,305.0,306.9,307.4,307.0,305.8,305.8,307.3,305.6,301.8,298.0,296.5,298.2,302.0,-49.9,-48.4,-44.0,-39.4,-37.2,-38.4,-43.1,-47.7,-56.2,-52.9,-49.1,-45.0,-40.7,-36.7,-33.5,-36.2,-40.4,-45.0,-49.5,-53.4,-45.4,-43.3,-41.5,-40.8,-41.8,-43.8,-45.7,-46.3,11.0,12.7,17.0,21.3,23.2,21.5,17.2,12.6,7.3,10.2,14.2,19.1,23.8,27.5,29.9,27.3,23.6,19.2,14.4,10.1,15.4,17.2,18.9,19.6,18.8,17.0,15.3,14.6,-23.1,-27.1,-29.0,-27.6,-23.9,-19.4,-18.0,-19.3,-21.5,-22.9,-24.0,-24.5,-24.3,-23.6,-22.8,-21.6,-21.6,-21.4,-21.1,-20.9,-21.2,-20.6,-21.4,-23.2,-24.8,-25.4,-24.6,-22.8,-24.8,-28.9,-30.7,-29.1,-25.1,-21.0,-19.2,-20.6,-24.7,-25.3,-25.7,-25.9,-25.8,-25.8,-25.4,-23.9,-23.1,-22.8,-23.0,-23.5,-23.5,-22.9,-23.6,-25.3,-26.9,-27.6,-26.9,-25.2,1311.2,1313.7,1314.9,1314.0,1311.6,1309.1,1307.9,1308.8,1315.6,1313.4,1311.4,1310.6,1310.8,1311.7,1313.1,1310.4,1308.6,1308.1,1309.4,1312.1,1311.0,1310.6,1311.1,1312.2,1313.2,1313.6,1313.1,1312.0,1302.6,1301.1,1300.5,1301.1,1302.6,1304.1,1304.7,1304.4,1304.9,1302.8,1301.2,1300.9,1302.8,1305.9,1309.4,1306.5,1303.9,1302.2,1302.1,1303.4,1304.0,1304.2,1304.0,1303.4,1302.8,1302.5,1302.8,1303.4,-12.9,10.8,1350.4,-0.013,0.071,-0.019,457.0,458.9,463.0,470.9,487.3,512.1,538.5,568.6,608.6,650.7,689.7,723.2,748.0,761.8,766.6,770.6,773.7,476.2,492.8,515.3,540.7,565.4,649.8,678.1,703.3,726.9,743.4,610.6,609.9,609.3,609.1,571.9,590.7,609.9,629.6,647.1,509.5,528.2,546.9,564.9,545.8,527.7,654.1,673.2,692.7,710.7,693.0,674.1,533.2,558.9,588.6,609.6,633.5,665.0,692.8,666.2,635.4,609.4,586.5,556.6,542.7,588.9,610.2,634.4,683.3,635.1,610.0,588.0,315.3,360.5,405.8,449.0,486.5,517.4,540.3,558.4,564.2,557.6,536.7,509.7,475.7,435.3,393.6,353.1,314.2,271.8,251.4,240.2,238.9,244.4,241.0,234.4,234.5,242.1,258.6,292.9,318.6,343.8,369.9,388.3,393.9,399.3,392.7,386.8,310.8,304.5,303.6,307.6,311.2,311.9,304.6,299.6,299.4,303.7,306.6,307.0,439.6,422.8,416.9,419.8,415.2,420.0,433.2,466.5,482.2,486.2,485.1,472.1,441.5,432.5,433.5,430.4,436.4,460.0,463.8,463.1,-85.7,-84.8,-82.9,-79.1,-71.2,-59.3,-46.6,-32.4,-14.2,4.8,22.7,38.4,49.9,56.2,58.3,60.3,62.1,-75.1,-67.3,-56.7,-44.9,-33.6,4.4,17.2,28.6,39.4,47.0,-13.2,-13.5,-13.6,-13.7,-30.5,-22.0,-13.4,-4.7,3.2,-59.4,-50.8,-42.2,-34.0,-42.7,-50.9,6.4,15.0,23.8,32.0,23.9,15.4,-48.7,-36.5,-23.0,-13.6,-2.9,11.2,23.9,11.8,-2.1,-13.6,-23.9,-37.6,-44.3,-22.9,-13.3,-2.5,19.6,-2.2,-13.4,-23.3,-20.9,0.2,21.5,41.6,59.0,72.9,82.7,90.0,92.4,89.7,80.9,69.0,53.4,34.7,15.5,-3.2,-21.2,-40.5,-49.7,-54.5,-54.8,-52.0,-53.4,-56.6,-56.8,-53.5,-46.1,-30.2,-18.5,-7.2,4.4,12.7,15.1,17.5,14.6,12.0,-22.4,-25.2,-25.6,-23.7,-22.1,-21.8,-25.0,-27.3,-27.4,-25.5,-24.1,-23.9,36.3,28.3,25.4,26.7,24.6,26.9,33.2,47.8,54.5,56.2,55.8,50.5,37.1,32.4,32.8,31.4,34.6,44.7,46.3,46.1,1405.6,1404.1,1404.4,1403.9,1399.1,1390.1,1376.2,1361.2,1356.7,1361.7,1374.3,1383.7,1385.2,1383.1,1381.2,1385.2,1392.2,1376.0,1371.3,1364.6,1357.6,1350.2,1346.2,1352.5,1357.0,1361.1,1364.1,1347.8,1341.6,1335.3,1329.3,1344.2,1339.9,1336.4,1338.2,1340.7,1365.7,1361.9,1360.8,1359.3,1359.1,1360.1,1356.2,1356.6,1356.4,1357.5,1354.7,1354.7,1367.7,1351.2,1340.1,1337.3,1337.5,1345.9,1361.0,1347.5,1337.2,1336.2,1338.7,1350.5,1366.2,1342.2,1339.6,1339.6,1359.4,1340.4,1339.7,1342.7,2.207,0.004,0.089,-0.02,611.439,383.945,-38.624,2.405,20.436,-16.271,-1.504,-6.329,-16.979,6.037000000000001,-13.943,-0.486,-15.036,-0.311,5.46,1.3430000000000002,4.2860000000000005,0.953,-2.803,-4.277,-6.691,-5.182,5.357,-0.975,3.631,-2.402,0.035,2.684,2.055,-1.4480000000000002,-0.247,0.037,0.502,-0.2789999999999999,-0.102,0.166,0.67,1.57,0.0,0.0,2.16,1.43,0.79,2.54,3.6,1.42,0.0,0.0,0.35,0.0,3.44,0.0,2.37,1.0,1.0,0.0,0.0,1.0,0.0,0.0,1.0,1.0,1.0,0.0,0.0,0.0,0.0,1.0,0.0,0.0,1.0,
49.0,1.602,0.98,0.108855,0.189175,-0.975891,-0.145097,0.228692,-0.962625,-0.019,0.212,525.2,528.9,538.9,549.3,553.9,550.9,540.2,529.8,511.3,518.3,526.7,536.0,545.9,555.1,562.3,556.1,546.4,535.8,525.8,517.2,535.5,539.9,544.1,545.7,543.7,539.3,535.1,533.5,664.9,668.7,678.3,688.0,692.3,688.5,678.9,668.5,656.1,662.7,671.6,682.5,693.3,702.0,707.7,701.7,693.0,682.8,671.9,662.4,674.7,678.8,682.7,684.3,682.5,678.5,674.5,673.0,306.5,297.4,293.2,296.4,305.1,315.2,318.4,315.2,310.3,306.9,304.3,303.2,303.8,305.6,307.6,310.1,310.0,310.4,311.1,311.5,310.8,312.2,310.4,306.5,302.8,301.5,303.3,307.1,302.0,292.4,288.3,292.0,301.4,311.0,315.1,311.9,302.9,301.2,299.7,298.9,299.4,300.2,301.5,304.5,306.0,306.3,306.0,305.2,305.3,306.8,305.1,301.2,297.3,295.7,297.4,301.4,-50.7,-49.1,-44.7,-40.1,-38.0,-39.3,-44.0,-48.6,-57.0,-53.8,-50.0,-45.9,-41.5,-37.5,-34.3,-37.0,-41.3,-45.9,-50.4,-54.3,-46.1,-44.2,-42.3,-41.7,-42.6,-44.5,-46.4,-47.0,11.0,12.7,16.9,21.2,23.1,21.4,17.2,12.6,7.1,10.0,13.9,18.7,23.5,27.4,30.0,27.3,23.4,18.9,14.1,9.9,15.3,17.1,18.9,19.6,18.8,17.0,15.3,14.6,-23.6,-27.7,-29.6,-28.1,-24.2,-19.8,-18.3,-19.7,-22.0,-23.5,-24.6,-25.1,-24.8,-24.0,-23.2,-22.0,-22.0,-21.9,-21.6,-21.4,-21.7,-21.1,-21.9,-23.6,-25.3,-25.9,-25.1,-23.3,-25.6,-29.8,-31.6,-30.0,-25.9,-21.6,-19.8,-21.2,-25.3,-26.0,-26.6,-26.9,-26.7,-26.5,-25.9,-24.6,-23.8,-23.7,-23.8,-24.2,-24.2,-23.5,-24.2,-26.0,-27.7,-28.4,-27.6,-25.9,1324.3,1326.6,1327.6,1326.7,1324.5,1322.3,1321.2,1322.1,1329.1,1326.7,1324.6,1323.6,1323.7,1324.6,1326.0,1323.5,1321.7,1321.3,1322.7,1325.5,1324.2,1323.8,1324.2,1325.2,1326.1,1326.5,1326.1,1325.1,1324.5,1323.4,1322.9,1323.2,1324.2,1325.3,1325.9,1325.9,1327.2,1325.1,1323.2,1322.8,1324.4,1327.3,1330.6,1327.7,1325.1,1323.7,1323.8,1325.5,1325.7,1325.8,1325.6,1325.1,1324.7,1324.6,1324.8,1325.3,-13.3,10.6,1351.2,-0.008,0.069,-0.02,456.0,457.8,461.7,469.6,485.9,510.9,537.6,568.2,608.4,650.4,689.0,722.3,747.1,761.0,765.9,769.7,772.7,475.5,492.1,514.4,539.7,564.4,649.0,677.4,702.6,726.3,742.6,609.6,609.0,608.5,608.3,570.9,589.8,609.2,628.9,646.5,508.6,527.2,546.0,563.9,544.9,526.8,653.1,672.1,691.6,709.6,691.9,673.1,531.8,557.6,587.7,608.8,633.0,664.9,692.9,666.4,635.2,609.1,585.9,555.5,541.3,588.0,609.5,633.9,683.5,634.8,609.6,587.3,315.4,360.2,405.1,448.0,485.3,516.2,539.3,557.8,563.6,556.9,535.8,508.8,475.1,435.0,393.4,352.9,314.0,271.1,250.9,239.8,238.5,244.0,240.6,234.0,234.1,241.9,258.5,292.6,318.3,343.6,369.7,387.9,393.5,399.0,392.3,386.4,310.2,303.8,302.9,307.2,310.6,311.2,304.0,298.7,298.5,303.0,305.8,306.3,438.8,422.0,416.2,419.1,414.5,419.1,432.3,466.5,482.8,486.8,485.7,472.3,440.7,431.8,432.8,429.7,435.5,460.4,464.3,463.5,-86.2,-85.3,-83.5,-79.8,-71.9,-59.9,-47.0,-32.6,-14.3,4.7,22.5,38.0,49.5,55.8,58.0,59.9,61.6,-75.5,-67.6,-57.2,-45.4,-34.0,4.0,16.9,28.3,39.2,46.7,-13.7,-13.9,-14.0,-14.0,-31.0,-22.4,-13.8,-5.0,2.9,-59.8,-51.2,-42.7,-34.5,-43.1,-51.4,5.9,14.5,23.3,31.5,23.5,15.0,-49.4,-37.1,-23.4,-13.9,-3.1,11.2,24.0,11.9,-2.1,-13.8,-24.2,-38.1,-45.0,-23.3,-13.6,-2.7,19.7,-2.3,-13.6,-23.6,-20.9,0.1,21.1,41.2,58.4,72.4,82.3,89.8,92.2,89.4,80.6,68.7,53.1,34.6,15.4,-3.3,-21.4,-40.8,-49.9,-54.7,-55.0,-52.2,-53.6,-56.8,-57.0,-53.6,-46.2,-30.3,-18.6,-7.3,4.3,12.5,15.0,17.4,14.4,11.8,-22.7,-25.5,-25.9,-24.0,-22.4,-22.1,-25.3,-27.7,-27.8,-25.8,-24.5,-24.2,36.0,28.0,25.1,26.4,24.3,26.6,32.8,47.9,54.8,56.5,56.1,50.6,36.8,32.2,32.5,31.1,34.3,44.9,46.6,46.4,1405.7,1404.3,1404.7,1404.4,1399.8,1391.0,1377.2,1362.1,1357.5,1362.5,1375.0,1384.3,1385.8,1383.7,1381.7,1385.7,1392.7,1376.1,1371.4,1364.8,1357.9,1350.7,1346.8,1353.1,1357.6,1361.7,1364.7,1348.3,1342.1,1335.9,1330.0,1344.9,1340.6,1337.2,1339.0,1341.5,1366.0,1362.3,1361.3,1359.9,1359.6,1360.6,1356.7,1357.1,1357.0,1358.1,1355.3,1355.2,1368.9,1352.1,1340.8,1338.0,1338.2,1346.8,1362.3,1348.8,1338.4,1337.4,1340.0,1351.8,1367.6,1343.0,1340.3,1340.3,1360.7,1341.5,1340.9,1343.8,2.206,0.009,0.087,-0.02,610.653,383.479,-39.937,2.207,21.982,-16.849,-1.332,-6.784,-17.008,6.678999999999999,-13.550999999999998,0.291,-14.802,-0.255,5.599,1.139,4.549,1.591,-2.735,-4.248,-6.153,-5.121,5.084,-0.887,3.4730000000000003,-2.364,-0.129,2.718,1.736,-1.621,-0.168,0.003,0.439,-0.371,-0.086,0.148,0.63,1.56,0.0,0.0,2.25,1.49,0.69,2.59,3.73,1.55,0.0,0.0,0.29,0.0,3.46,0.0,2.3,1.0,1.0,0.0,0.0,1.0,0.0,0.0,1.0,1.0,1.0,0.0,0.0,0.0,0.0,1.0,0.0,0.0,1.0,
50.0,1.635,0.98,0.118832,0.180776,-0.976319,-0.1475769999999999,0.2201949999999999,-0.964228,-0.015,0.204,524.4,528.2,538.5,549.2,554.1,551.1,540.1,529.3,510.1,517.5,526.1,535.4,545.4,554.9,562.4,556.1,546.1,535.3,525.0,516.2,535.0,539.7,544.1,545.7,543.6,539.0,534.5,532.9,664.2,667.9,677.6,687.5,691.8,688.0,678.4,667.8,655.6,662.0,670.9,682.0,692.8,701.4,707.1,701.2,692.7,682.5,671.5,661.9,674.1,678.2,682.2,683.7,681.9,677.8,673.8,672.3,304.9,295.8,291.5,294.6,303.3,313.4,316.7,313.6,308.7,305.4,302.7,301.6,302.1,303.8,305.6,308.3,308.3,308.7,309.5,309.9,309.4,310.7,308.9,304.9,301.2,299.8,301.7,305.6,300.4,290.7,286.4,290.2,299.6,309.3,313.6,310.4,301.1,299.3,297.9,297.2,297.7,298.5,299.9,302.8,304.2,304.6,304.2,303.4,303.7,305.2,303.5,299.4,295.5,294.0,295.7,299.7,-49.7,-48.2,-43.8,-39.1,-36.9,-38.2,-42.9,-47.5,-56.1,-52.8,-49.0,-45.0,-40.7,-36.6,-33.4,-36.1,-40.3,-44.9,-49.4,-53.3,-45.2,-43.1,-41.3,-40.6,-41.5,-43.5,-45.4,-46.1,10.6,12.3,16.5,20.9,22.8,21.1,16.9,12.2,6.9,9.7,13.6,18.4,23.2,27.1,29.6,27.0,23.2,18.7,13.8,9.6,15.0,16.8,18.6,19.2,18.5,16.7,14.9,14.2,-23.7,-27.7,-29.6,-28.2,-24.4,-20.0,-18.6,-19.9,-22.2,-23.5,-24.7,-25.1,-24.9,-24.2,-23.4,-22.2,-22.2,-22.0,-21.7,-21.6,-21.8,-21.2,-22.0,-23.7,-25.3,-25.9,-25.1,-23.4,-26.2,-30.5,-32.3,-30.7,-26.5,-22.3,-20.4,-21.8,-26.0,-26.7,-27.3,-27.6,-27.4,-27.1,-26.6,-25.2,-24.5,-24.4,-24.5,-24.9,-24.8,-24.1,-24.9,-26.6,-28.4,-29.0,-28.3,-26.5,1290.6,1293.1,1294.2,1293.3,1290.9,1288.5,1287.3,1288.2,1295.3,1293.0,1291.0,1290.0,1290.1,1291.0,1292.4,1289.7,1287.9,1287.5,1288.8,1291.7,1290.4,1290.0,1290.5,1291.5,1292.6,1293.0,1292.5,1291.4,1319.7,1318.6,1318.0,1318.4,1319.4,1320.5,1321.0,1321.0,1322.3,1320.2,1318.4,1318.0,1319.6,1322.5,1325.8,1322.9,1320.4,1318.9,1319.0,1320.6,1320.8,1321.0,1320.7,1320.3,1319.9,1319.7,1320.0,1320.4,-13.5,9.8,1349.1,-0.022,0.068,-0.02,455.3,457.1,461.1,468.9,485.1,510.0,536.9,567.9,608.6,650.9,689.6,722.7,747.3,760.8,765.3,769.0,771.7,474.7,491.3,513.5,538.9,563.7,648.1,676.6,702.1,726.0,742.3,608.9,608.3,608.0,607.8,570.5,589.4,608.7,628.3,645.9,508.0,526.5,545.4,563.5,544.4,526.2,652.3,671.5,691.2,709.2,691.5,672.5,531.0,556.9,587.0,608.2,632.3,664.5,692.8,666.0,634.7,608.5,585.3,554.9,540.7,587.4,608.9,633.3,683.2,634.1,608.9,586.6,315.9,360.0,404.4,446.8,483.5,514.2,537.1,555.4,561.3,554.7,534.1,507.6,474.0,434.1,392.6,352.3,313.6,269.8,249.7,238.6,237.4,242.9,239.4,232.6,232.8,240.8,257.6,290.7,316.2,341.2,367.1,385.9,391.4,396.7,390.2,384.4,308.6,302.1,301.1,305.4,308.8,309.6,302.3,297.0,296.8,301.4,304.2,304.6,437.3,420.1,413.9,416.9,412.2,417.2,430.9,464.7,480.6,484.5,483.4,470.2,439.2,430.1,430.9,427.9,434.0,457.7,461.4,460.7,-86.5,-85.5,-83.7,-80.0,-72.2,-60.2,-47.2,-32.7,-14.2,4.9,22.7,38.1,49.5,55.7,57.7,59.5,61.1,-75.7,-67.9,-57.5,-45.7,-34.3,3.6,16.5,28.1,39.0,46.5,-14.0,-14.1,-14.2,-14.3,-31.1,-22.6,-13.9,-5.2,2.7,-60.1,-51.5,-42.9,-34.6,-43.3,-51.6,5.6,14.3,23.1,31.3,23.2,14.7,-49.6,-37.4,-23.7,-14.2,-3.4,11.0,23.9,11.7,-2.4,-14.0,-24.4,-38.3,-45.2,-23.5,-13.9,-3.0,19.6,-2.6,-13.9,-23.8,-20.6,0.0,20.7,40.6,57.5,71.4,81.1,88.5,90.9,88.2,79.7,68.0,52.6,34.2,15.0,-3.6,-21.5,-41.3,-50.4,-55.2,-55.5,-52.7,-54.1,-57.4,-57.5,-54.1,-46.5,-31.1,-19.6,-8.4,3.1,11.6,14.0,16.3,13.4,10.9,-23.4,-26.3,-26.7,-24.7,-23.2,-22.9,-26.1,-28.5,-28.6,-26.5,-25.2,-25.0,35.2,27.0,24.1,25.3,23.2,25.7,32.1,47.0,53.7,55.4,55.0,49.6,36.0,31.3,31.6,30.3,33.5,43.6,45.2,45.0,1404.7,1403.0,1403.2,1402.6,1397.8,1388.7,1374.4,1358.9,1354.4,1359.5,1372.8,1382.6,1384.5,1382.6,1380.5,1384.4,1391.3,1375.0,1370.3,1363.7,1356.8,1349.6,1345.5,1352.0,1356.7,1360.9,1363.9,1346.8,1340.4,1333.9,1327.8,1342.8,1338.6,1335.2,1337.1,1339.6,1364.9,1361.3,1360.3,1358.8,1358.5,1359.5,1355.6,1356.0,1355.9,1357.1,1354.2,1354.1,1366.7,1349.6,1338.3,1335.5,1335.7,1344.3,1359.9,1346.0,1335.5,1334.5,1337.1,1349.1,1365.2,1340.5,1337.9,1337.9,1358.3,1338.7,1338.0,1341.0,2.209,-0.005,0.086,-0.02,610.133,381.805,-36.985,2.381,21.574,-16.607,-2.262,-6.894,-17.707,7.756,-13.138,0.573,-14.214,-1.449,5.501,0.8009999999999999,4.362,1.884,-2.0380000000000003,-3.949,-5.871,-5.4910000000000005,4.721,-1.18,3.624,-2.142,-0.241,2.888,1.605,-1.6669999999999998,-0.201,-0.04,0.419,-0.29,-0.067,0.11,0.61,1.53,0.0,0.0,2.29,1.49,0.69,2.71,3.73,1.66,0.0,0.0,0.29,0.0,3.46,0.0,2.21,1.0,1.0,0.0,0.0,1.0,0.0,0.0,1.0,1.0,1.0,0.0,0.0,0.0,0.0,1.0,0.0,0.0,1.0,
51.0,1.668,0.98,0.12162,0.1638359999999999,-0.978962,-0.149449,0.191216,-0.970104,-0.0139999999999999,0.18,524.6,528.2,538.3,549.0,554.0,551.1,540.3,529.6,510.3,517.4,525.9,535.3,545.3,554.6,561.8,555.6,545.9,535.2,525.1,516.3,535.2,539.7,544.0,545.5,543.3,538.8,534.5,533.0,664.1,667.8,677.4,687.1,691.4,687.7,678.1,667.7,655.6,662.3,671.2,681.6,692.0,700.7,707.1,701.2,692.5,682.3,671.4,661.7,673.9,678.0,682.0,683.5,681.7,677.7,673.7,672.1,301.3,292.1,287.8,290.9,299.6,309.7,313.1,310.0,305.3,301.8,298.9,297.7,298.2,300.0,302.2,304.7,304.7,305.1,305.9,306.4,305.6,306.9,305.1,301.2,297.5,296.2,298.1,301.9,296.0,286.2,281.9,285.7,295.3,305.1,309.4,306.4,296.9,295.6,293.9,292.9,293.4,294.7,296.5,299.2,300.1,300.1,299.9,299.7,299.9,301.5,299.7,295.6,291.6,290.1,291.9,295.9,-50.2,-48.7,-44.3,-39.6,-37.4,-38.6,-43.2,-47.9,-56.6,-53.4,-49.6,-45.5,-41.1,-37.1,-34.0,-36.7,-40.8,-45.4,-49.9,-53.8,-45.6,-43.6,-41.7,-41.1,-42.1,-44.0,-45.9,-46.5,10.8,12.4,16.7,21.1,23.0,21.3,17.0,12.4,7.0,10.0,13.9,18.6,23.2,27.2,30.1,27.4,23.5,18.9,14.0,9.7,15.2,17.0,18.8,19.4,18.7,16.8,15.1,14.4,-25.5,-29.6,-31.5,-30.1,-26.3,-21.8,-20.3,-21.7,-23.9,-25.4,-26.6,-27.1,-26.9,-26.1,-25.1,-24.0,-24.0,-23.8,-23.5,-23.3,-23.6,-23.1,-23.9,-25.6,-27.2,-27.8,-27.0,-25.3,-28.6,-33.0,-34.9,-33.2,-28.9,-24.5,-22.6,-24.0,-28.2,-28.8,-29.5,-30.0,-29.8,-29.2,-28.5,-27.2,-26.7,-26.7,-26.8,-27.0,-26.8,-26.1,-26.9,-28.8,-30.6,-31.3,-30.5,-28.6,1303.6,1306.1,1307.3,1306.5,1304.1,1301.7,1300.4,1301.2,1307.9,1305.8,1303.9,1303.1,1303.2,1304.1,1305.4,1302.9,1301.0,1300.5,1301.8,1304.5,1303.5,1303.1,1303.6,1304.7,1305.7,1306.0,1305.5,1304.5,1340.1,1340.2,1340.1,1339.8,1339.5,1339.4,1339.5,1340.1,1342.7,1340.8,1339.3,1338.9,1340.2,1342.7,1345.7,1342.5,1339.9,1338.6,1338.8,1340.6,1340.7,1340.5,1340.5,1340.5,1340.7,1340.8,1340.8,1340.8,-13.4,8.2,1348.4,-0.042,0.071,-0.024,455.3,457.2,461.1,469.2,485.6,510.9,538.4,570.1,611.0,653.0,691.2,723.6,747.6,760.9,765.3,768.8,771.3,474.7,491.1,513.4,538.7,563.4,647.9,676.4,702.0,725.8,741.9,608.7,608.2,608.0,607.9,570.8,589.7,609.0,628.5,646.1,508.0,526.4,545.2,563.3,544.3,526.1,652.3,671.4,691.0,708.8,691.3,672.5,531.1,556.6,586.6,608.5,633.3,665.8,693.8,667.6,636.1,609.2,585.4,554.9,540.8,587.1,609.3,634.3,684.3,635.4,609.5,586.6,316.5,359.7,403.1,445.0,481.3,512.0,535.3,553.6,559.2,552.1,531.0,504.5,471.1,431.7,390.5,350.8,312.9,266.6,246.2,234.8,233.4,239.0,235.3,228.2,228.8,237.3,254.3,286.8,311.8,336.3,361.8,381.9,387.1,392.3,385.7,380.0,305.2,298.3,297.3,301.7,305.2,305.9,298.3,293.0,292.8,297.6,300.2,300.6,434.4,416.3,409.8,412.5,407.7,412.9,427.4,460.8,476.6,480.6,479.6,466.7,436.2,425.9,426.7,423.4,430.3,454.1,458.1,457.4,-86.5,-85.5,-83.6,-79.8,-71.8,-59.6,-46.5,-31.6,-13.1,5.9,23.4,38.4,49.6,55.6,57.6,59.4,60.8,-75.7,-68.0,-57.6,-45.8,-34.5,3.6,16.4,28.1,38.9,46.3,-14.1,-14.2,-14.2,-14.2,-31.0,-22.4,-13.8,-5.1,2.7,-60.0,-51.6,-43.0,-34.8,-43.4,-51.6,5.6,14.2,23.1,31.1,23.2,14.7,-49.6,-37.5,-23.8,-14.0,-3.0,11.6,24.4,12.4,-1.7,-13.7,-24.3,-38.2,-45.1,-23.6,-13.7,-2.5,20.0,-2.0,-13.6,-23.9,-20.4,-0.1,20.2,39.7,56.5,70.2,80.1,87.5,89.7,86.9,78.1,66.5,51.2,33.0,14.0,-4.3,-21.8,-42.8,-52.0,-56.9,-57.3,-54.4,-56.0,-59.4,-59.4,-55.7,-48.1,-32.9,-21.5,-10.5,0.8,9.8,12.1,14.4,11.5,8.9,-24.9,-28.0,-28.4,-26.4,-24.8,-24.5,-27.9,-30.3,-30.4,-28.2,-27.0,-26.8,33.9,25.3,22.2,23.4,21.2,23.7,30.5,45.2,51.8,53.6,53.2,47.9,34.6,29.4,29.7,28.2,31.8,42.0,43.7,43.5,1404.8,1403.0,1402.8,1401.9,1396.1,1386.1,1371.4,1355.8,1351.4,1356.8,1370.0,1379.7,1381.8,1380.3,1378.6,1382.9,1390.0,1375.0,1370.5,1364.0,1357.2,1350.3,1346.1,1352.5,1357.2,1361.4,1364.4,1346.7,1340.1,1333.3,1326.9,1342.1,1337.9,1334.5,1336.3,1338.9,1364.7,1361.4,1360.4,1359.1,1358.6,1359.6,1355.6,1356.2,1356.1,1357.3,1354.4,1354.3,1365.4,1348.3,1337.4,1334.5,1334.8,1343.3,1358.8,1345.0,1334.4,1333.3,1335.8,1347.7,1363.9,1339.4,1336.8,1336.8,1357.1,1337.8,1337.0,1340.0,2.21,-0.027,0.09,-0.024,610.436,378.398,-39.126,4.199,22.322,-17.042,-1.767,-6.8260000000000005,-17.332,9.219,-12.095,1.494,-14.21,-2.52,4.722,0.7659999999999999,4.766,1.54,-3.199,-3.244,-5.132000000000001,-5.98,3.554,-1.169,3.265,-2.602,-0.172,2.615,1.733,-1.739,-0.145,-0.0579999999999999,0.3979999999999999,-0.304,-0.008,0.084,0.62,1.56,0.0,0.0,2.3,1.41,0.74,2.73,3.67,1.76,0.0,0.0,0.36,0.0,3.39,0.03,2.11,1.0,1.0,0.0,0.0,1.0,0.0,0.0,1.0,1.0,1.0,0.0,0.0,0.0,0.0,1.0,1.0,0.0,1.0,
52.0,1.702,0.98,0.115449,0.138365,-0.983629,-0.134062,0.150573,-0.979467,-0.009,0.146,526.1,529.6,539.5,550.0,554.9,552.1,541.4,531.0,511.8,518.8,527.3,536.6,546.6,555.7,562.8,556.6,547.1,536.7,526.7,518.0,536.4,540.9,545.1,546.6,544.5,540.1,535.8,534.3,664.7,668.5,678.3,688.3,692.7,688.9,679.2,668.4,656.1,663.1,672.1,682.3,692.3,701.0,707.9,702.1,693.4,683.2,672.3,662.4,674.8,678.9,682.9,684.5,682.7,678.6,674.6,673.0,298.2,289.0,284.7,287.9,296.6,306.7,310.0,306.9,302.3,298.7,295.7,294.4,295.0,297.0,299.4,301.6,301.6,301.9,302.7,303.3,302.5,303.8,302.0,298.1,294.4,293.0,294.8,298.8,292.0,282.3,278.0,281.6,291.1,300.8,305.1,302.4,294.0,292.3,290.2,288.9,289.4,291.0,293.4,295.5,296.1,296.1,296.2,296.6,296.2,297.7,295.9,292.0,288.1,286.6,288.4,292.4,-50.2,-48.7,-44.4,-39.8,-37.5,-38.7,-43.4,-48.0,-56.7,-53.5,-49.7,-45.5,-41.2,-37.2,-34.1,-36.8,-40.9,-45.4,-49.9,-53.8,-45.7,-43.7,-41.8,-41.2,-42.2,-44.1,-46.0,-46.6,10.9,12.6,17.0,21.4,23.3,21.6,17.3,12.6,7.1,10.2,14.2,18.7,23.1,27.0,30.1,27.5,23.6,19.1,14.3,9.9,15.4,17.2,19.0,19.7,18.9,17.1,15.3,14.6,-27.3,-31.4,-33.3,-31.9,-28.0,-23.5,-22.0,-23.4,-25.5,-27.1,-28.3,-28.9,-28.7,-27.8,-26.8,-25.7,-25.7,-25.5,-25.2,-25.0,-25.4,-24.8,-25.6,-27.3,-29.0,-29.6,-28.8,-27.0,-30.1,-34.4,-36.3,-34.7,-30.5,-26.2,-24.3,-25.5,-29.2,-30.0,-30.9,-31.4,-31.2,-30.6,-29.6,-28.6,-28.2,-28.2,-28.2,-28.1,-28.2,-27.6,-28.3,-30.1,-31.8,-32.5,-31.7,-29.9,1322.7,1325.1,1326.2,1325.5,1323.3,1321.0,1319.8,1320.5,1327.1,1324.8,1322.9,1322.1,1322.3,1323.2,1324.6,1322.1,1320.3,1319.8,1321.0,1323.7,1322.7,1322.3,1322.8,1323.9,1324.8,1325.1,1324.6,1323.6,1327.1,1328.4,1328.8,1328.2,1326.9,1325.6,1325.1,1325.9,1329.3,1327.6,1326.4,1326.2,1327.3,1329.6,1332.4,1328.9,1326.2,1324.8,1325.1,1326.9,1327.3,1327.0,1327.2,1327.7,1328.3,1328.5,1328.4,1327.8,-12.6,6.8,1344.3,-0.079,0.069,-0.0289999999999999,456.0,458.1,462.4,470.8,487.4,512.7,540.2,572.9,614.5,656.6,694.5,726.1,749.5,762.2,766.4,769.6,771.7,475.8,492.0,514.3,539.6,564.1,648.4,676.9,702.6,726.4,742.7,609.5,609.4,609.5,609.7,572.4,591.6,610.9,630.5,648.2,509.5,527.6,546.5,564.6,545.6,527.5,653.0,672.1,691.7,709.4,692.1,673.2,533.1,558.5,588.4,610.4,635.3,667.8,695.9,669.9,638.5,611.6,587.7,557.3,542.9,589.0,611.3,636.4,686.2,637.6,611.7,588.7,318.6,361.0,403.4,444.7,480.5,511.1,534.8,552.9,558.1,550.9,530.1,503.6,469.8,430.1,388.6,349.1,311.8,264.1,243.3,231.5,230.0,235.7,231.3,224.2,224.9,233.8,251.3,282.8,307.5,331.7,357.0,378.3,383.2,388.1,381.4,375.8,302.4,295.1,294.0,298.6,302.1,303.0,294.8,289.3,289.0,294.0,296.5,297.0,433.1,413.2,405.8,408.2,403.4,409.0,425.0,456.3,470.6,474.5,473.8,462.5,434.6,422.2,422.7,419.2,427.7,448.6,452.6,452.2,-86.0,-84.9,-82.8,-78.8,-70.7,-58.6,-45.4,-30.2,-11.4,7.5,24.8,39.5,50.2,56.0,57.9,59.6,60.9,-75.1,-67.5,-57.1,-45.4,-34.1,3.8,16.6,28.3,39.2,46.7,-13.6,-13.6,-13.5,-13.4,-30.1,-21.5,-12.9,-4.2,3.6,-59.3,-50.9,-42.4,-34.1,-42.7,-50.9,5.9,14.5,23.3,31.3,23.5,15.0,-48.5,-36.5,-22.9,-13.1,-2.1,12.4,25.2,13.3,-0.7,-12.6,-23.2,-37.0,-44.0,-22.7,-12.7,-1.6,20.8,-1.1,-12.6,-22.8,-19.3,0.4,20.3,39.5,55.8,69.5,79.6,86.8,88.8,85.9,77.3,65.8,50.4,32.1,13.1,-5.0,-22.3,-43.9,-53.2,-58.3,-58.7,-55.9,-57.7,-61.1,-61.1,-57.2,-49.4,-34.6,-23.4,-12.5,-1.3,8.2,10.3,12.5,9.5,7.0,-26.1,-29.4,-29.9,-27.8,-26.2,-25.8,-29.4,-31.9,-32.1,-29.8,-28.6,-28.4,33.2,23.8,20.3,21.4,19.2,21.9,29.4,43.0,49.0,50.7,50.5,45.8,33.8,27.7,27.8,26.3,30.5,39.4,41.1,41.0,1402.3,1399.9,1398.8,1397.0,1390.6,1380.1,1365.3,1349.2,1344.6,1350.0,1363.7,1374.1,1376.9,1376.0,1374.8,1379.4,1386.8,1372.7,1368.5,1362.2,1355.6,1349.0,1344.5,1351.1,1355.9,1360.4,1363.5,1344.6,1337.5,1330.4,1323.6,1338.8,1334.4,1330.8,1332.8,1335.6,1362.4,1359.3,1358.4,1357.0,1356.5,1357.4,1353.7,1354.4,1354.4,1355.4,1352.5,1352.3,1360.6,1343.5,1333.1,1330.2,1330.5,1339.0,1354.5,1339.8,1328.8,1327.5,1330.0,1342.0,1359.0,1334.8,1332.2,1332.4,1352.6,1332.7,1331.7,1334.6,2.216,-0.064,0.088,-0.0279999999999999,612.02,375.386,-38.861,4.985,21.183000000000003,-16.078,-3.343,-5.892,-17.52,10.155,-12.087,1.308,-14.734000000000002,-2.894,2.455,0.54,5.943,1.264,-3.0410000000000004,-2.9210000000000003,-4.066,-6.31,2.335,-1.228,3.324,-3.218,-0.264,2.814,1.444,-1.4340000000000002,-0.243,0.038,0.4539999999999999,-0.3979999999999999,-0.074,-0.061,0.64,1.53,0.0,0.0,2.29,1.42,0.77,2.71,3.52,1.7,0.0,0.0,0.52,0.0,3.33,0.03,1.99,1.0,1.0,0.0,0.0,1.0,0.0,1.0,1.0,1.0,1.0,0.0,0.0,0.0,0.0,1.0,1.0,0.0,1.0,
53.0,1.735,0.98,0.123076,0.112922,-0.985952,-0.125464,0.1285869999999999,-0.98373,-0.001,0.122,527.8,531.2,541.0,551.5,556.6,553.9,543.3,532.8,513.5,520.3,528.7,538.0,548.0,557.0,563.9,557.9,548.5,538.2,528.2,519.6,538.0,542.6,546.9,548.4,546.2,541.6,537.3,535.8,666.4,670.2,680.1,690.3,694.9,691.2,681.3,670.3,657.8,665.0,674.2,684.3,694.0,702.6,709.7,703.9,695.3,685.2,674.3,664.3,676.7,681.0,685.1,686.7,684.7,680.5,676.3,674.8,295.6,286.4,282.1,285.1,293.8,303.9,307.4,304.3,300.2,296.4,293.2,291.7,292.2,294.2,296.9,299.0,299.0,299.4,300.3,301.0,299.9,301.3,299.4,295.3,291.5,290.2,292.1,296.1,288.8,279.2,274.9,278.4,287.6,297.2,301.5,299.0,290.8,289.0,286.8,285.6,286.1,287.8,290.2,292.3,292.8,292.8,292.9,293.4,293.1,294.5,292.7,288.8,284.9,283.5,285.3,289.2,-49.6,-48.2,-43.9,-39.2,-36.9,-38.0,-42.6,-47.3,-56.1,-53.0,-49.2,-45.0,-40.6,-36.7,-33.6,-36.3,-40.3,-44.9,-49.3,-53.2,-45.0,-43.0,-41.1,-40.5,-41.5,-43.5,-45.4,-46.0,11.6,13.3,17.6,22.1,24.1,22.5,18.1,13.3,7.9,11.0,15.0,19.4,23.7,27.6,30.7,28.1,24.3,19.8,15.0,10.7,16.1,18.0,19.8,20.5,19.7,17.8,16.0,15.3,-28.4,-32.6,-34.5,-33.2,-29.3,-24.7,-23.2,-24.6,-26.5,-28.2,-29.5,-30.1,-29.9,-29.1,-27.9,-26.9,-26.9,-26.7,-26.3,-26.1,-26.5,-25.9,-26.8,-28.6,-30.3,-30.9,-30.0,-28.2,-31.3,-35.5,-37.5,-35.9,-31.8,-27.6,-25.7,-26.8,-30.4,-31.2,-32.1,-32.7,-32.5,-31.8,-30.8,-29.8,-29.5,-29.5,-29.4,-29.3,-29.4,-28.8,-29.5,-31.3,-33.0,-33.7,-32.9,-31.1,1325.2,1327.6,1328.8,1328.2,1326.0,1323.8,1322.5,1323.1,1329.5,1327.5,1325.6,1324.8,1325.1,1326.0,1327.2,1324.8,1323.1,1322.5,1323.7,1326.3,1325.3,1325.0,1325.5,1326.6,1327.5,1327.8,1327.3,1326.2,1318.1,1319.8,1320.5,1319.8,1318.1,1316.3,1315.6,1316.5,1320.1,1318.5,1317.4,1317.3,1318.4,1320.6,1323.3,1319.8,1316.9,1315.5,1315.8,1317.6,1318.2,1317.8,1318.1,1318.9,1319.6,1319.9,1319.6,1318.9,-11.5,5.7,1339.6,-0.104,0.068,-0.035,457.3,459.7,464.3,473.1,490.3,516.4,544.4,578.0,619.8,661.5,698.5,729.3,752.0,764.4,768.3,770.9,772.5,477.4,493.5,516.0,541.4,565.9,649.9,678.1,703.9,727.7,743.9,611.3,611.5,611.9,612.4,575.0,594.3,613.8,633.4,651.1,511.1,529.0,547.9,566.0,547.1,528.9,655.0,674.0,693.6,711.0,694.0,675.3,536.2,561.6,591.5,613.5,638.2,670.8,699.1,673.2,641.9,615.1,591.4,560.9,546.1,592.1,614.4,639.4,689.3,640.9,615.1,592.1,318.6,360.9,403.2,444.6,480.5,511.4,535.6,553.6,558.3,550.8,530.1,503.8,469.6,429.4,387.2,347.3,309.8,262.4,240.9,228.8,227.4,233.4,228.2,220.8,221.4,230.4,248.6,279.5,303.7,327.6,352.5,375.0,379.6,384.2,377.4,371.6,300.3,292.5,291.4,295.9,299.7,300.6,291.7,286.0,285.5,290.8,293.2,293.7,431.7,410.7,402.9,405.0,400.2,405.8,422.7,453.0,466.4,470.3,469.8,459.4,433.1,418.5,418.7,415.2,425.2,446.1,450.1,450.0,-85.2,-83.9,-81.6,-77.4,-69.1,-56.6,-43.3,-27.7,-9.0,9.6,26.4,40.7,51.2,56.8,58.6,59.9,61.0,-74.2,-66.6,-56.2,-44.4,-33.3,4.4,17.1,28.8,39.7,47.1,-12.8,-12.7,-12.4,-12.1,-28.9,-20.3,-11.6,-2.9,4.9,-58.4,-50.2,-41.6,-33.4,-41.9,-50.1,6.8,15.3,24.1,32.0,24.3,15.9,-46.9,-35.0,-21.5,-11.7,-0.8,13.7,26.6,14.8,0.8,-11.0,-21.5,-35.2,-42.4,-21.2,-11.3,-0.3,22.2,0.4,-11.0,-21.2,-19.3,0.4,20.1,39.2,55.6,69.3,79.5,86.6,88.4,85.4,76.9,65.5,50.1,31.7,12.4,-5.8,-23.1,-44.5,-54.2,-59.4,-59.8,-56.8,-58.9,-62.6,-62.5,-58.7,-50.6,-36.0,-25.0,-14.3,-3.3,6.7,8.7,10.7,7.7,5.1,-27.0,-30.5,-31.0,-28.9,-27.2,-26.8,-30.8,-33.3,-33.5,-31.2,-30.0,-29.8,32.4,22.6,19.0,19.9,17.8,20.4,28.2,41.4,47.0,48.6,48.5,44.3,33.0,25.9,26.0,24.4,29.3,38.1,39.9,39.9,1398.5,1395.7,1394.0,1391.5,1384.3,1373.2,1358.6,1342.4,1337.6,1343.1,1356.8,1367.5,1370.7,1370.1,1369.4,1374.3,1381.8,1368.6,1365.0,1358.9,1352.5,1346.4,1341.7,1348.4,1353.2,1357.7,1360.8,1341.0,1333.5,1326.1,1318.9,1334.1,1329.6,1325.8,1327.9,1330.9,1358.3,1355.7,1354.9,1353.4,1352.8,1353.7,1350.1,1351.2,1351.3,1352.3,1349.3,1348.9,1355.4,1338.4,1328.3,1325.7,1326.1,1334.6,1350.1,1334.7,1323.3,1321.8,1324.2,1336.1,1353.8,1329.5,1327.1,1327.5,1348.1,1327.7,1326.5,1329.3,2.224,-0.09,0.086,-0.034,614.544,373.003,-40.973,6.705,21.894,-15.126,-4.163,-4.716,-16.762,11.333,-11.066,0.225,-15.683,-2.623,0.472,-0.336,6.015,1.075,-3.917,-2.401,-3.951,-5.356,0.905,-0.5479999999999999,3.326,-3.707,0.0069999999999999,2.8160000000000003,1.393,-1.248,-0.211,-0.025,0.53,-0.488,-0.0579999999999999,-0.044,0.7,1.53,0.0,0.0,2.26,1.43,0.82,2.69,3.37,1.7,0.0,0.0,0.76,0.0,3.27,0.03,1.89,1.0,1.0,0.0,0.0,1.0,0.0,1.0,1.0,1.0,1.0,0.0,0.0,0.0,0.0,1.0,1.0,0.0,1.0,
54.0,1.768,0.98,0.106485,0.099067,-0.989367,-0.110497,0.112292,-0.987512,-0.002,0.107,529.8,533.2,543.1,553.6,558.6,555.9,545.3,534.8,516.2,522.9,531.3,540.6,550.6,559.8,566.9,560.6,551.2,540.8,530.8,522.2,540.2,544.7,548.9,550.4,548.3,543.8,539.5,538.1,669.0,672.6,682.7,693.3,698.2,694.5,684.5,673.2,660.4,667.7,677.1,687.2,696.7,705.2,712.2,706.7,698.3,688.3,677.3,667.2,679.5,683.9,688.2,689.7,687.6,683.2,679.0,677.4,293.7,284.5,280.0,282.9,291.5,301.6,305.2,302.3,298.4,294.4,291.1,289.5,290.0,292.1,294.8,296.9,296.8,297.3,298.3,299.1,297.8,299.1,297.1,293.2,289.5,288.2,290.2,294.1,285.8,276.3,272.0,275.3,284.5,294.0,298.3,295.9,288.2,286.1,283.9,282.7,283.1,284.7,287.2,289.2,289.7,289.8,290.1,290.7,290.2,291.6,289.8,285.8,282.0,280.6,282.4,286.4,-48.5,-47.1,-42.7,-38.1,-35.8,-36.9,-41.6,-46.2,-54.7,-51.6,-47.9,-43.7,-39.3,-35.3,-32.2,-34.9,-39.0,-43.6,-48.0,-51.9,-43.9,-41.9,-40.1,-39.5,-40.4,-42.4,-44.3,-44.9,12.6,14.2,18.6,23.2,25.3,23.7,19.3,14.4,8.9,12.1,16.1,20.5,24.6,28.4,31.5,29.0,25.3,20.9,16.2,11.8,17.2,19.1,20.9,21.6,20.7,18.8,17.0,16.3,-29.2,-33.3,-35.3,-34.0,-30.2,-25.6,-24.0,-25.3,-27.2,-28.9,-30.3,-31.0,-30.8,-29.9,-28.7,-27.8,-27.8,-27.5,-27.1,-26.8,-27.4,-26.8,-27.7,-29.4,-31.1,-31.6,-30.8,-29.0,-32.2,-36.4,-38.3,-36.8,-32.8,-28.7,-26.8,-27.8,-31.2,-32.1,-33.0,-33.6,-33.4,-32.8,-31.8,-30.8,-30.5,-30.4,-30.3,-30.1,-30.3,-29.7,-30.5,-32.3,-33.9,-34.6,-33.8,-32.0,1320.2,1322.6,1323.6,1322.8,1320.5,1318.3,1317.1,1318.0,1324.5,1322.3,1320.4,1319.5,1319.7,1320.5,1321.7,1319.3,1317.6,1317.2,1318.5,1321.2,1320.1,1319.7,1320.2,1321.2,1322.1,1322.5,1322.1,1321.1,1303.3,1305.4,1306.4,1305.7,1303.7,1301.6,1300.7,1301.4,1304.9,1303.6,1302.7,1302.7,1303.9,1306.1,1308.8,1305.2,1302.3,1300.7,1300.9,1302.5,1303.4,1303.1,1303.5,1304.4,1305.2,1305.5,1305.1,1304.2,-10.0,4.7,1338.6,-0.124,0.0579999999999999,-0.04,458.6,461.1,466.1,475.3,492.9,519.4,548.3,583.2,625.1,666.1,701.8,731.5,754.0,766.5,770.6,772.9,774.2,479.8,495.8,518.4,544.0,568.5,652.1,679.9,705.5,729.4,746.0,613.9,614.5,615.4,616.4,578.6,598.1,617.7,637.2,654.8,513.6,531.5,550.5,568.8,549.9,531.7,657.7,676.7,696.4,713.7,697.0,678.1,539.9,565.5,595.5,617.5,641.8,674.4,702.3,677.1,646.2,619.8,596.1,565.2,550.0,596.2,618.4,643.0,692.4,644.7,619.4,596.4,320.2,361.6,403.0,443.7,479.0,509.8,534.2,552.1,556.6,549.3,529.3,503.4,469.3,429.0,386.1,345.6,307.6,260.6,238.9,226.7,225.2,231.1,225.4,217.7,218.1,227.1,245.3,276.4,300.6,324.4,349.3,372.2,376.7,381.1,374.2,368.4,298.5,290.4,289.2,293.6,297.6,298.7,288.8,283.0,282.5,287.8,290.4,290.9,430.3,408.1,399.5,401.5,396.6,402.7,420.6,450.9,463.9,467.7,467.3,457.4,431.5,415.6,415.6,412.0,422.9,443.3,447.2,447.2,-84.4,-83.1,-80.7,-76.3,-67.7,-55.1,-41.5,-25.4,-6.6,11.6,27.9,41.7,52.1,57.8,59.6,60.9,61.8,-73.0,-65.6,-55.1,-43.3,-32.1,5.4,18.0,29.6,40.5,48.1,-11.7,-11.3,-10.9,-10.4,-27.3,-18.6,-9.9,-1.3,6.6,-57.2,-49.0,-40.4,-32.1,-40.6,-48.9,8.0,16.5,25.4,33.2,25.6,17.1,-45.2,-33.2,-19.7,-9.9,0.8,15.3,28.0,16.5,2.7,-8.9,-19.4,-33.2,-40.6,-19.4,-9.6,1.3,23.5,2.1,-9.1,-19.3,-18.5,0.8,20.0,38.8,54.8,68.4,78.7,85.8,87.5,84.6,76.5,65.3,49.9,31.5,11.9,-6.6,-24.1,-45.3,-55.1,-60.4,-60.8,-57.9,-60.2,-64.0,-64.0,-60.2,-52.0,-37.4,-26.4,-15.7,-4.7,5.4,7.4,9.3,6.3,3.7,-27.8,-31.4,-32.0,-30.0,-28.1,-27.7,-32.1,-34.7,-34.9,-32.6,-31.3,-31.1,31.7,21.4,17.5,18.3,16.2,19.0,27.2,40.4,45.8,47.4,47.3,43.3,32.2,24.6,24.6,23.0,28.2,36.8,38.5,38.6,1396.5,1393.5,1391.5,1388.8,1381.3,1370.1,1355.5,1339.5,1335.2,1341.1,1355.1,1366.2,1369.9,1369.9,1369.4,1374.3,1381.5,1367.9,1364.7,1358.9,1352.9,1347.1,1342.6,1349.3,1354.1,1358.5,1361.3,1341.3,1333.6,1326.0,1318.7,1333.2,1328.9,1325.3,1327.6,1330.8,1358.1,1355.8,1355.1,1353.5,1352.9,1353.7,1350.3,1351.6,1351.8,1352.8,1349.8,1349.2,1353.6,1336.9,1327.2,1324.7,1325.2,1333.7,1349.1,1333.4,1322.0,1320.3,1322.5,1334.2,1352.0,1328.3,1326.1,1326.5,1346.9,1326.6,1325.3,1327.8,2.225,-0.11,0.074,-0.039,617.656,370.769,-42.99,5.198,21.167,-14.156,-4.672,-4.8180000000000005,-16.065,12.458,-11.108,-0.733,-15.386,-4.056,0.048,-0.857,5.772,0.754,-3.687,-1.8,-3.2030000000000003,-5.077,0.129,-0.873,3.338,-3.949,-0.457,3.053,1.134,-1.121,-0.311,-0.015,0.509,-0.487,-0.055,-0.081,0.73,1.5,0.0,0.0,2.22,1.55,0.82,2.76,3.29,1.73,0.0,0.0,0.9,0.0,3.27,0.0,1.75,1.0,1.0,0.0,0.0,1.0,0.0,1.0,1.0,1.0,1.0,0.0,0.0,0.0,0.0,1.0,1.0,0.0,1.0,
55.0,1.802,0.98,0.115167,0.0807669999999999,-0.990057,-0.113394,0.091674,-0.989312,0.001,0.087,533.1,536.3,546.1,556.6,561.8,559.3,548.8,538.2,519.2,525.9,534.4,543.8,553.9,563.0,570.1,563.9,554.5,544.2,534.2,525.5,543.6,548.0,552.1,553.5,551.3,546.9,542.8,541.4,671.5,675.2,685.4,696.0,700.9,697.2,687.1,675.8,663.4,670.6,679.8,689.9,699.6,708.3,715.5,709.9,701.4,691.3,680.3,670.2,682.1,686.6,691.0,692.6,690.5,685.9,681.5,680.0,291.6,282.0,277.3,280.2,289.0,299.4,303.3,300.4,296.2,292.2,288.7,286.9,287.2,289.3,292.1,294.3,294.5,295.2,296.2,297.0,295.5,296.7,294.7,290.7,287.0,285.8,287.8,291.8,282.2,272.8,268.5,271.7,280.6,290.0,294.4,292.1,285.2,282.7,280.2,278.8,279.1,280.9,283.6,285.4,285.8,285.9,286.4,287.3,286.6,288.0,286.1,282.1,278.3,276.9,278.8,282.8,-47.0,-45.6,-41.4,-36.7,-34.4,-35.4,-40.0,-44.6,-53.2,-50.2,-46.4,-42.2,-37.8,-33.8,-30.7,-33.4,-37.5,-42.0,-46.4,-50.3,-42.4,-40.4,-38.6,-38.0,-39.0,-41.0,-42.8,-43.3,13.6,15.2,19.6,24.2,26.2,24.6,20.2,15.4,10.1,13.2,17.1,21.5,25.7,29.5,32.6,30.1,26.4,22.0,17.3,13.0,18.1,20.1,21.9,22.6,21.8,19.8,17.9,17.2,-30.0,-34.3,-36.4,-35.1,-31.2,-26.6,-24.9,-26.1,-28.1,-29.8,-31.3,-32.1,-32.0,-31.1,-29.9,-28.9,-28.7,-28.4,-28.0,-27.7,-28.3,-27.8,-28.7,-30.5,-32.1,-32.7,-31.8,-30.0,-33.5,-37.6,-39.5,-38.1,-34.2,-30.1,-28.2,-29.2,-32.2,-33.3,-34.3,-35.0,-34.9,-34.1,-33.0,-32.2,-31.9,-31.8,-31.6,-31.3,-31.6,-31.0,-31.8,-33.6,-35.2,-35.8,-35.0,-33.3,1318.1,1320.3,1321.3,1320.6,1318.6,1316.5,1315.4,1316.1,1322.2,1320.0,1318.1,1317.2,1317.5,1318.4,1319.7,1317.4,1315.6,1315.1,1316.4,1319.0,1318.1,1317.9,1318.3,1319.2,1320.1,1320.3,1319.9,1319.0,1291.8,1294.0,1295.0,1294.1,1291.9,1289.6,1288.7,1289.7,1293.2,1291.9,1291.0,1291.0,1292.1,1294.2,1296.7,1293.2,1290.3,1288.8,1289.0,1290.7,1291.6,1291.2,1291.6,1292.6,1293.5,1293.9,1293.5,1292.6,-8.3,3.5,1337.7,-0.147,0.044,-0.048,460.0,463.0,468.5,478.3,496.3,523.6,553.3,589.1,631.2,671.6,706.4,735.3,757.2,769.4,773.1,775.0,775.6,482.2,498.3,521.0,546.7,571.4,655.6,682.7,707.9,731.4,747.8,617.5,618.8,620.3,621.9,584.1,603.5,622.9,642.0,659.2,516.8,534.7,553.8,572.2,553.3,535.0,660.8,679.5,699.3,716.5,700.2,681.3,544.1,570.0,600.3,622.5,646.8,679.1,706.4,682.2,651.7,625.3,601.4,570.1,554.3,601.0,623.4,648.0,696.7,649.9,624.6,601.4,321.1,362.4,403.6,444.0,478.8,509.0,532.7,549.8,554.0,546.8,527.4,502.1,468.1,427.9,385.0,344.4,306.5,259.4,237.5,224.9,222.8,228.3,221.7,213.7,214.3,223.2,241.3,272.9,296.8,320.6,345.4,369.4,373.4,377.4,370.6,364.9,296.6,288.0,286.6,291.1,295.3,296.5,285.5,279.3,278.5,284.0,286.7,287.4,428.5,405.3,396.0,397.7,392.8,399.0,417.7,448.0,460.9,464.8,464.5,455.0,429.6,412.2,412.1,408.3,420.0,440.4,444.4,444.5,-83.7,-82.1,-79.4,-74.7,-66.0,-53.0,-39.1,-22.6,-3.9,14.1,29.9,43.3,53.5,59.0,60.8,61.8,62.5,-71.9,-64.4,-53.9,-42.1,-30.8,7.0,19.2,30.7,41.4,49.0,-10.1,-9.4,-8.7,-8.0,-24.9,-16.2,-7.5,0.9,8.5,-55.7,-47.6,-38.9,-30.6,-39.1,-47.4,9.4,17.8,26.7,34.5,27.1,18.6,-43.2,-31.2,-17.5,-7.7,3.0,17.4,29.8,18.7,5.1,-6.5,-17.0,-31.1,-38.6,-17.2,-7.3,3.5,25.4,4.4,-6.8,-17.1,-18.1,1.1,20.2,38.8,54.6,67.9,77.8,84.5,86.1,83.3,75.5,64.6,49.3,31.0,11.4,-7.1,-24.6,-45.8,-55.7,-61.2,-61.9,-59.2,-61.9,-65.8,-65.8,-62.0,-53.9,-39.0,-28.1,-17.4,-6.4,4.2,5.9,7.7,4.7,2.2,-28.7,-32.5,-33.1,-31.1,-29.2,-28.6,-33.5,-36.4,-36.8,-34.3,-33.0,-32.7,30.9,20.2,15.9,16.7,14.5,17.3,25.9,39.1,44.4,46.1,46.0,42.2,31.3,23.1,23.0,21.4,26.9,35.5,37.2,37.4,1395.0,1391.6,1389.2,1386.1,1378.1,1366.5,1351.8,1335.9,1332.1,1338.4,1353.0,1364.5,1368.7,1369.2,1369.2,1374.4,1381.7,1366.8,1364.2,1359.0,1353.2,1347.6,1343.9,1350.7,1355.5,1359.9,1362.6,1341.6,1333.8,1326.1,1318.6,1332.6,1328.4,1324.9,1327.3,1330.6,1357.2,1355.3,1354.8,1353.3,1352.5,1353.2,1350.8,1352.3,1352.6,1353.6,1350.5,1349.9,1351.8,1335.6,1326.4,1324.0,1324.7,1333.1,1348.2,1332.4,1321.0,1319.0,1321.1,1332.4,1350.2,1327.3,1325.2,1325.8,1346.1,1325.8,1324.2,1326.6,2.226,-0.134,0.0579999999999999,-0.047,621.534,368.226,-45.962,5.431,20.942,-14.0,-4.351,-4.092,-14.735,13.647,-10.768,-0.635,-15.652,-4.763999999999999,-0.062,-0.5379999999999999,5.983,0.701,-3.3480000000000003,-0.901,-3.42,-5.0280000000000005,-0.303,-1.128,3.588,-3.579,-0.512,2.59,1.328,-1.068,-0.358,-0.06,0.527,-0.425,0.017,-0.048,0.73,1.49,0.0,0.0,2.18,1.56,0.88,2.8,3.24,1.73,0.0,0.0,1.03,0.0,3.24,0.0,1.65,1.0,1.0,0.0,0.0,1.0,0.0,1.0,1.0,1.0,1.0,0.0,0.0,0.0,0.0,1.0,1.0,0.0,1.0,
56.0,1.835,0.98,0.14223,0.065235,-0.987682,-0.083832,0.074155,-0.993717,0.0289999999999999,0.07,537.7,540.7,550.2,560.7,566.0,563.8,553.5,543.0,523.7,530.2,538.6,548.1,558.2,567.0,573.7,567.7,558.5,548.3,538.5,529.9,548.0,552.6,556.7,558.0,555.7,551.1,547.0,545.7,675.7,679.2,689.4,700.2,705.3,701.7,691.5,680.1,667.4,674.7,683.9,694.0,703.4,712.0,719.2,713.6,705.1,695.1,684.2,674.3,686.2,690.9,695.4,696.9,694.7,690.0,685.6,684.0,290.2,280.6,275.9,278.6,287.3,297.7,301.6,298.9,295.0,290.7,287.2,285.3,285.6,287.6,290.4,292.5,292.8,293.6,294.7,295.6,294.1,295.3,293.2,289.0,285.2,284.1,286.1,290.3,278.5,269.2,264.8,267.9,276.8,286.1,290.5,288.4,281.8,279.1,276.4,275.0,275.2,277.1,279.7,281.5,282.0,282.2,282.8,283.7,283.0,284.4,282.4,278.3,274.5,273.1,275.0,279.1,-45.5,-44.3,-40.1,-35.4,-33.0,-33.9,-38.4,-43.1,-51.9,-48.9,-45.1,-40.9,-36.4,-32.5,-29.5,-32.2,-36.2,-40.7,-45.1,-49.0,-40.9,-38.9,-37.1,-36.5,-37.6,-39.6,-41.5,-42.0,15.4,17.0,21.4,26.0,28.1,26.5,22.1,17.2,11.8,14.9,18.9,23.3,27.3,31.1,34.3,31.8,28.0,23.7,19.0,14.8,19.9,21.9,23.9,24.6,23.6,21.6,19.7,19.0,-31.1,-35.4,-37.5,-36.3,-32.4,-27.7,-25.9,-27.2,-29.0,-30.9,-32.4,-33.2,-33.1,-32.2,-31.0,-30.0,-29.8,-29.5,-29.0,-28.7,-29.3,-28.8,-29.7,-31.6,-33.3,-33.9,-32.9,-31.0,-35.1,-39.2,-41.1,-39.8,-35.9,-31.8,-29.9,-30.8,-33.7,-34.9,-36.0,-36.6,-36.6,-35.8,-34.7,-33.9,-33.6,-33.5,-33.2,-32.8,-33.2,-32.6,-33.4,-35.2,-36.9,-37.5,-36.7,-34.9,1334.8,1337.0,1338.1,1337.6,1335.7,1333.7,1332.5,1333.0,1338.9,1336.9,1335.0,1334.3,1334.6,1335.6,1336.9,1334.6,1332.8,1332.2,1333.4,1335.9,1335.0,1334.8,1335.3,1336.2,1337.1,1337.3,1336.8,1335.9,1293.2,1295.6,1296.7,1295.9,1293.6,1291.2,1290.1,1291.1,1294.6,1293.4,1292.6,1292.6,1293.7,1295.8,1298.3,1294.8,1291.9,1290.3,1290.6,1292.2,1293.1,1292.7,1293.2,1294.2,1295.2,1295.6,1295.1,1294.1,-6.1,2.3,1341.8,-0.17,0.025,-0.061,462.1,465.7,471.8,481.9,500.6,528.8,559.7,597.0,639.1,678.5,712.0,739.8,761.3,773.1,776.5,777.6,777.5,485.1,501.2,524.1,550.2,575.3,659.3,685.7,710.4,733.8,750.4,622.0,624.1,626.3,628.6,590.2,609.9,629.5,648.3,665.2,521.0,538.7,557.9,576.2,557.5,539.2,664.9,683.2,702.9,720.1,704.1,685.4,549.1,576.1,607.1,629.3,653.2,685.2,712.1,688.7,658.8,632.8,609.0,576.8,559.5,607.8,630.2,654.4,702.5,656.6,631.6,608.4,322.0,362.9,403.9,444.1,478.5,508.0,530.8,546.7,550.1,542.9,524.1,499.4,465.8,425.8,382.7,341.9,303.9,259.2,236.8,223.8,221.2,226.2,218.4,210.0,210.4,218.9,236.9,269.8,293.7,317.5,342.4,366.7,370.4,374.1,367.1,361.3,295.5,286.5,285.0,289.1,293.6,295.0,282.2,275.7,274.6,280.0,282.8,283.8,426.7,402.9,393.1,394.4,389.2,395.2,413.9,443.8,456.3,460.3,460.5,452.0,427.7,409.1,408.6,404.5,416.3,436.4,440.5,441.1,-82.9,-80.9,-78.0,-73.1,-64.1,-50.7,-36.2,-19.2,-0.4,17.2,32.5,45.5,55.5,61.0,62.5,63.3,63.6,-70.7,-63.3,-52.7,-40.7,-29.2,8.7,20.7,32.0,42.7,50.4,-8.1,-7.1,-6.1,-5.0,-22.2,-13.4,-4.7,3.7,11.2,-54.0,-45.9,-37.2,-28.9,-37.3,-45.6,11.3,19.6,28.5,36.3,29.0,20.5,-41.0,-28.5,-14.6,-4.8,5.9,20.1,32.5,21.7,8.3,-3.2,-13.7,-28.1,-36.3,-14.3,-4.3,6.4,28.2,7.4,-3.7,-14.0,-17.7,1.4,20.4,38.9,54.5,67.5,77.0,83.2,84.5,81.7,74.2,63.6,48.4,30.1,10.4,-8.3,-25.9,-46.0,-56.2,-61.9,-62.9,-60.4,-63.7,-67.8,-67.9,-64.3,-56.2,-40.5,-29.6,-18.9,-7.8,3.0,4.6,6.3,3.2,0.6,-29.3,-33.3,-34.0,-32.1,-30.0,-29.4,-35.2,-38.2,-38.7,-36.3,-34.9,-34.5,30.1,19.2,14.7,15.2,13.0,15.7,24.3,37.3,42.5,44.2,44.4,41.0,30.5,21.8,21.5,19.7,25.4,33.9,35.6,36.0,1397.2,1393.4,1390.8,1387.4,1379.2,1367.5,1352.9,1337.3,1334.0,1340.7,1355.8,1367.9,1372.7,1373.8,1374.3,1379.8,1387.3,1370.3,1368.4,1363.7,1358.4,1353.1,1350.4,1357.4,1362.2,1366.6,1369.2,1347.1,1339.1,1331.3,1323.9,1336.8,1332.8,1329.5,1332.2,1335.7,1360.8,1359.4,1359.1,1357.8,1356.7,1357.2,1356.3,1358.1,1358.7,1359.6,1356.5,1355.6,1355.0,1339.6,1330.7,1328.6,1329.7,1338.3,1353.4,1336.9,1324.9,1322.6,1324.3,1335.5,1353.6,1331.4,1329.6,1330.5,1351.0,1330.1,1328.2,1330.2,2.219,-0.157,0.035,-0.06,626.5169999999999,365.51,-49.81100000000001,4.598,20.553,-15.055,-4.002,-2.523,-14.715,14.153,-10.796,-0.5589999999999999,-16.262,-4.763999999999999,-0.469,-0.291,6.047999999999999,1.102,-3.557,-0.386,-3.479,-4.136,-0.411,-1.58,3.766,-3.591,-0.802,2.533,1.578,-1.206,-0.276,-0.025,0.5,-0.337,0.102,-0.086,0.81,1.55,0.0,0.0,2.17,1.67,0.97,2.73,3.26,1.81,0.0,0.0,1.03,0.0,3.19,0.0,1.54,1.0,1.0,0.0,0.0,1.0,0.0,1.0,1.0,1.0,1.0,0.0,0.0,0.0,0.0,1.0,1.0,0.0,1.0,
57.0,1.869,0.98,0.14502,0.051378,-0.988094,-0.0554799999999999,0.066788,-0.996224,0.045,0.059,541.5,543.9,553.3,564.2,570.1,568.4,558.2,547.4,527.4,534.2,542.8,552.5,562.8,571.6,578.3,572.5,563.4,553.2,543.1,534.1,552.1,556.8,560.8,561.9,559.3,554.6,550.6,549.5,679.4,682.6,692.8,704.1,709.8,706.7,696.4,684.4,670.9,678.2,687.7,697.8,707.2,715.7,723.0,717.7,709.4,699.4,688.4,678.1,690.3,695.4,699.9,701.4,698.8,693.8,689.2,687.8,290.5,280.8,275.7,278.1,286.7,297.2,301.5,299.0,295.8,291.3,287.4,285.2,285.3,287.2,290.1,292.2,292.6,293.5,294.9,296.1,294.1,295.2,292.9,288.8,285.1,284.0,286.2,290.4,275.7,266.5,261.9,264.6,273.1,282.4,287.0,285.3,279.3,276.2,273.4,271.8,271.8,273.4,276.0,277.9,278.4,278.9,279.8,281.1,280.1,281.3,279.3,275.1,271.3,270.1,272.1,276.3,-43.1,-42.1,-38.0,-33.2,-30.6,-31.3,-35.7,-40.4,-49.3,-46.3,-42.5,-38.2,-33.8,-29.9,-27.0,-29.5,-33.4,-37.9,-42.3,-46.3,-38.4,-36.4,-34.6,-34.2,-35.3,-37.4,-39.1,-39.6,16.6,18.0,22.3,27.1,29.5,28.1,23.7,18.7,13.0,16.1,20.1,24.4,28.4,32.0,35.1,32.8,29.3,25.0,20.4,16.1,21.2,23.3,25.3,25.9,24.8,22.7,20.8,20.2,-30.4,-34.7,-36.9,-35.9,-32.1,-27.4,-25.5,-26.6,-28.1,-30.1,-31.7,-32.7,-32.6,-31.8,-30.6,-29.6,-29.4,-29.0,-28.4,-27.9,-28.8,-28.3,-29.3,-31.2,-32.8,-33.3,-32.3,-30.4,-35.5,-39.5,-41.5,-40.3,-36.7,-32.7,-30.7,-31.4,-34.1,-35.3,-36.5,-37.2,-37.2,-36.6,-35.6,-34.7,-34.4,-34.1,-33.8,-33.3,-33.7,-33.2,-34.1,-35.8,-37.5,-38.0,-37.1,-35.3,1310.8,1313.1,1314.5,1314.2,1312.3,1310.1,1308.6,1308.9,1314.3,1312.5,1310.9,1310.4,1311.0,1312.2,1313.6,1311.1,1309.1,1308.3,1309.2,1311.4,1311.2,1311.0,1311.6,1312.6,1313.5,1313.6,1313.0,1312.0,1265.1,1267.9,1269.3,1268.6,1266.1,1263.3,1261.9,1262.6,1266.2,1265.2,1264.6,1264.8,1265.9,1268.1,1270.5,1266.9,1263.9,1262.2,1262.3,1263.8,1265.0,1264.7,1265.3,1266.5,1267.6,1268.0,1267.3,1266.1,-3.6,1.4,1344.0,-0.175,0.0,-0.08,464.8,469.2,475.9,486.6,505.8,534.8,566.9,605.3,647.6,686.6,719.0,746.0,767.0,778.4,781.0,781.1,779.9,488.3,504.3,527.2,553.5,579.0,663.0,688.8,713.0,736.1,753.0,626.6,629.6,632.8,636.0,597.5,617.3,636.9,655.3,671.6,525.2,543.0,562.2,580.7,562.2,543.8,668.9,686.9,706.6,723.9,708.3,689.6,555.1,583.0,614.5,636.8,660.6,692.0,718.2,696.2,667.3,641.5,617.6,584.4,565.6,615.3,637.8,661.9,709.0,664.4,639.6,616.3,323.3,364.1,405.0,445.0,478.9,507.7,529.5,544.3,547.0,539.4,520.7,495.6,461.7,421.3,378.2,337.5,299.3,260.8,238.3,224.9,221.2,225.0,215.3,206.7,206.8,215.0,232.5,267.9,291.6,315.2,340.0,365.5,368.7,371.9,364.8,358.9,296.2,286.8,284.7,288.6,293.4,295.2,279.7,272.7,271.0,276.2,279.4,280.9,426.2,402.1,391.6,392.5,386.9,392.4,410.3,440.6,453.6,458.0,458.6,450.8,427.0,407.6,406.7,402.3,413.1,433.6,438.1,439.1,-81.5,-79.3,-76.0,-70.9,-61.7,-48.0,-33.0,-15.5,3.4,20.9,35.8,48.4,58.3,63.6,64.8,65.1,64.9,-69.4,-62.0,-51.3,-39.2,-27.5,10.4,22.2,33.3,43.9,51.7,-6.1,-4.6,-3.2,-1.8,-19.0,-10.1,-1.4,6.8,14.1,-52.1,-44.0,-35.3,-26.9,-35.2,-43.6,13.1,21.3,30.2,38.1,30.9,22.5,-38.4,-25.5,-11.3,-1.4,9.2,23.2,35.4,25.1,12.1,0.7,-9.9,-24.8,-33.6,-11.0,-1.0,9.7,31.2,10.8,-0.2,-10.5,-17.1,1.9,20.8,39.3,54.6,67.4,76.5,82.3,83.3,80.3,72.8,62.0,46.7,28.2,8.4,-10.4,-28.2,-45.4,-55.6,-61.5,-62.9,-61.0,-65.3,-69.5,-69.8,-66.2,-58.4,-41.5,-30.6,-19.9,-8.9,2.4,3.9,5.3,2.1,-0.5,-29.0,-33.2,-34.1,-32.3,-30.1,-29.3,-36.4,-39.6,-40.4,-38.1,-36.5,-35.9,29.9,18.8,14.0,14.4,12.0,14.5,22.8,36.0,41.4,43.3,43.6,40.5,30.3,21.2,20.8,18.8,24.0,32.7,34.6,35.1,1396.6,1392.6,1389.8,1386.6,1378.9,1368.0,1354.1,1339.0,1336.1,1343.2,1358.8,1371.3,1376.6,1378.3,1379.2,1384.9,1392.7,1371.2,1369.6,1365.3,1360.2,1355.1,1353.7,1361.0,1366.2,1370.9,1373.6,1349.7,1341.8,1334.1,1326.7,1338.8,1335.1,1332.0,1335.0,1338.6,1362.0,1360.8,1360.7,1359.6,1358.2,1358.4,1359.3,1361.3,1362.1,1363.2,1359.9,1358.8,1356.3,1341.5,1333.0,1331.1,1332.4,1341.3,1356.5,1339.8,1327.5,1325.0,1326.5,1337.4,1355.0,1333.6,1332.1,1333.2,1354.2,1332.7,1330.5,1332.3,2.215,-0.162,0.005,-0.08,632.123,363.61800000000005,-50.646,2.254,20.325,-15.173,-3.594,-2.69,-15.239,12.441,-11.314,0.072,-16.12,-4.505,-0.125,0.036,6.0520000000000005,1.506,-3.174,-0.085,-4.056,-4.373,-0.002,-1.6909999999999998,3.867,-2.8510000000000004,-0.894,2.1630000000000003,1.5830000000000002,-1.069,-0.331,0.018,0.48,-0.211,0.237,-0.087,0.85,1.6,0.0,0.0,2.19,1.59,1.04,2.57,3.26,1.8,0.0,0.0,1.02,0.0,3.15,0.0,1.53,1.0,1.0,0.0,0.0,1.0,1.0,1.0,1.0,1.0,1.0,0.0,0.0,0.0,0.0,1.0,1.0,0.0,1.0,
58.0,1.902,0.98,0.17404,0.0487019999999999,-0.983534,-0.038369,0.073418,-0.996563,0.068,0.062,545.5,547.9,557.2,568.2,574.3,572.8,562.6,551.6,531.3,538.0,546.6,556.3,566.6,575.5,582.3,576.5,567.3,557.0,546.9,538.0,556.2,561.0,565.2,566.3,563.5,558.7,554.5,553.5,682.9,686.1,696.3,707.8,713.6,710.5,700.3,688.2,674.7,681.9,691.2,701.3,710.8,719.4,726.8,721.4,713.1,703.1,692.1,681.9,694.1,699.2,703.8,705.2,702.6,697.4,692.8,691.4,291.6,281.8,276.5,278.7,287.2,297.8,302.3,300.1,297.2,292.5,288.6,286.3,286.2,287.8,290.4,292.7,293.3,294.5,296.1,297.4,295.1,296.1,293.8,289.4,285.6,284.6,287.0,291.4,274.1,264.7,259.8,262.4,270.8,280.2,285.1,283.6,277.8,274.5,271.5,269.8,269.5,270.9,273.2,275.4,276.1,276.8,278.0,279.4,278.3,279.4,277.2,273.0,269.2,268.1,270.2,274.5,-41.0,-40.1,-36.0,-31.3,-28.6,-29.2,-33.6,-38.3,-47.3,-44.3,-40.6,-36.3,-31.9,-28.0,-25.1,-27.6,-31.5,-36.0,-40.4,-44.3,-36.4,-34.3,-32.5,-32.1,-33.3,-35.4,-37.2,-37.6,18.1,19.4,23.8,28.6,31.0,29.6,25.3,20.2,14.6,17.6,21.5,25.8,29.8,33.5,36.7,34.3,30.7,26.5,21.9,17.6,22.8,24.9,26.9,27.5,26.4,24.2,22.3,21.7,-29.7,-34.0,-36.4,-35.4,-31.7,-27.0,-25.0,-26.0,-27.4,-29.3,-31.0,-32.0,-32.1,-31.4,-30.3,-29.2,-28.9,-28.4,-27.7,-27.2,-28.2,-27.7,-28.8,-30.7,-32.4,-32.8,-31.7,-29.8,-36.1,-40.2,-42.3,-41.2,-37.6,-33.5,-31.5,-32.1,-34.6,-36.0,-37.2,-38.0,-38.1,-37.6,-36.7,-35.7,-35.2,-34.9,-34.4,-33.9,-34.4,-33.9,-34.8,-36.7,-38.3,-38.8,-37.8,-36.0,1302.8,1305.1,1306.5,1306.1,1304.3,1302.1,1300.6,1301.0,1306.5,1304.6,1303.0,1302.4,1303.0,1304.2,1305.5,1303.1,1301.1,1300.3,1301.3,1303.6,1303.2,1303.0,1303.6,1304.6,1305.5,1305.6,1305.0,1304.0,1262.3,1265.1,1266.5,1265.7,1263.1,1260.3,1258.9,1259.8,1263.5,1262.4,1261.8,1261.9,1262.9,1264.9,1267.2,1263.8,1260.9,1259.2,1259.4,1261.0,1262.1,1261.7,1262.4,1263.6,1264.7,1265.1,1264.5,1263.2,-1.2,1.0,1348.3,-0.17,-0.022,-0.1009999999999999,467.5,472.7,479.9,491.1,510.8,540.6,574.0,614.1,656.9,695.3,726.3,752.1,772.4,783.2,784.9,784.1,781.7,491.4,507.2,529.9,556.3,582.1,665.9,691.2,715.0,737.9,755.1,630.6,634.6,638.7,642.8,604.1,624.0,643.8,661.7,677.7,529.1,546.8,565.9,584.5,566.3,548.0,672.8,690.5,710.1,727.4,712.1,693.5,561.6,589.9,621.7,643.9,667.2,698.0,723.5,703.2,675.3,650.0,626.2,592.3,572.1,622.6,645.0,668.6,714.7,671.6,647.4,624.1,326.0,366.3,406.4,445.7,479.0,507.4,528.4,542.4,544.4,536.3,517.5,492.2,458.0,417.3,373.8,332.5,293.8,262.8,240.4,226.7,222.3,225.0,213.8,204.9,204.6,212.2,229.2,267.2,290.9,314.5,339.2,365.0,368.0,370.9,363.5,357.4,297.7,287.9,285.5,289.0,294.2,296.4,278.2,270.7,268.7,273.5,277.2,279.0,426.7,402.1,391.1,391.6,385.7,390.7,408.1,438.9,452.3,457.0,458.0,450.8,427.3,407.0,405.7,400.9,410.9,432.4,437.2,438.6,-80.4,-77.7,-74.2,-68.9,-59.5,-45.5,-29.9,-11.6,7.5,24.9,39.3,51.5,61.1,66.1,67.0,66.8,66.1,-68.0,-60.8,-50.2,-38.0,-26.2,11.7,23.3,34.3,44.9,52.9,-4.2,-2.4,-0.6,1.3,-16.1,-7.1,1.7,9.7,16.9,-50.5,-42.4,-33.7,-25.2,-33.5,-41.8,14.9,23.0,31.9,39.9,32.8,24.3,-35.5,-22.5,-8.2,1.7,12.1,26.0,37.9,28.3,15.7,4.4,-6.1,-21.3,-30.7,-7.8,2.2,12.8,33.8,14.1,3.3,-7.1,-15.8,2.9,21.5,39.6,54.8,67.3,76.2,81.7,82.4,79.2,71.6,60.7,45.2,26.4,6.4,-12.8,-30.9,-44.5,-54.7,-60.8,-62.6,-61.1,-66.2,-70.6,-71.0,-67.8,-60.1,-41.9,-31.0,-20.3,-9.2,2.2,3.6,4.9,1.6,-1.2,-28.3,-32.8,-33.9,-32.3,-29.8,-28.9,-37.2,-40.6,-41.6,-39.4,-37.7,-36.8,30.2,18.9,13.9,14.1,11.4,13.8,21.8,35.4,41.0,43.0,43.5,40.6,30.5,21.0,20.4,18.3,23.1,32.3,34.3,35.0,1397.7,1393.7,1391.1,1388.2,1381.2,1371.2,1357.7,1343.1,1340.7,1348.4,1364.4,1377.2,1383.0,1384.9,1385.8,1391.4,1398.9,1373.4,1372.1,1368.1,1363.4,1358.5,1358.2,1365.8,1371.1,1375.8,1378.6,1353.7,1346.1,1338.6,1331.4,1342.6,1339.3,1336.7,1339.8,1343.5,1364.9,1363.9,1364.0,1363.0,1361.5,1361.5,1363.7,1365.9,1366.9,1368.2,1364.8,1363.5,1359.7,1345.4,1337.2,1335.5,1337.1,1346.4,1361.7,1344.8,1332.3,1329.7,1330.9,1341.4,1358.6,1337.8,1336.5,1337.8,1359.3,1337.4,1335.1,1336.6,2.209,-0.159,-0.022,-0.1009999999999999,637.4069999999999,362.599,-51.42100000000001,0.054,19.528,-15.994000000000002,-3.463,-3.314,-15.715,11.228,-11.339,0.347,-15.632,-4.999,0.51,-0.434,5.613,1.784,-2.382,0.037,-4.404,-4.059,-0.192,-1.385,3.766,-2.931,-1.4169999999999998,2.053,1.482,-1.025,-0.368,0.043,0.4639999999999999,-0.2239999999999999,0.306,-0.076,0.9,1.59,0.0,0.0,2.24,1.61,1.11,2.48,3.28,1.81,0.0,0.0,0.89,0.0,3.11,0.02,1.54,1.0,1.0,0.0,0.0,1.0,1.0,1.0,1.0,1.0,1.0,0.0,0.0,0.0,0.0,1.0,1.0,0.0,1.0,
59.0,1.935,0.98,0.182266,0.049519,-0.982001,-0.0190849999999999,0.071094,-0.997287,0.0819999999999999,0.061,548.6,550.9,560.6,571.9,578.1,576.6,566.1,554.8,534.9,541.7,550.2,559.9,570.3,579.4,586.3,580.1,570.9,560.6,550.5,541.7,559.3,564.6,569.2,570.3,567.4,562.1,557.5,556.4,686.4,689.3,699.4,710.7,716.6,713.7,703.6,691.7,678.6,685.3,694.4,704.3,713.6,722.1,729.3,724.0,715.9,706.0,695.3,685.5,697.4,702.5,707.0,708.4,705.7,700.6,696.1,694.8,292.7,282.9,277.5,279.6,287.9,298.6,303.1,301.0,298.5,293.7,289.5,287.1,286.9,288.5,291.4,293.5,294.1,295.2,296.9,298.4,296.5,297.5,294.9,290.4,286.4,285.4,288.0,292.6,273.2,263.9,258.9,261.2,269.4,278.7,283.6,282.5,277.6,273.8,270.4,268.5,268.1,269.5,271.9,273.9,274.7,275.5,277.0,278.7,277.1,278.1,275.9,271.7,268.0,267.0,269.2,273.4,-39.0,-38.1,-34.0,-29.2,-26.4,-27.0,-31.5,-36.3,-45.0,-42.0,-38.3,-34.2,-29.7,-25.9,-23.0,-25.6,-29.4,-33.8,-38.1,-42.0,-34.4,-32.2,-30.2,-29.8,-31.1,-33.3,-35.3,-35.7,19.9,21.2,25.5,30.4,32.8,31.5,27.2,22.1,16.5,19.4,23.3,27.5,31.5,35.2,38.4,36.0,32.5,28.2,23.6,19.5,24.6,26.8,28.7,29.3,28.2,26.0,24.1,23.5,-28.7,-33.0,-35.3,-34.4,-30.8,-26.2,-24.2,-25.1,-26.3,-28.3,-30.1,-31.1,-31.2,-30.5,-29.3,-28.4,-28.1,-27.6,-26.9,-26.3,-27.1,-26.7,-27.8,-29.8,-31.5,-31.9,-30.8,-28.8,-37.2,-41.3,-43.4,-42.4,-38.8,-34.8,-32.6,-33.1,-35.3,-36.9,-38.4,-39.2,-39.4,-38.8,-37.9,-36.9,-36.5,-36.1,-35.5,-34.8,-35.5,-35.1,-36.0,-37.9,-39.5,-39.9,-39.0,-37.1,1280.5,1283.1,1284.5,1284.0,1281.8,1279.4,1277.8,1278.4,1283.8,1282.1,1280.5,1280.0,1280.5,1281.5,1282.7,1280.3,1278.4,1277.7,1278.7,1281.0,1280.6,1280.3,1281.0,1282.2,1283.2,1283.5,1282.8,1281.6,1285.0,1287.8,1289.2,1288.4,1285.8,1283.0,1281.6,1282.5,1286.0,1285.1,1284.6,1284.6,1285.5,1287.5,1289.6,1286.4,1283.5,1281.9,1282.1,1283.7,1284.8,1284.4,1285.0,1286.3,1287.5,1287.8,1287.2,1286.0,0.8,0.8,1352.3,-0.17,-0.04,-0.1159999999999999,469.5,475.2,482.8,494.3,514.4,545.0,579.6,620.9,664.0,702.0,732.1,757.1,776.9,787.1,788.3,786.7,783.7,494.3,509.6,532.5,559.3,585.7,668.3,693.2,716.9,739.9,757.2,634.1,638.8,643.5,648.2,609.5,629.5,649.2,666.8,682.4,532.8,550.4,569.5,588.0,570.1,551.9,676.1,693.5,713.0,730.2,715.2,696.8,567.1,595.8,627.6,649.6,672.5,702.8,727.7,708.4,681.4,656.6,633.0,598.9,577.7,628.6,650.9,674.0,719.0,677.2,653.5,630.5,328.2,367.9,407.5,446.3,479.1,507.0,527.3,540.8,542.3,533.6,514.5,489.1,455.1,414.6,371.4,330.3,291.6,265.5,242.5,228.4,223.6,226.0,213.8,204.2,203.4,210.8,227.7,267.1,290.6,314.0,338.5,365.0,367.8,370.5,363.0,356.8,299.0,289.0,286.2,289.5,295.0,297.5,277.4,269.7,267.5,272.0,276.0,278.1,427.0,402.5,391.2,391.5,385.3,389.9,406.7,437.4,451.0,455.8,457.1,450.5,427.4,407.2,405.8,400.8,409.6,430.9,435.8,437.5,-79.5,-76.7,-73.0,-67.5,-57.9,-43.5,-27.4,-8.6,10.7,28.0,42.0,54.0,63.4,68.2,68.8,68.3,67.3,-66.8,-59.8,-49.1,-36.7,-24.7,12.8,24.3,35.3,46.0,54.1,-2.6,-0.5,1.6,3.6,-13.7,-4.7,4.1,12.0,19.0,-48.9,-40.8,-32.1,-23.7,-31.8,-40.1,16.5,24.4,33.4,41.3,34.3,25.9,-33.1,-19.9,-5.5,4.3,14.5,28.3,39.9,30.8,18.5,7.4,-3.1,-18.4,-28.3,-5.1,4.8,15.2,35.9,16.6,6.0,-4.3,-14.8,3.7,22.1,40.0,55.0,67.3,75.9,81.2,81.7,78.3,70.5,59.5,44.0,25.3,5.3,-13.8,-32.0,-43.4,-53.8,-60.1,-62.1,-60.8,-66.4,-71.2,-71.8,-68.7,-61.0,-42.0,-31.2,-20.6,-9.6,2.2,3.5,4.7,1.3,-1.5,-27.8,-32.4,-33.6,-32.1,-29.6,-28.5,-37.6,-41.2,-42.3,-40.3,-38.3,-37.4,30.4,19.1,13.9,14.1,11.3,13.5,21.3,34.8,40.5,42.6,43.2,40.6,30.6,21.1,20.5,18.2,22.6,31.7,33.9,34.6,1399.6,1395.6,1393.2,1390.6,1383.9,1374.2,1361.1,1346.9,1345.0,1353.1,1369.4,1382.4,1388.6,1390.8,1391.8,1397.3,1404.6,1376.0,1374.7,1371.0,1366.6,1362.0,1362.5,1370.2,1375.8,1380.7,1383.6,1357.6,1350.1,1342.7,1335.7,1346.3,1343.4,1341.0,1344.4,1348.1,1367.8,1367.0,1367.3,1366.5,1364.7,1364.6,1368.0,1370.2,1371.5,1372.9,1369.4,1367.9,1362.7,1348.8,1341.0,1339.6,1341.3,1350.8,1366.3,1349.4,1336.9,1334.0,1335.0,1345.1,1361.7,1341.7,1340.6,1342.0,1363.8,1341.8,1339.3,1340.6,2.202,-0.158,-0.043,-0.1159999999999999,641.745,362.117,-50.818000000000005,-1.085,18.168,-17.111,-3.168,-3.844,-15.705,10.318,-10.827,1.063,-15.327,-5.321000000000001,0.7190000000000001,-0.507,5.502999999999999,2.174,-2.494,0.405,-4.22,-3.799,-0.1119999999999999,-1.916,3.957,-2.8,-1.462,1.906,1.251,-1.028,-0.368,0.045,0.358,-0.25,0.27,-0.125,0.79,1.51,0.0,0.0,2.22,1.53,1.15,2.46,3.27,1.86,0.0,0.0,0.78,0.0,3.03,0.1,1.59,1.0,1.0,0.0,0.0,1.0,1.0,1.0,1.0,1.0,1.0,0.0,0.0,0.0,0.0,1.0,1.0,0.0,1.0,
60.0,1.969,0.98,0.191755,0.038437,-0.98069,-0.009695,0.0728549999999999,-0.997295,0.092,0.0559999999999999,551.2,553.3,562.7,574.0,580.6,579.4,569.1,557.8,537.3,544.1,552.7,562.4,572.8,581.8,588.7,582.7,573.5,563.1,553.0,544.1,562.1,567.4,571.8,572.8,569.7,564.4,560.0,559.0,689.1,691.8,701.7,713.0,719.0,716.3,706.4,694.6,681.0,687.8,696.9,706.7,716.0,724.5,731.6,726.4,718.3,708.4,697.8,688.0,700.2,705.1,709.5,710.6,708.0,703.0,698.7,697.5,293.3,283.7,278.2,280.0,288.1,298.5,303.2,301.4,299.5,294.6,290.3,287.8,287.4,288.9,291.4,293.8,294.5,295.9,297.7,299.4,296.9,297.7,295.1,290.6,286.9,286.0,288.6,293.1,272.6,263.3,258.2,260.5,268.6,277.9,283.0,281.8,277.2,273.4,269.9,267.8,267.4,268.8,271.0,273.0,273.9,274.7,276.3,278.2,276.3,277.3,275.1,271.0,267.4,266.4,268.6,272.7,-37.8,-37.0,-33.0,-28.2,-25.4,-25.8,-30.2,-35.0,-43.9,-40.9,-37.2,-33.1,-28.7,-24.8,-21.9,-24.4,-28.3,-32.7,-37.0,-40.9,-33.2,-31.0,-29.1,-28.7,-30.0,-32.3,-34.2,-34.5,21.1,22.4,26.6,31.5,34.0,32.8,28.5,23.4,17.6,20.6,24.5,28.7,32.7,36.4,39.6,37.3,33.7,29.4,24.8,20.6,25.9,28.0,29.9,30.4,29.3,27.2,25.3,24.8,-28.4,-32.6,-35.0,-34.2,-30.7,-26.2,-24.2,-25.0,-25.8,-27.9,-29.7,-30.8,-30.9,-30.4,-29.3,-28.2,-27.9,-27.3,-26.5,-25.8,-26.9,-26.6,-27.7,-29.6,-31.2,-31.6,-30.5,-28.6,-37.6,-41.7,-43.9,-43.0,-39.4,-35.3,-33.1,-33.6,-35.7,-37.3,-38.8,-39.7,-39.9,-39.4,-38.5,-37.5,-37.0,-36.6,-36.0,-35.2,-36.0,-35.6,-36.6,-38.4,-39.9,-40.4,-39.4,-37.6,1278.9,1281.6,1283.2,1282.7,1280.5,1278.0,1276.3,1276.7,1282.3,1280.6,1279.1,1278.6,1279.2,1280.3,1281.5,1279.0,1277.0,1276.2,1277.1,1279.4,1279.1,1278.8,1279.6,1280.8,1281.8,1282.1,1281.3,1280.1,1291.4,1294.2,1295.7,1295.0,1292.5,1289.7,1288.3,1289.0,1292.5,1291.5,1291.0,1291.1,1292.2,1294.3,1296.5,1293.2,1290.3,1288.6,1288.7,1290.2,1291.4,1291.1,1291.7,1292.9,1294.0,1294.3,1293.7,1292.5,2.2,0.6,1355.8,-0.171,-0.047,-0.125,472.1,478.1,485.7,497.2,517.1,547.8,583.0,625.3,668.9,707.0,736.8,761.4,780.5,790.1,790.8,788.9,785.5,496.4,511.7,534.7,561.6,588.1,670.4,695.1,718.5,741.4,759.0,636.8,641.8,646.9,651.9,613.5,633.4,653.0,670.3,685.6,535.4,552.9,571.9,590.4,572.7,554.5,678.8,695.9,715.3,732.5,717.7,699.3,571.3,600.0,631.5,653.5,676.1,705.9,730.5,711.8,685.3,660.8,637.3,603.4,582.0,632.6,654.8,677.7,721.9,680.8,657.4,634.5,330.7,369.8,408.7,446.8,479.1,506.4,526.0,538.7,539.6,530.6,511.5,486.2,452.7,412.5,369.8,328.9,290.5,266.6,243.8,229.7,224.8,226.9,214.0,204.0,202.8,209.7,226.0,267.2,290.6,313.9,338.4,365.2,368.0,370.5,362.9,356.6,299.9,289.8,286.8,289.9,295.5,298.2,276.9,269.1,266.7,271.1,275.3,277.4,427.3,402.8,391.4,391.6,385.2,389.6,406.0,435.7,449.0,454.0,455.5,449.5,427.5,407.7,406.1,401.0,408.9,428.7,433.7,435.6,-78.5,-75.5,-71.8,-66.3,-56.8,-42.3,-25.9,-6.6,13.0,30.3,44.3,56.1,65.3,69.8,70.2,69.6,68.3,-66.0,-58.9,-48.2,-35.8,-23.6,13.8,25.2,36.1,46.8,55.0,-1.4,0.8,3.1,5.3,-11.9,-3.0,5.8,13.6,20.6,-47.8,-39.8,-31.1,-22.6,-30.7,-39.0,17.7,25.6,34.5,42.5,35.6,27.1,-31.3,-18.0,-3.8,6.0,16.2,29.8,41.3,32.4,20.2,9.3,-1.2,-16.5,-26.4,-3.3,6.6,16.9,37.3,18.3,7.8,-2.5,-13.7,4.5,22.6,40.3,55.1,67.2,75.5,80.4,80.7,77.2,69.3,58.4,43.0,24.4,4.5,-14.5,-32.6,-42.9,-53.3,-59.7,-61.7,-60.6,-66.5,-71.4,-72.3,-69.4,-62.0,-42.1,-31.3,-20.7,-9.6,2.3,3.6,4.7,1.3,-1.5,-27.5,-32.1,-33.4,-32.0,-29.4,-28.2,-38.0,-41.7,-42.8,-40.8,-38.8,-37.8,30.6,19.3,14.1,14.1,11.3,13.4,21.0,34.2,39.8,41.9,42.6,40.2,30.7,21.4,20.6,18.4,22.3,30.8,33.0,33.9,1402.1,1398.3,1396.2,1393.8,1387.3,1377.6,1364.3,1350.0,1348.2,1356.7,1373.4,1386.9,1393.4,1395.8,1396.6,1401.7,1408.8,1378.9,1377.6,1374.0,1369.7,1365.1,1366.1,1373.9,1379.5,1384.6,1387.6,1361.0,1353.7,1346.4,1339.5,1349.8,1347.1,1345.0,1348.3,1351.9,1371.0,1370.2,1370.6,1369.9,1368.0,1367.9,1371.8,1374.1,1375.4,1377.0,1373.4,1371.9,1365.4,1351.9,1344.4,1343.0,1344.9,1354.3,1369.6,1352.9,1340.6,1337.6,1338.5,1348.2,1364.3,1345.0,1344.1,1345.6,1367.1,1345.3,1342.8,1344.0,2.196,-0.159,-0.052,-0.126,644.898,361.667,-49.052,-1.611,15.65,-18.215,-3.198,-3.723,-16.378,10.255999999999998,-10.563,2.04,-14.167,-5.845,0.973,-0.36,5.882000000000001,2.373,-2.335,0.6709999999999999,-4.357,-3.911,-0.1939999999999999,-2.156,4.14,-2.939,-1.783,1.604,1.188,-1.045,-0.426,-0.017,0.38,-0.226,0.25,-0.055,0.73,1.45,0.0,0.0,2.22,1.49,1.25,2.4,3.23,1.83,0.0,0.0,0.54,0.0,2.92,0.1,1.6,1.0,1.0,0.0,0.0,1.0,1.0,1.0,1.0,1.0,1.0,0.0,0.0,0.0,0.0,1.0,1.0,0.0,1.0,
61.0,2.002,0.98,0.186214,0.0533909999999999,-0.981058,-0.0132389999999999,0.087242,-0.996099,0.087,0.071,553.4,555.4,564.7,575.9,582.4,581.2,571.0,559.9,539.5,546.4,555.0,564.7,575.0,583.9,590.7,584.8,575.8,565.5,555.4,546.4,564.1,569.3,573.6,574.6,571.6,566.4,562.1,561.1,690.7,693.5,703.4,714.6,720.6,717.8,707.9,696.1,682.6,689.5,698.6,708.4,717.7,726.2,733.6,728.2,720.0,710.1,699.4,689.5,701.7,706.8,711.2,712.4,709.8,704.7,700.3,699.0,293.7,284.0,278.5,280.3,288.4,298.9,303.6,301.8,299.6,294.7,290.5,288.1,287.8,289.2,291.8,294.1,294.8,296.1,297.8,299.5,297.1,298.0,295.4,291.0,287.2,286.4,288.9,293.4,272.3,263.0,257.9,260.0,268.1,277.4,282.5,281.5,276.4,272.8,269.5,267.4,266.9,268.2,270.3,272.5,273.4,274.4,275.9,277.6,276.0,277.0,274.7,270.5,266.9,265.9,268.2,272.4,-37.3,-36.5,-32.5,-27.7,-24.8,-25.3,-29.6,-34.4,-43.3,-40.3,-36.6,-32.4,-28.0,-24.1,-21.3,-23.7,-27.6,-32.0,-36.4,-40.3,-32.6,-30.4,-28.6,-28.2,-29.5,-31.7,-33.6,-33.9,21.8,23.1,27.4,32.2,34.7,33.4,29.1,24.1,18.3,21.3,25.2,29.4,33.4,37.2,40.4,38.0,34.4,30.1,25.5,21.3,26.5,28.7,30.6,31.2,30.1,27.9,26.0,25.4,-28.5,-32.7,-35.2,-34.4,-30.8,-26.3,-24.2,-25.0,-26.1,-28.1,-29.9,-30.9,-31.1,-30.5,-29.4,-28.4,-28.0,-27.4,-26.7,-26.0,-27.0,-26.7,-27.8,-29.7,-31.4,-31.7,-30.6,-28.7,-37.7,-41.8,-44.1,-43.1,-39.6,-35.5,-33.3,-33.7,-36.0,-37.5,-38.9,-39.8,-40.1,-39.6,-38.7,-37.7,-37.2,-36.8,-36.1,-35.4,-36.1,-35.7,-36.7,-38.5,-40.1,-40.6,-39.6,-37.7,1290.3,1292.9,1294.4,1294.0,1291.9,1289.4,1287.7,1288.1,1293.6,1291.8,1290.3,1289.9,1290.5,1291.7,1293.0,1290.5,1288.4,1287.6,1288.5,1290.7,1290.5,1290.3,1291.0,1292.2,1293.2,1293.4,1292.6,1291.4,1290.6,1293.3,1294.7,1293.9,1291.4,1288.6,1287.3,1288.1,1291.9,1290.8,1290.2,1290.3,1291.3,1293.3,1295.5,1292.1,1289.2,1287.6,1287.8,1289.5,1290.4,1290.0,1290.7,1291.9,1293.0,1293.4,1292.8,1291.5,3.3,0.4,1358.0,-0.156,-0.047,-0.133,474.3,480.5,488.4,500.0,520.0,550.9,587.1,629.6,673.2,711.2,740.8,765.0,783.7,792.7,793.0,790.9,787.2,498.1,513.4,536.4,563.4,590.3,671.7,696.5,719.9,742.8,760.3,638.8,643.8,648.9,654.0,616.2,635.9,655.3,672.4,687.5,537.6,555.1,574.0,592.5,574.9,556.9,680.5,697.7,717.0,734.3,719.2,701.0,575.4,603.2,634.0,656.2,678.8,708.3,732.3,714.4,688.7,664.1,640.5,607.0,586.0,635.4,657.7,680.7,723.7,684.0,660.5,637.5,330.1,369.6,409.1,447.6,479.6,505.9,523.6,534.9,535.3,526.2,507.3,482.6,449.8,410.3,367.9,327.1,288.8,267.5,244.7,230.5,225.3,226.8,213.7,203.9,202.6,209.2,225.2,267.3,290.7,313.9,338.2,365.3,367.9,370.3,362.8,356.4,300.1,290.2,286.9,290.0,295.6,298.4,276.5,268.6,266.2,270.4,274.7,277.0,427.5,403.3,391.8,391.9,385.4,389.6,405.2,435.2,449.4,454.8,456.4,450.3,427.4,408.3,406.5,401.2,408.1,428.5,433.8,435.9,-77.6,-74.5,-70.7,-65.2,-55.7,-41.0,-24.1,-4.7,15.0,32.3,46.3,58.0,66.9,71.2,71.4,70.7,69.2,-65.3,-58.2,-47.5,-35.0,-22.6,14.4,25.9,36.8,47.5,55.7,-0.5,1.7,4.0,6.2,-10.7,-1.9,6.9,14.6,21.4,-46.9,-38.8,-30.2,-21.7,-29.7,-38.0,18.6,26.5,35.3,43.3,36.3,27.9,-29.4,-16.6,-2.7,7.3,17.4,30.9,42.2,33.6,21.8,10.8,0.2,-14.9,-24.6,-2.1,7.9,18.3,38.2,19.8,9.2,-1.1,-14.0,4.5,22.9,40.8,55.5,67.2,74.5,78.9,79.0,75.4,67.7,56.8,41.8,23.5,3.7,-15.4,-33.5,-42.6,-53.0,-59.4,-61.6,-60.6,-66.7,-71.6,-72.5,-69.7,-62.4,-42.1,-31.3,-20.7,-9.8,2.4,3.6,4.6,1.3,-1.6,-27.4,-31.9,-33.4,-32.0,-29.4,-28.1,-38.2,-41.9,-43.0,-41.2,-39.1,-38.0,30.8,19.5,14.3,14.3,11.4,13.4,20.7,34.0,40.0,42.4,43.1,40.6,30.7,21.7,20.9,18.5,22.0,30.8,33.1,34.0,1404.6,1401.2,1399.7,1397.8,1391.5,1381.6,1367.3,1352.9,1351.5,1360.6,1377.7,1391.1,1397.5,1399.7,1399.9,1404.6,1411.5,1381.0,1379.3,1375.5,1370.8,1365.9,1367.2,1375.0,1380.9,1386.0,1389.3,1362.6,1355.5,1348.3,1341.4,1351.9,1349.4,1347.4,1350.6,1354.1,1372.8,1371.8,1372.1,1371.7,1369.8,1369.7,1373.6,1375.7,1377.2,1379.0,1375.3,1373.8,1367.0,1353.7,1346.5,1345.1,1347.0,1356.3,1371.1,1355.5,1343.7,1340.7,1341.6,1350.8,1366.0,1347.4,1346.5,1348.0,1368.7,1348.1,1345.6,1346.7,2.193,-0.145,-0.053,-0.134,647.399,361.217,-45.467,-0.496,13.747,-18.246,-2.474,-4.7780000000000005,-15.512,10.978,-9.895,3.265,-13.083,-7.377999999999999,3.004,0.158,5.138999999999999,3.531,-2.454,0.3329999999999999,-5.274,-4.445,0.748,-2.025,3.3310000000000004,-2.786,-1.946,1.56,1.178,-1.24,-0.4039999999999999,0.071,0.283,-0.23,0.257,-0.06,0.66,1.45,0.0,0.0,2.18,1.47,1.35,2.32,3.22,1.82,0.05,0.0,0.47,0.0,2.74,0.08,1.62,1.0,1.0,0.0,0.0,1.0,1.0,1.0,1.0,1.0,1.0,0.0,0.0,0.0,0.0,1.0,1.0,0.0,1.0,
62.0,2.035,0.98,0.16601,0.061425,-0.984209,-0.013654,0.088172,-0.996012,0.077,0.075,554.6,556.4,565.2,576.1,582.5,581.6,571.9,561.1,540.5,547.4,556.2,565.9,576.1,584.8,591.3,586.0,577.3,567.1,556.9,547.7,565.3,569.9,573.7,574.5,571.7,567.0,563.2,562.5,692.2,695.1,704.9,716.1,722.0,719.2,709.3,697.6,683.8,690.8,699.8,709.7,719.0,727.6,734.9,729.6,721.3,711.3,700.6,690.8,703.2,708.1,712.5,713.7,711.1,706.2,701.9,700.6,294.0,284.3,278.7,280.6,288.8,299.3,304.0,302.2,299.9,295.0,290.8,288.1,287.9,289.4,291.7,294.1,294.8,296.3,298.2,299.8,297.0,297.8,295.4,291.3,287.8,287.0,289.3,293.5,271.9,262.6,257.6,259.8,268.0,277.3,282.2,281.1,276.5,272.8,269.3,267.1,266.6,267.9,270.1,272.2,273.0,274.0,275.6,277.5,275.6,276.6,274.4,270.3,266.7,265.7,267.9,272.0,-37.5,-36.8,-32.9,-28.2,-25.3,-25.6,-29.9,-34.6,-43.8,-40.7,-36.8,-32.5,-28.1,-24.3,-21.4,-23.7,-27.5,-32.0,-36.4,-40.6,-32.8,-30.8,-29.1,-28.8,-30.1,-32.1,-33.8,-34.1,22.5,23.8,28.1,32.9,35.3,34.1,29.8,24.7,18.9,21.9,25.8,30.0,34.0,37.8,41.0,38.7,35.0,30.6,26.0,21.8,27.2,29.3,31.2,31.8,30.7,28.6,26.7,26.1,-29.0,-33.3,-35.8,-35.0,-31.3,-26.6,-24.5,-25.4,-26.5,-28.6,-30.4,-31.6,-31.7,-31.1,-30.1,-29.0,-28.6,-27.9,-27.1,-26.4,-27.7,-27.3,-28.4,-30.2,-31.8,-32.1,-31.1,-29.2,-38.0,-42.0,-44.2,-43.2,-39.7,-35.6,-33.4,-33.9,-36.0,-37.6,-39.0,-40.0,-40.2,-39.7,-38.9,-37.9,-37.4,-37.0,-36.3,-35.5,-36.4,-35.9,-36.9,-38.7,-40.3,-40.7,-39.7,-37.9,1317.3,1319.6,1321.2,1321.0,1319.3,1317.2,1315.4,1315.6,1320.6,1318.9,1317.5,1317.2,1318.1,1319.6,1321.2,1318.5,1316.2,1315.1,1315.7,1317.8,1317.9,1317.8,1318.5,1319.5,1320.2,1320.3,1319.6,1318.6,1292.0,1294.7,1296.1,1295.3,1292.8,1290.1,1288.7,1289.6,1293.3,1292.3,1291.7,1291.8,1292.8,1294.9,1297.1,1293.7,1290.7,1289.1,1289.4,1290.9,1291.9,1291.5,1292.1,1293.3,1294.4,1294.7,1294.1,1292.9,4.1,0.1,1362.4,-0.151,-0.039,-0.139,476.0,482.7,491.1,503.3,523.7,554.6,590.6,632.0,675.3,713.6,743.6,768.0,786.3,794.7,794.7,792.5,788.7,499.3,514.5,537.5,564.4,591.3,672.7,697.5,721.0,743.9,761.3,640.0,644.9,649.8,654.7,617.4,637.0,656.5,673.6,688.7,538.9,556.3,575.1,593.5,576.0,558.0,682.0,699.0,718.3,735.6,720.5,702.2,579.3,606.4,635.9,657.8,680.1,708.8,732.7,714.8,689.7,665.5,642.3,610.2,589.6,637.4,659.3,682.1,724.1,685.3,662.0,639.5,330.3,370.5,410.5,449.0,480.6,505.4,520.8,530.2,529.6,520.8,502.8,479.2,447.1,408.1,366.3,326.0,288.1,267.9,245.1,230.9,225.8,227.1,213.7,203.9,202.3,208.6,224.6,267.6,291.1,314.4,338.7,365.6,368.1,370.3,362.8,356.0,300.4,290.4,287.0,290.1,295.8,298.7,276.3,268.3,265.9,270.1,274.4,276.8,427.3,404.0,392.9,392.9,386.3,390.2,404.8,432.0,445.4,450.8,452.6,447.5,427.0,408.5,406.6,401.3,407.4,425.5,430.9,433.2,-77.2,-73.8,-69.8,-64.0,-54.2,-39.5,-22.6,-3.6,16.0,33.5,47.8,59.6,68.4,72.5,72.5,71.7,70.2,-65.0,-57.9,-47.2,-34.7,-22.3,14.9,26.4,37.4,48.1,56.3,0.0,2.2,4.4,6.6,-10.2,-1.4,7.4,15.2,22.1,-46.4,-38.4,-29.8,-21.3,-29.3,-37.6,19.3,27.2,36.0,44.1,37.0,28.6,-27.7,-15.2,-1.8,8.0,18.1,31.2,42.5,33.9,22.3,11.4,1.0,-13.5,-23.0,-1.2,8.7,19.0,38.5,20.4,9.9,-0.2,-14.0,4.9,23.7,41.7,56.2,67.3,73.6,77.0,76.7,73.2,65.8,55.5,40.8,22.5,3.0,-16.0,-33.9,-42.6,-53.0,-59.4,-61.5,-60.7,-66.9,-71.7,-72.8,-70.1,-62.9,-42.1,-31.2,-20.6,-9.6,2.5,3.7,4.7,1.2,-1.8,-27.4,-32.0,-33.5,-32.1,-29.4,-28.1,-38.4,-42.2,-43.3,-41.5,-39.4,-38.2,30.8,19.9,14.8,14.8,11.8,13.7,20.5,32.6,38.4,40.7,41.6,39.5,30.6,21.9,21.0,18.6,21.7,29.6,31.9,33.0,1411.5,1408.1,1406.6,1404.5,1398.1,1387.8,1372.7,1358.1,1356.4,1365.7,1383.3,1397.0,1403.5,1405.5,1405.4,1409.9,1416.9,1386.5,1384.4,1380.3,1375.3,1369.9,1371.1,1378.9,1384.9,1390.1,1393.8,1367.1,1359.9,1352.6,1345.7,1356.5,1354.0,1351.8,1354.9,1358.4,1377.9,1376.6,1376.8,1376.4,1374.6,1374.5,1378.0,1380.1,1381.5,1383.6,1379.7,1378.2,1371.4,1358.4,1351.3,1349.9,1351.9,1361.0,1375.6,1360.0,1348.4,1345.4,1346.3,1355.5,1370.2,1352.0,1351.1,1352.7,1372.9,1352.7,1350.2,1351.5,2.185,-0.139,-0.044,-0.14,649.052,360.463,-39.735,0.998,10.555,-19.014,-0.611,-2.7910000000000004,-15.543,11.226,-10.231,3.893,-12.43,-7.257000000000001,3.787,0.043,4.938,4.107,-2.318,-0.521,-6.082000000000001,-4.409,1.509,-1.208,3.0,-3.382,-1.228,1.508,1.084,-1.256,-0.485,0.002,0.331,-0.237,0.2269999999999999,0.009,0.74,1.49,0.0,0.0,2.11,1.31,1.36,2.0,3.0,1.81,0.11,0.07,0.31,0.0,2.22,0.0,1.66,1.0,1.0,0.0,0.0,1.0,1.0,1.0,1.0,1.0,1.0,0.0,0.0,0.0,0.0,1.0,0.0,0.0,1.0,
63.0,2.069,0.98,0.152979,0.059401,-0.986443,-0.021603,0.081463,-0.996442,0.066,0.071,554.7,556.3,565.2,576.0,582.6,581.7,572.1,561.2,540.4,547.4,556.3,566.2,576.4,585.1,591.7,586.5,577.7,567.4,557.1,547.7,565.4,570.0,573.7,574.3,571.6,567.1,563.4,562.7,692.9,695.6,705.5,716.6,722.5,719.7,709.9,698.2,684.8,691.7,700.7,710.4,719.7,728.3,735.6,730.2,721.9,711.9,701.4,691.8,703.8,708.7,713.1,714.3,711.7,706.8,702.4,701.2,294.9,285.1,279.4,281.3,289.5,300.1,305.0,303.2,300.9,295.9,291.6,288.9,288.6,290.0,292.2,294.7,295.5,297.1,299.1,300.8,297.8,298.5,296.1,292.0,288.6,287.9,290.2,294.3,272.3,263.0,258.0,260.2,268.3,277.6,282.6,281.5,277.5,273.5,269.6,267.3,266.8,268.3,270.6,272.5,273.3,274.3,276.1,278.2,276.0,276.9,274.7,270.6,267.0,266.1,268.3,272.4,-37.2,-36.6,-32.7,-28.0,-25.1,-25.4,-29.6,-34.3,-43.6,-40.4,-36.5,-32.2,-27.8,-24.0,-21.1,-23.4,-27.2,-31.6,-36.1,-40.3,-32.5,-30.6,-29.0,-28.7,-29.9,-31.9,-33.5,-33.8,22.8,24.0,28.3,33.1,35.6,34.3,30.1,25.0,19.4,22.3,26.2,30.4,34.4,38.2,41.4,39.0,35.3,31.0,26.4,22.3,27.5,29.6,31.5,32.1,31.0,28.9,27.0,26.4,-28.4,-32.7,-35.2,-34.4,-30.8,-26.1,-24.0,-24.8,-25.9,-28.0,-29.9,-31.0,-31.2,-30.6,-29.7,-28.5,-28.1,-27.4,-26.6,-25.8,-27.2,-26.8,-27.9,-29.7,-31.2,-31.5,-30.5,-28.7,-37.8,-41.9,-44.1,-43.2,-39.6,-35.5,-33.3,-33.8,-35.6,-37.3,-39.0,-40.0,-40.2,-39.6,-38.7,-37.8,-37.4,-36.9,-36.1,-35.3,-36.2,-35.8,-36.8,-38.6,-40.2,-40.6,-39.6,-37.8,1308.9,1311.1,1312.6,1312.5,1310.9,1308.9,1307.2,1307.2,1312.2,1310.4,1309.0,1308.8,1309.7,1311.3,1313.1,1310.3,1308.0,1306.8,1307.4,1309.4,1309.5,1309.5,1310.1,1311.1,1311.8,1311.8,1311.2,1310.2,1293.9,1296.6,1298.0,1297.2,1294.7,1292.1,1290.7,1291.5,1295.0,1294.0,1293.5,1293.6,1294.7,1296.8,1299.0,1295.6,1292.7,1291.1,1291.3,1292.8,1293.8,1293.5,1294.1,1295.2,1296.3,1296.7,1296.1,1294.9,4.5,-0.1,1364.3,-0.158,-0.033,-0.144,477.4,484.6,493.5,506.2,527.0,557.6,592.7,632.9,675.7,714.1,744.4,769.2,787.4,795.7,795.6,793.4,789.8,499.8,515.4,538.3,564.8,591.3,673.2,698.0,721.4,744.1,761.8,640.2,645.1,650.0,654.9,617.9,637.5,657.1,674.3,689.4,539.3,556.5,575.5,593.9,576.3,558.1,682.6,699.8,719.0,736.4,721.3,703.0,583.0,610.2,638.4,659.1,680.5,707.8,731.8,713.4,689.4,666.3,644.4,613.9,593.0,639.9,660.7,682.5,723.3,685.2,663.0,641.7,330.8,371.5,411.9,450.5,481.9,505.9,519.9,527.9,526.8,518.6,502.0,479.4,447.4,408.0,366.1,325.8,288.1,268.4,245.7,231.7,226.6,227.4,213.2,204.4,202.8,208.9,224.8,268.0,291.9,315.5,340.0,366.4,368.9,370.9,363.1,356.3,301.3,291.1,287.6,290.7,296.8,299.9,276.8,268.7,266.2,270.5,274.9,277.3,426.9,405.0,394.5,394.3,387.7,391.2,404.1,426.8,438.2,443.4,445.4,442.4,426.4,408.8,406.9,401.6,406.5,420.2,425.4,427.9,-76.7,-73.2,-68.9,-62.8,-52.8,-38.2,-21.7,-3.2,16.2,33.8,48.2,60.3,69.1,73.1,73.1,72.3,71.0,-65.0,-57.7,-46.9,-34.5,-22.3,15.2,26.7,37.7,48.3,56.7,0.1,2.3,4.5,6.7,-10.0,-1.1,7.7,15.5,22.4,-46.4,-38.4,-29.7,-21.2,-29.2,-37.6,19.6,27.5,36.5,44.5,37.5,29.0,-26.1,-13.5,-0.7,8.6,18.3,30.8,42.1,33.3,22.2,11.8,2.0,-11.8,-21.5,-0.0,9.3,19.2,38.2,20.4,10.4,0.7,-13.8,5.4,24.4,42.5,56.9,67.7,73.3,76.2,75.5,72.3,65.6,55.7,41.0,22.5,2.9,-16.1,-34.1,-42.4,-52.9,-59.2,-61.3,-60.7,-67.2,-71.6,-72.7,-70.2,-62.9,-42.0,-30.9,-20.1,-9.0,2.9,4.0,4.9,1.4,-1.7,-27.0,-31.7,-33.3,-31.9,-29.0,-27.6,-38.3,-42.1,-43.3,-41.4,-39.2,-38.1,30.6,20.4,15.5,15.5,12.5,14.2,20.3,30.3,35.2,37.4,38.4,37.3,30.4,22.0,21.1,18.8,21.3,27.2,29.5,30.6,1416.2,1412.4,1410.3,1407.7,1401.3,1390.9,1375.8,1360.8,1358.7,1368.0,1386.0,1400.3,1407.2,1409.1,1409.4,1413.9,1421.1,1390.4,1388.0,1383.7,1378.4,1372.4,1373.2,1381.2,1387.2,1392.6,1396.6,1370.0,1362.4,1354.5,1347.2,1358.6,1355.7,1353.3,1356.4,1360.1,1381.4,1379.8,1379.7,1379.2,1377.5,1377.6,1380.6,1382.8,1384.2,1386.5,1382.3,1380.7,1373.1,1360.5,1353.7,1352.4,1354.3,1363.3,1377.7,1361.2,1349.4,1346.5,1347.4,1356.6,1371.6,1354.1,1353.2,1354.9,1374.6,1354.1,1351.6,1352.9,2.181,-0.147,-0.039,-0.144,650.015,360.045,-31.673,0.662,6.535,-18.227,0.001,1.307,-16.22,10.555,-11.977,2.083,-12.856,-5.579,3.062,-0.986,5.645,2.975,-2.6860000000000004,-1.4069999999999998,-6.311,-3.779,2.267,0.087,2.7,-3.632,-0.8809999999999999,1.68,0.965,-0.991,-0.598,0.001,0.4629999999999999,-0.352,0.249,-0.005,0.76,1.59,0.0,0.0,1.97,1.32,1.4,1.74,2.57,1.75,0.38,0.5,0.31,0.0,1.28,0.0,1.67,1.0,1.0,0.0,0.0,1.0,1.0,1.0,1.0,1.0,1.0,1.0,0.0,0.0,0.0,1.0,0.0,0.0,1.0,
64.0,2.102,0.98,0.144053,0.041318,-0.988707,-0.029514,0.067182,-0.997304,0.0579999999999999,0.055,555.2,557.2,566.6,577.9,584.5,583.4,573.1,561.8,541.7,548.6,557.3,567.1,577.6,586.8,593.8,588.0,578.7,568.1,557.8,548.6,566.4,571.3,575.4,576.3,573.4,568.5,564.4,563.5,692.8,696.0,706.2,717.4,723.1,719.8,709.6,697.8,685.6,692.2,701.1,710.9,720.2,729.0,736.4,730.7,722.2,712.2,701.7,692.3,703.8,708.9,713.5,714.9,712.4,707.3,702.7,701.2,295.6,285.7,279.8,281.6,289.8,300.6,305.6,303.9,301.5,296.6,292.3,289.6,289.2,290.5,292.8,295.4,296.2,297.7,299.7,301.5,298.7,299.4,296.9,292.6,289.0,288.2,290.8,295.1,273.1,263.6,258.5,260.8,269.1,278.5,283.6,282.5,278.0,273.9,270.2,268.1,267.6,269.0,271.2,273.3,274.2,275.2,276.9,278.8,277.0,278.0,275.7,271.4,267.6,266.6,268.9,273.2,-36.0,-35.3,-31.3,-26.4,-23.6,-24.0,-28.4,-33.2,-41.9,-38.9,-35.2,-31.0,-26.5,-22.6,-19.7,-22.1,-26.0,-30.5,-34.9,-38.9,-31.3,-29.2,-27.5,-27.1,-28.4,-30.5,-32.2,-32.5,22.7,24.1,28.5,33.3,35.7,34.2,29.8,24.8,19.6,22.4,26.2,30.4,34.4,38.3,41.5,39.0,35.2,30.9,26.4,22.4,27.4,29.6,31.5,32.2,31.1,29.0,27.0,26.3,-27.4,-31.7,-34.2,-33.4,-29.9,-25.2,-23.1,-23.8,-24.9,-27.0,-28.8,-29.9,-30.1,-29.6,-28.6,-27.5,-27.1,-26.4,-25.6,-24.9,-26.1,-25.8,-26.8,-28.7,-30.2,-30.6,-29.5,-27.6,-37.3,-41.5,-43.7,-42.7,-39.0,-34.9,-32.7,-33.2,-35.2,-37.0,-38.5,-39.4,-39.7,-39.1,-38.2,-37.2,-36.8,-36.3,-35.6,-34.8,-35.7,-35.2,-36.2,-38.1,-39.7,-40.2,-39.2,-37.3,1275.1,1277.5,1278.9,1278.4,1276.4,1274.1,1272.5,1273.0,1278.4,1276.6,1275.1,1274.7,1275.3,1276.5,1277.9,1275.3,1273.2,1272.4,1273.3,1275.5,1275.3,1275.1,1275.7,1276.7,1277.6,1277.8,1277.2,1276.2,1288.3,1291.0,1292.1,1291.0,1288.4,1285.7,1284.6,1285.8,1289.3,1288.3,1287.6,1287.5,1288.2,1290.1,1292.0,1289.0,1286.3,1284.9,1285.3,1287.0,1287.9,1287.4,1287.9,1289.1,1290.3,1290.8,1290.3,1289.1,4.8,-0.5,1360.2,-0.203,-0.02,-0.142,479.4,486.1,495.0,507.7,528.0,558.2,592.6,633.8,676.9,715.3,746.0,770.7,788.3,795.9,795.7,794.2,791.1,501.0,516.1,538.8,564.9,591.2,673.3,698.5,722.0,745.3,763.9,640.1,645.1,650.2,655.3,618.9,638.3,657.8,674.8,690.0,540.4,557.4,576.7,595.3,577.6,559.0,682.4,700.1,719.7,737.0,722.0,703.3,586.5,614.0,640.6,659.9,679.5,705.9,730.8,710.6,687.0,665.9,645.7,617.3,597.0,642.4,661.8,681.9,721.8,682.2,662.1,642.5,332.5,372.0,411.7,449.9,481.4,506.2,521.0,528.4,526.7,518.9,503.4,481.3,449.7,409.8,367.4,326.2,288.2,269.2,246.5,232.1,227.7,228.3,213.5,205.1,203.3,209.5,226.1,267.8,291.8,315.6,340.5,367.5,369.9,371.7,364.2,357.7,301.9,291.8,288.1,290.6,297.5,301.1,277.0,269.3,267.2,271.1,276.0,278.2,427.7,405.4,394.3,394.4,387.8,392.1,405.6,420.5,427.3,431.5,434.0,434.9,426.6,411.2,409.2,404.2,407.0,407.7,411.9,414.7,-75.8,-72.5,-68.1,-62.0,-52.2,-37.9,-21.7,-2.8,16.7,34.2,48.8,60.9,69.5,73.2,73.1,72.6,71.4,-64.5,-57.4,-46.7,-34.5,-22.3,15.2,27.0,37.9,48.9,57.7,0.0,2.3,4.6,6.8,-9.6,-0.8,8.0,15.7,22.6,-45.9,-38.0,-29.1,-20.5,-28.6,-37.2,19.5,27.7,36.8,44.8,37.8,29.1,-24.4,-11.8,0.3,9.0,17.8,29.8,41.5,31.9,21.0,11.6,2.6,-10.2,-19.6,1.1,9.8,18.9,37.3,19.0,9.9,1.1,-13.0,5.7,24.3,42.1,56.6,67.6,73.6,76.1,75.2,72.2,66.0,56.5,42.0,23.4,3.5,-15.9,-34.0,-42.1,-52.5,-59.0,-60.9,-60.3,-67.1,-71.3,-72.5,-69.9,-62.3,-42.1,-31.0,-20.0,-8.7,3.4,4.5,5.3,1.9,-1.0,-26.8,-31.4,-33.1,-31.9,-28.7,-27.0,-38.2,-41.8,-42.8,-41.1,-38.7,-37.7,30.9,20.5,15.4,15.5,12.5,14.5,20.9,27.3,30.1,31.9,33.1,33.7,30.3,23.0,22.1,19.9,21.5,21.4,23.3,24.5,1416.1,1412.0,1409.3,1405.8,1398.9,1387.8,1372.2,1356.3,1353.8,1363.1,1381.6,1397.2,1405.3,1407.5,1408.1,1411.6,1418.2,1390.9,1388.7,1384.4,1379.5,1373.8,1373.1,1381.4,1387.4,1392.8,1396.4,1370.0,1361.8,1353.3,1345.4,1356.6,1353.7,1351.2,1354.7,1358.8,1381.8,1380.2,1379.8,1378.9,1377.1,1377.6,1380.4,1382.4,1383.8,1385.9,1381.7,1380.2,1368.3,1355.5,1349.5,1348.3,1349.7,1358.0,1372.4,1354.0,1342.3,1339.7,1340.8,1350.0,1366.1,1350.0,1349.1,1350.4,1368.5,1347.7,1345.4,1346.7,2.185,-0.191,-0.027,-0.143,650.692,359.421,-22.088,0.6659999999999999,-4.806,-15.454,-6.192,4.63,-20.03,9.633,-14.686,-1.79,-14.546,-4.16,0.531,-1.556,7.598,2.978,-2.596,-0.518,-2.9810000000000003,-4.291,1.3259999999999998,-2.248,4.057,-3.669,-2.23,2.553,0.613,-0.84,-0.7390000000000001,0.036,0.417,-0.366,0.25,-0.099,0.87,1.79,0.0,0.03,1.84,1.21,1.41,1.61,2.1,1.87,0.66,1.12,0.23,0.0,0.44,0.0,1.65,1.0,1.0,0.0,0.0,1.0,1.0,1.0,1.0,1.0,1.0,1.0,1.0,0.0,0.0,0.0,0.0,0.0,1.0,
65.0,2.135,0.98,0.143037,0.028805,-0.989298,-0.035552,0.0560919999999999,-0.997792,0.054,0.043,555.9,558.4,568.3,579.7,586.0,584.4,573.6,562.2,543.0,549.5,557.9,567.7,578.4,588.0,595.4,589.0,579.2,568.4,558.2,549.4,567.3,572.3,576.6,577.7,575.0,570.0,565.7,564.6,693.3,696.2,706.2,717.5,723.4,720.5,710.5,698.6,685.7,692.3,701.3,711.3,720.9,729.6,736.9,731.4,723.1,713.1,702.5,692.8,704.3,709.4,714.0,715.3,712.6,707.5,702.9,701.6,296.7,286.5,280.6,282.3,290.7,301.7,306.8,305.0,302.8,297.8,293.3,290.5,290.0,291.3,293.8,296.3,297.2,298.7,300.8,302.7,299.8,300.5,297.9,293.5,289.8,289.1,291.7,296.1,274.0,264.5,259.4,261.6,269.8,279.3,284.4,283.3,279.0,274.7,270.9,268.7,268.4,270.0,272.5,274.4,275.1,276.0,277.7,279.6,277.8,278.8,276.5,272.2,268.4,267.4,269.8,274.1,-35.2,-34.2,-30.1,-25.2,-22.6,-23.2,-27.7,-32.5,-40.7,-37.9,-34.3,-30.2,-25.7,-21.7,-18.6,-21.3,-25.3,-29.8,-34.1,-37.9,-30.4,-28.3,-26.5,-26.0,-27.2,-29.3,-31.1,-31.6,22.6,23.9,28.2,33.0,35.5,34.2,29.9,24.9,19.4,22.2,26.0,30.3,34.4,38.1,41.3,38.9,35.3,31.0,26.5,22.4,27.3,29.5,31.4,32.0,30.9,28.7,26.8,26.2,-26.5,-30.8,-33.3,-32.5,-29.0,-24.3,-22.2,-22.9,-24.0,-26.0,-27.9,-29.0,-29.3,-28.7,-27.7,-26.6,-26.2,-25.5,-24.7,-24.0,-25.2,-24.8,-25.9,-27.8,-29.4,-29.7,-28.6,-26.7,-36.6,-40.7,-42.9,-41.9,-38.3,-34.2,-32.0,-32.5,-34.4,-36.2,-37.8,-38.8,-39.0,-38.3,-37.3,-36.4,-36.0,-35.6,-34.9,-34.1,-34.9,-34.5,-35.5,-37.3,-39.0,-39.4,-38.4,-36.5,1253.8,1256.2,1257.3,1256.3,1254.0,1251.7,1250.6,1251.5,1257.5,1255.6,1253.7,1253.0,1253.2,1254.0,1255.0,1252.8,1251.1,1250.6,1251.9,1254.4,1253.6,1253.2,1253.6,1254.7,1255.7,1256.1,1255.6,1254.6,1274.8,1277.5,1278.8,1277.9,1275.4,1272.7,1271.4,1272.3,1275.7,1274.7,1274.2,1274.3,1275.2,1277.2,1279.3,1276.1,1273.3,1271.7,1271.9,1273.4,1274.5,1274.1,1274.7,1276.0,1277.1,1277.5,1276.9,1275.7,5.1,-0.0,1358.5,-0.217,-0.01,-0.142,480.6,487.5,497.1,510.0,530.2,560.2,594.3,635.4,678.3,716.5,747.3,771.7,789.1,796.5,796.3,794.8,791.5,501.9,517.0,539.4,564.9,590.8,673.4,698.4,721.3,744.4,763.6,640.3,645.4,650.4,655.5,619.3,638.7,658.2,675.4,690.8,541.2,558.1,577.7,596.4,578.5,559.7,682.7,700.4,720.2,737.6,722.7,703.8,587.8,614.8,640.9,660.2,679.7,706.0,731.2,710.6,687.0,665.8,645.8,617.9,598.3,642.8,662.2,682.2,721.9,682.2,662.2,642.6,331.6,371.9,412.4,451.3,483.7,509.2,524.2,530.5,528.1,520.5,506.0,484.5,452.7,412.2,368.9,326.6,287.8,269.6,247.1,233.0,228.7,228.9,213.9,206.1,204.2,209.4,225.1,268.5,292.7,316.8,342.0,369.2,371.3,372.8,365.3,358.8,303.0,292.7,289.0,291.6,298.7,302.4,278.0,270.1,267.8,271.9,277.0,279.2,430.3,407.0,395.3,395.4,388.7,393.5,407.9,420.9,426.5,430.6,433.3,435.5,428.9,412.4,410.2,405.2,409.1,407.2,411.3,414.3,-75.2,-71.7,-67.1,-60.9,-51.1,-36.9,-20.9,-2.1,17.2,34.7,49.3,61.2,69.7,73.3,73.2,72.7,71.5,-64.0,-56.9,-46.4,-34.5,-22.5,15.3,26.9,37.6,48.4,57.5,0.1,2.4,4.7,6.9,-9.4,-0.6,8.2,16.0,23.0,-45.5,-37.6,-28.7,-20.0,-28.2,-36.9,19.6,27.8,37.0,45.1,38.0,29.3,-23.8,-11.4,0.4,9.1,17.8,29.8,41.7,31.8,21.0,11.5,2.6,-9.9,-18.9,1.2,10.0,19.0,37.3,18.9,9.9,1.2,-13.4,5.6,24.6,42.7,57.6,68.9,75.0,77.0,75.7,72.8,67.1,57.8,43.3,24.4,4.2,-15.7,-34.1,-41.9,-52.2,-58.6,-60.4,-60.0,-66.9,-70.8,-72.0,-69.9,-62.7,-41.8,-30.5,-19.5,-8.1,4.1,5.1,5.8,2.4,-0.5,-26.2,-30.9,-32.6,-31.4,-28.1,-26.4,-37.7,-41.4,-42.5,-40.7,-38.2,-37.1,32.0,21.2,15.9,15.9,12.9,15.1,21.9,27.4,29.7,31.5,32.7,33.9,31.3,23.5,22.5,20.3,22.3,21.2,23.0,24.3,1415.7,1411.2,1408.2,1404.2,1397.0,1385.7,1370.1,1354.0,1351.2,1360.0,1378.4,1394.2,1402.4,1404.6,1405.3,1408.8,1415.5,1390.2,1388.4,1384.3,1379.7,1374.1,1373.2,1381.2,1386.6,1391.7,1394.7,1369.7,1361.4,1352.9,1344.9,1356.0,1352.8,1350.0,1353.4,1357.5,1381.0,1379.3,1379.0,1377.7,1376.1,1376.6,1379.3,1381.4,1382.7,1384.6,1380.4,1379.0,1366.2,1353.7,1348.0,1346.8,1348.1,1355.9,1369.8,1351.1,1339.5,1336.9,1338.2,1347.5,1363.9,1348.2,1347.2,1348.4,1365.8,1345.3,1343.1,1344.5,2.187,-0.204,-0.015,-0.144,651.2869999999999,360.444,-24.132,1.161,-7.735,-14.011,-8.474,5.593999999999999,-19.894,10.101,-15.925,-3.472,-16.063,-2.529,0.01,-0.631,6.986000000000001,3.617,-2.086,-0.0289999999999999,-3.097,-4.293,0.967,-2.261,3.666,-4.099,-2.522,2.986,0.73,-0.647,-0.622,0.033,0.613,-0.265,0.246,-0.214,0.93,1.97,0.0,0.03,1.67,1.33,1.37,1.73,1.73,1.65,1.02,1.7,0.3,0.0,0.0,0.0,1.58,1.0,1.0,0.0,0.0,1.0,0.0,1.0,1.0,1.0,1.0,1.0,1.0,0.0,0.0,0.0,0.0,0.0,1.0,
66.0,2.169,0.98,0.149258,0.039478,-0.98801,-0.031385,0.07026,-0.997035,0.059,0.055,556.5,558.6,568.2,579.6,586.2,585.0,574.5,563.1,542.5,549.1,557.8,567.7,578.4,588.1,595.5,589.5,579.8,568.9,558.4,549.2,568.0,572.8,576.7,577.6,574.9,570.1,566.1,565.2,693.7,696.7,706.9,718.5,724.6,721.7,711.4,699.2,685.5,692.5,701.8,712.1,721.7,730.4,737.8,732.5,724.2,714.1,703.0,692.8,705.0,710.2,714.8,716.1,713.4,708.2,703.6,702.3,298.2,287.9,281.8,283.5,292.0,303.2,308.5,306.8,304.5,299.4,294.8,291.9,291.3,292.4,294.6,297.4,298.6,300.4,302.7,304.6,301.0,301.7,299.1,294.8,291.3,290.6,293.1,297.4,274.7,265.0,259.9,262.4,271.0,280.6,285.7,284.4,279.0,275.1,271.7,269.6,269.3,270.8,273.4,275.5,276.4,277.2,278.6,280.3,278.8,279.9,277.6,273.2,269.4,268.3,270.6,274.9,-34.9,-34.0,-30.1,-25.3,-22.5,-22.9,-27.3,-32.1,-40.8,-38.0,-34.3,-30.2,-25.7,-21.7,-18.6,-21.1,-25.1,-29.6,-34.0,-37.9,-30.1,-28.1,-26.4,-26.1,-27.2,-29.2,-30.9,-31.2,22.4,23.6,27.9,32.8,35.2,34.0,29.7,24.6,18.9,21.8,25.7,30.0,34.0,37.7,40.9,38.5,35.0,30.8,26.2,22.0,27.1,29.2,31.1,31.7,30.6,28.4,26.5,25.9,-25.8,-30.2,-32.7,-32.0,-28.4,-23.7,-21.5,-22.2,-23.2,-25.3,-27.2,-28.4,-28.7,-28.2,-27.4,-26.1,-25.6,-24.8,-23.9,-23.2,-24.6,-24.3,-25.4,-27.2,-28.7,-29.0,-28.0,-26.1,-35.5,-39.6,-41.8,-40.7,-37.1,-33.0,-30.8,-31.4,-33.8,-35.3,-36.7,-37.6,-37.8,-37.2,-36.2,-35.2,-34.8,-34.4,-33.8,-33.1,-33.8,-33.3,-34.3,-36.1,-37.8,-38.2,-37.3,-35.4,1252.3,1254.5,1255.7,1255.1,1253.1,1251.1,1249.8,1250.4,1256.4,1254.3,1252.5,1251.8,1252.2,1253.3,1254.6,1252.2,1250.3,1249.7,1250.8,1253.3,1252.5,1252.3,1252.7,1253.7,1254.5,1254.7,1254.2,1253.3,1248.5,1251.2,1252.6,1251.8,1249.4,1246.7,1245.3,1246.1,1249.6,1248.6,1248.1,1248.2,1249.3,1251.3,1253.6,1250.2,1247.3,1245.6,1245.7,1247.3,1248.4,1248.1,1248.7,1249.9,1251.0,1251.3,1250.7,1249.5,5.5,0.9,1350.2,-0.208,-0.008,-0.144,481.9,488.9,498.9,512.3,532.5,562.2,595.8,636.8,679.9,718.2,748.8,772.9,790.0,797.2,796.9,795.5,792.1,502.7,517.4,539.7,565.2,591.0,673.5,698.7,722.0,745.3,764.6,640.4,645.6,650.8,655.9,620.2,639.5,659.0,676.1,691.4,541.3,558.0,577.7,596.7,578.7,559.8,683.2,701.1,721.0,738.5,723.5,704.4,591.3,617.1,642.3,661.3,680.1,706.3,731.2,711.0,687.7,667.1,647.5,620.5,601.9,644.3,663.3,682.7,721.7,682.7,663.2,644.1,331.7,372.1,412.6,451.5,484.4,510.7,527.0,534.4,532.2,524.7,509.8,487.7,455.4,414.2,370.1,326.7,286.9,270.8,248.2,234.0,229.9,230.2,214.9,206.9,204.7,210.1,226.3,269.4,293.9,318.2,343.6,371.1,373.3,374.8,367.3,360.8,304.6,294.2,290.3,292.6,300.2,304.2,278.7,270.8,268.6,272.6,278.0,280.2,434.2,410.1,398.1,398.3,391.6,397.0,412.0,424.8,430.2,434.2,436.9,438.9,432.4,415.8,413.6,408.7,413.0,410.2,414.1,417.0,-74.2,-70.7,-65.9,-59.5,-49.8,-35.7,-20.1,-1.4,17.9,35.3,49.7,61.5,69.8,73.2,73.1,72.6,71.3,-63.3,-56.4,-46.0,-34.2,-22.3,15.2,26.9,37.6,48.6,57.6,0.2,2.5,4.8,7.1,-8.9,-0.2,8.5,16.2,23.1,-45.2,-37.5,-28.5,-19.8,-27.9,-36.6,19.7,28.0,37.1,45.2,38.2,29.4,-22.0,-10.3,1.0,9.5,17.9,29.8,41.4,31.8,21.2,12.0,3.3,-8.7,-17.2,1.9,10.4,19.1,37.0,19.0,10.3,1.8,-13.3,5.6,24.6,42.6,57.6,69.2,75.9,78.3,77.1,74.3,68.5,59.1,44.4,25.3,4.7,-15.5,-34.3,-41.1,-51.4,-57.8,-59.5,-59.1,-66.0,-70.1,-71.3,-69.1,-61.8,-41.1,-29.8,-18.7,-7.3,5.0,6.0,6.6,3.3,0.3,-25.3,-30.1,-31.8,-30.8,-27.3,-25.4,-37.2,-40.8,-41.9,-40.1,-37.5,-36.5,33.6,22.5,17.0,17.1,14.1,16.6,23.6,29.0,31.2,32.9,34.1,35.2,32.7,24.9,23.9,21.8,24.0,22.4,24.1,25.4,1407.4,1403.3,1400.7,1396.9,1389.8,1378.5,1363.1,1347.1,1344.1,1352.9,1371.2,1387.1,1395.3,1397.2,1397.6,1400.4,1406.7,1381.8,1380.0,1375.7,1371.1,1365.5,1364.4,1372.5,1377.9,1383.0,1386.2,1361.1,1352.8,1344.3,1336.3,1347.7,1344.6,1341.8,1345.2,1349.3,1373.1,1371.5,1371.0,1369.6,1368.2,1368.8,1370.9,1373.0,1374.4,1376.3,1372.1,1370.7,1357.4,1344.8,1339.4,1338.2,1339.3,1347.0,1360.6,1342.2,1331.2,1328.8,1330.0,1339.0,1354.8,1339.8,1338.8,1339.8,1356.6,1336.8,1334.7,1336.2,2.2,-0.195,-0.013,-0.145,652.22,362.448,-22.815,0.894,-10.2,-9.403,-9.627,4.593,-19.342,10.607,-14.655,-4.784,-16.012999999999998,-2.9530000000000003,0.004,-1.347,6.697,3.716,-1.717,-0.095,-2.809,-4.683,0.598,-1.812,4.214,-4.271,-2.681,3.082,0.782,-0.643,-0.643,-0.067,0.799,-0.3339999999999999,0.2319999999999999,-0.144,1.01,2.12,0.0,0.06,1.51,1.36,1.25,1.81,1.54,1.51,1.18,1.95,0.4,0.0,0.0,0.0,1.59,1.0,1.0,0.0,0.0,1.0,0.0,1.0,1.0,1.0,1.0,1.0,1.0,0.0,0.0,0.0,0.0,0.0,1.0,
67.0,2.202,0.98,0.155416,0.048798,-0.986643,-0.036593,0.081572,-0.995995,0.06,0.066,558.4,560.5,570.0,581.4,587.9,586.7,576.3,564.9,544.3,550.8,559.4,569.3,580.1,589.7,597.1,591.0,581.3,570.5,560.1,551.0,569.7,574.6,578.7,579.6,576.8,571.9,567.8,566.9,694.9,697.9,708.1,719.6,725.7,722.7,712.5,700.4,686.8,693.7,702.9,713.2,723.0,731.7,738.9,733.6,725.4,715.4,704.4,694.2,706.1,711.3,715.9,717.2,714.5,709.3,704.7,703.4,300.0,289.6,283.5,285.2,293.8,305.0,310.3,308.5,306.5,301.2,296.5,293.5,292.9,294.2,296.6,299.3,300.3,302.1,304.4,306.3,302.9,303.6,301.0,296.6,292.9,292.1,294.7,299.2,276.2,266.4,261.2,263.7,272.5,282.3,287.5,286.0,280.4,276.5,273.0,270.9,270.7,272.2,274.9,277.0,277.9,278.7,280.0,281.7,280.3,281.4,279.1,274.7,270.7,269.6,271.9,276.4,-34.1,-33.3,-29.3,-24.5,-21.8,-22.2,-26.6,-31.3,-40.1,-37.3,-33.7,-29.5,-25.0,-21.0,-17.9,-20.5,-24.5,-29.0,-33.4,-37.2,-29.4,-27.3,-25.6,-25.3,-26.5,-28.5,-30.2,-30.6,22.9,24.2,28.5,33.3,35.8,34.5,30.2,25.2,19.6,22.4,26.2,30.6,34.7,38.4,41.5,39.1,35.6,31.4,26.8,22.6,27.6,29.8,31.7,32.3,31.2,29.0,27.1,26.5,-25.1,-29.5,-32.1,-31.3,-27.7,-22.9,-20.7,-21.5,-22.4,-24.6,-26.5,-27.8,-28.0,-27.5,-26.5,-25.4,-24.9,-24.1,-23.2,-22.4,-23.9,-23.5,-24.7,-26.5,-28.1,-28.4,-27.3,-25.4,-35.0,-39.2,-41.4,-40.3,-36.6,-32.4,-30.2,-30.8,-33.3,-34.9,-36.3,-37.2,-37.3,-36.7,-35.7,-34.7,-34.3,-33.9,-33.3,-32.7,-33.3,-32.8,-33.8,-35.7,-37.3,-37.8,-36.8,-34.9,1253.7,1255.9,1257.0,1256.4,1254.5,1252.5,1251.3,1251.8,1257.9,1255.8,1254.0,1253.2,1253.6,1254.6,1255.9,1253.6,1251.8,1251.2,1252.3,1254.8,1253.9,1253.7,1254.1,1255.1,1255.9,1256.1,1255.6,1254.7,1252.4,1254.9,1256.3,1255.6,1253.3,1250.8,1249.4,1250.2,1253.4,1252.5,1252.0,1252.1,1253.2,1255.3,1257.5,1254.3,1251.4,1249.6,1249.8,1251.2,1252.4,1252.1,1252.7,1253.8,1254.8,1255.1,1254.5,1253.4,6.2,2.0,1349.2,-0.191,-0.006,-0.146,483.2,490.9,501.6,515.4,535.9,565.3,598.3,638.7,681.6,720.0,750.7,774.7,791.5,798.5,798.3,796.9,793.6,503.9,518.5,540.8,566.3,592.0,674.7,700.1,723.4,746.8,766.0,641.7,646.9,652.0,657.1,621.5,640.9,660.4,677.6,693.0,543.1,559.6,579.3,598.2,580.3,561.4,684.6,702.2,722.1,739.6,724.7,705.6,594.1,619.0,643.8,663.0,682.2,708.0,732.5,712.9,689.9,668.9,649.2,622.6,604.5,645.7,664.9,684.7,723.1,685.1,665.2,645.9,331.2,372.4,413.3,452.6,485.9,512.9,530.1,538.0,535.7,527.9,512.7,489.8,456.6,415.0,370.8,327.0,286.7,273.0,249.9,235.7,231.4,231.5,216.2,208.2,206.0,211.5,227.8,271.3,296.2,320.8,346.5,373.7,375.9,377.5,369.7,362.9,306.5,295.9,292.0,294.4,302.2,306.1,280.2,272.1,269.8,274.0,279.5,281.7,437.8,413.9,402.2,402.3,395.5,400.6,415.3,428.5,434.5,438.8,441.5,443.0,436.0,418.8,416.5,411.5,416.4,415.4,419.8,422.6,-73.5,-69.7,-64.6,-58.0,-48.2,-34.3,-19.0,-0.6,18.6,36.1,50.6,62.2,70.4,73.7,73.6,73.1,71.9,-62.6,-55.8,-45.4,-33.6,-21.8,15.7,27.4,38.2,49.1,58.1,0.8,3.1,5.4,7.6,-8.3,0.4,9.1,16.9,23.8,-44.3,-36.7,-27.7,-19.1,-27.2,-35.8,20.3,28.4,37.6,45.6,38.7,29.9,-20.7,-9.4,1.7,10.2,18.8,30.5,41.9,32.6,22.1,12.8,4.1,-7.8,-16.0,2.5,11.1,19.9,37.5,20.1,11.2,2.6,-13.5,5.8,24.9,43.1,58.3,70.2,77.3,79.9,78.7,75.7,69.7,59.9,44.9,25.6,5.0,-15.4,-34.3,-40.0,-50.5,-56.9,-58.7,-58.4,-65.3,-69.3,-70.6,-68.4,-61.0,-40.2,-28.7,-17.6,-6.0,6.2,7.1,7.8,4.4,1.3,-24.5,-29.3,-31.0,-29.9,-26.3,-24.5,-36.4,-40.1,-41.2,-39.4,-36.8,-35.7,35.2,24.1,18.8,18.8,15.8,18.2,25.1,30.6,33.0,34.9,36.1,37.0,34.3,26.2,25.2,23.0,25.5,24.7,26.6,27.9,1406.4,1402.3,1399.6,1395.7,1388.6,1377.8,1362.8,1347.0,1343.7,1352.2,1370.2,1385.9,1393.7,1395.3,1395.5,1398.5,1405.0,1379.8,1377.7,1373.1,1368.3,1362.7,1361.7,1369.8,1375.3,1380.5,1384.1,1358.8,1350.8,1342.4,1334.6,1346.5,1343.2,1340.2,1343.5,1347.5,1371.0,1369.3,1368.8,1367.5,1366.1,1366.7,1368.7,1370.8,1372.1,1374.2,1369.9,1368.5,1356.4,1343.9,1338.7,1337.4,1338.5,1346.2,1359.6,1341.5,1330.6,1328.3,1329.6,1338.4,1353.8,1338.9,1337.8,1338.9,1355.6,1336.0,1334.0,1335.6,2.2030000000000003,-0.177,-0.011,-0.147,653.887,364.844,-24.749,1.3630000000000002,-9.45,-7.862,-8.328,4.766,-18.37,10.175,-13.277,-4.715,-17.262,-2.463,-0.479,-0.7829999999999999,6.667999999999999,3.879,-1.442,-0.391,-3.699,-4.928,0.778,-0.753,3.766,-4.862,-2.103,3.189,0.98,-0.637,-0.564,-0.083,0.861,-0.295,0.258,-0.188,1.08,2.18,0.0,0.07,1.33,1.48,1.18,1.81,1.38,1.2,1.33,2.15,0.53,0.04,0.0,0.03,1.61,1.0,1.0,0.0,0.0,1.0,1.0,1.0,1.0,1.0,1.0,1.0,1.0,0.0,0.0,0.0,0.0,0.0,1.0,
68.0,2.236,0.98,0.185029,0.0599639999999999,-0.980902,-0.02058,0.104229,-0.99434,0.083,0.083,561.1,562.9,572.0,583.2,589.9,589.0,578.9,567.8,545.9,552.2,560.8,570.8,581.5,591.0,598.3,592.4,583.0,572.4,562.0,552.7,572.3,576.9,580.7,581.4,578.6,574.0,570.2,569.5,696.6,699.5,709.9,721.7,727.9,725.0,714.6,702.2,688.1,695.1,704.4,714.9,724.8,733.5,740.8,735.5,727.3,717.2,706.1,695.7,708.0,713.3,718.0,719.3,716.5,711.2,706.5,705.1,301.7,291.3,285.2,286.9,295.6,306.8,312.2,310.4,308.8,303.4,298.5,295.3,294.7,296.1,298.6,301.2,302.4,304.3,306.7,308.6,304.4,305.1,302.6,298.2,294.7,293.9,296.5,300.8,277.9,268.0,262.8,265.5,274.4,284.3,289.4,287.9,282.1,278.0,274.5,272.4,272.3,274.0,276.8,278.9,279.8,280.6,281.9,283.4,282.2,283.4,281.0,276.6,272.6,271.4,273.7,278.1,-33.3,-32.6,-28.8,-24.0,-21.2,-21.6,-25.8,-30.5,-39.9,-37.1,-33.5,-29.2,-24.7,-20.7,-17.7,-20.1,-24.0,-28.5,-32.9,-36.9,-28.6,-26.7,-25.1,-24.8,-26.0,-27.9,-29.5,-29.8,23.2,24.5,28.8,33.6,36.1,34.8,30.5,25.5,19.7,22.6,26.4,30.7,34.8,38.5,41.5,39.2,35.8,31.6,27.0,22.8,27.9,30.1,32.0,32.6,31.4,29.3,27.3,26.7,-24.6,-29.1,-31.7,-30.9,-27.2,-22.5,-20.2,-20.9,-21.7,-23.9,-26.0,-27.3,-27.6,-27.0,-26.0,-24.8,-24.3,-23.5,-22.5,-21.7,-23.5,-23.2,-24.3,-26.1,-27.7,-28.0,-26.9,-25.0,-33.7,-37.8,-40.0,-38.9,-35.2,-31.0,-28.9,-29.5,-32.0,-33.6,-35.1,-35.9,-36.0,-35.4,-34.3,-33.3,-32.9,-32.5,-32.0,-31.4,-31.9,-31.4,-32.4,-34.3,-36.0,-36.5,-35.5,-33.6,1267.3,1269.2,1270.4,1270.2,1268.7,1267.0,1265.6,1265.8,1271.5,1269.5,1267.7,1267.0,1267.5,1268.8,1270.2,1267.9,1266.0,1265.3,1266.2,1268.6,1267.9,1267.8,1268.3,1269.1,1269.7,1269.8,1269.3,1268.5,1230.8,1233.4,1234.9,1234.3,1232.0,1229.4,1227.9,1228.5,1231.7,1230.8,1230.4,1230.6,1231.7,1233.9,1236.1,1232.8,1229.8,1228.0,1228.1,1229.5,1230.8,1230.5,1231.2,1232.4,1233.5,1233.7,1233.1,1231.8,7.2,3.4,1337.0,-0.168,-0.011,-0.15,485.0,492.5,503.3,517.6,538.5,568.4,601.8,642.8,685.9,724.0,753.8,776.9,793.2,800.1,799.9,798.5,794.9,505.6,519.8,542.1,567.9,593.9,675.8,701.5,725.1,748.7,767.8,643.3,648.7,654.0,659.4,624.2,643.4,662.9,680.1,695.5,544.6,561.0,580.7,599.9,582.1,563.1,686.1,704.0,724.0,741.4,726.5,707.3,598.2,622.8,647.2,666.2,685.1,710.7,734.7,715.8,693.3,672.7,653.1,626.8,608.9,649.3,668.3,687.8,725.2,688.0,668.5,649.4,331.3,372.7,414.2,454.1,488.2,516.5,535.6,545.2,543.2,534.6,517.4,492.7,458.6,416.6,371.8,327.3,286.2,274.9,251.7,237.3,233.2,233.6,218.4,210.0,207.7,213.4,230.0,273.3,298.2,323.0,348.9,377.4,379.6,381.1,373.4,366.4,308.5,298.0,293.9,296.1,304.2,308.5,281.8,273.8,271.6,275.6,281.4,283.5,443.0,419.2,407.4,407.7,400.7,405.7,420.3,434.2,440.7,445.1,447.6,448.8,441.1,425.0,422.8,417.7,421.4,420.0,424.4,427.0,-72.0,-68.3,-63.2,-56.5,-46.6,-32.6,-17.2,1.3,20.4,37.6,51.6,62.8,70.7,73.9,73.8,73.2,71.9,-61.2,-54.6,-44.3,-32.6,-20.7,16.1,27.8,38.6,49.6,58.4,1.5,3.9,6.2,8.6,-7.0,1.5,10.1,17.8,24.7,-43.2,-35.7,-26.8,-18.1,-26.1,-34.7,20.8,29.0,38.1,46.0,39.1,30.4,-18.7,-7.6,3.2,11.6,19.9,31.4,42.5,33.6,23.4,14.4,5.8,-5.8,-13.9,4.1,12.5,21.1,38.2,21.2,12.6,4.2,-13.3,5.9,25.1,43.4,58.9,71.3,79.2,82.5,81.5,78.1,71.4,60.8,45.5,26.1,5.4,-15.1,-34.2,-38.7,-49.2,-55.6,-57.2,-56.8,-63.6,-67.8,-69.2,-66.8,-59.4,-38.9,-27.5,-16.4,-4.9,7.7,8.7,9.4,5.9,2.8,-23.3,-28.0,-29.9,-28.9,-25.2,-23.2,-35.3,-39.0,-40.0,-38.3,-35.6,-34.6,37.2,26.3,20.9,21.1,18.0,20.3,27.1,32.9,35.5,37.3,38.5,39.2,36.3,28.7,27.7,25.5,27.5,26.5,28.4,29.6,1392.9,1389.8,1388.1,1384.9,1377.9,1367.2,1352.4,1337.1,1334.1,1342.8,1360.5,1375.8,1383.3,1384.5,1384.1,1386.2,1391.8,1366.2,1363.7,1358.9,1354.2,1349.0,1348.0,1356.2,1361.9,1367.2,1371.1,1345.4,1337.4,1329.0,1321.2,1333.7,1330.6,1327.8,1331.1,1335.2,1357.9,1356.2,1355.7,1354.5,1353.2,1353.8,1355.9,1357.9,1359.3,1361.5,1357.3,1355.8,1343.6,1330.8,1325.9,1324.7,1325.8,1333.5,1347.1,1329.4,1319.0,1316.6,1317.8,1326.1,1340.9,1326.6,1325.6,1326.7,1343.0,1323.9,1321.9,1323.3,2.2230000000000003,-0.153,-0.018,-0.151,656.322,368.15,-22.91,2.75,-10.978,-2.922,-10.083,3.867,-17.659000000000002,10.169,-12.034,-5.568,-16.979,-2.597,-0.4029999999999999,-1.811,6.317,3.712,-2.397,-0.352,-2.676,-5.803,0.626,-1.357,3.832,-4.809,-2.627,2.869,0.919,-0.735,-0.5539999999999999,-0.123,0.825,-0.342,0.212,-0.181,1.18,2.3,0.0,0.16,1.21,1.52,1.28,1.73,1.3,1.28,1.24,1.85,0.66,0.04,0.37,0.53,1.63,1.0,1.0,0.0,0.0,1.0,1.0,1.0,1.0,1.0,1.0,1.0,1.0,0.0,0.0,0.0,0.0,0.0,1.0,
69.0,2.269,0.98,0.15654,0.102366,-0.982352,-0.021484,0.136009,-0.990475,0.068,0.12,562.9,564.5,573.5,584.5,591.1,590.2,580.4,569.4,548.6,554.8,563.3,573.2,583.9,593.0,599.9,594.0,584.9,574.5,564.4,555.3,574.0,578.3,581.9,582.5,579.9,575.5,572.0,571.4,698.9,701.7,711.8,723.2,729.4,726.7,716.6,704.5,690.1,697.1,706.3,716.7,726.7,735.5,742.8,737.4,729.2,719.2,708.2,697.8,710.1,715.2,719.6,720.9,718.1,713.0,708.6,707.4,303.3,292.8,286.7,288.5,297.1,308.3,313.7,311.9,309.8,304.2,299.4,296.0,295.5,297.1,300.1,302.5,303.7,305.5,307.7,309.5,305.6,306.3,303.9,299.8,296.3,295.7,298.1,302.2,279.1,269.0,263.8,266.5,275.5,285.6,290.8,289.2,283.3,279.0,275.2,272.9,272.8,274.6,277.6,279.7,280.7,281.6,282.9,284.5,283.2,284.4,282.1,277.6,273.7,272.5,274.8,279.2,-33.2,-32.6,-28.7,-24.0,-21.1,-21.4,-25.6,-30.4,-39.5,-36.8,-33.1,-28.8,-24.2,-20.3,-17.3,-19.8,-23.7,-28.2,-32.5,-36.5,-28.5,-26.6,-25.1,-24.8,-26.0,-27.8,-29.4,-29.6,24.3,25.5,29.7,34.5,37.0,35.8,31.6,26.6,20.7,23.6,27.4,31.7,35.8,39.5,42.7,40.3,36.8,32.7,28.1,23.8,29.0,31.1,32.9,33.4,32.3,30.2,28.4,27.8,-24.4,-29.0,-31.7,-30.9,-27.1,-22.3,-19.9,-20.7,-21.7,-24.1,-26.1,-27.6,-27.8,-27.1,-25.9,-24.8,-24.3,-23.5,-22.5,-21.8,-23.4,-23.1,-24.2,-26.0,-27.5,-27.8,-26.7,-24.9,-33.4,-37.6,-39.8,-38.7,-34.9,-30.7,-28.5,-29.2,-31.7,-33.4,-35.0,-36.0,-36.0,-35.4,-34.2,-33.2,-32.7,-32.3,-31.8,-31.1,-31.7,-31.2,-32.2,-34.1,-35.7,-36.2,-35.3,-33.4,1293.0,1294.8,1296.0,1295.8,1294.4,1292.7,1291.4,1291.6,1296.6,1294.6,1292.9,1292.3,1293.0,1294.3,1295.7,1293.4,1291.5,1290.7,1291.6,1293.8,1293.6,1293.6,1294.0,1294.8,1295.3,1295.4,1294.9,1294.2,1239.0,1241.4,1242.8,1242.4,1240.3,1237.9,1236.5,1237.0,1239.9,1239.0,1238.5,1238.8,1240.1,1242.3,1244.8,1241.3,1238.3,1236.5,1236.4,1237.8,1239.2,1239.0,1239.6,1240.7,1241.6,1241.8,1241.2,1240.1,8.2,4.8,1329.1,-0.127,-0.01,-0.151,486.0,494.0,505.6,521.1,543.4,573.8,607.0,646.5,688.7,726.5,755.8,778.9,795.1,802.3,802.4,800.6,796.9,508.6,522.0,544.4,570.4,596.1,678.7,703.9,727.3,750.2,768.2,645.7,650.9,656.0,661.1,627.1,645.7,664.7,681.6,696.5,547.2,563.5,582.9,601.7,584.2,565.4,688.6,706.1,725.8,742.8,728.5,709.4,604.6,626.4,649.6,668.2,686.9,711.4,733.5,716.8,695.4,674.9,655.7,630.5,614.5,651.4,669.8,689.1,724.4,690.9,671.6,652.7,328.2,371.6,414.3,455.3,490.9,520.8,542.0,553.9,552.8,543.1,523.5,496.2,460.0,417.0,371.5,326.1,283.5,276.7,252.5,238.0,234.0,234.9,219.4,210.5,207.9,213.8,230.9,274.8,299.6,324.1,349.8,378.3,380.7,382.4,374.5,367.3,309.5,298.7,294.8,297.3,305.6,309.6,283.0,274.5,272.2,276.5,282.4,284.7,445.9,422.4,411.2,411.6,405.0,410.0,424.7,442.5,451.1,455.8,457.7,455.9,444.0,426.3,424.4,419.6,426.0,432.7,437.5,439.6,-71.0,-67.2,-61.8,-54.6,-44.1,-30.0,-14.8,2.9,21.6,38.5,52.3,63.3,71.0,74.4,74.4,73.7,72.3,-59.3,-53.2,-42.9,-31.2,-19.6,17.3,28.6,39.3,49.8,58.1,2.6,4.8,7.0,9.2,-5.7,2.5,10.9,18.3,24.9,-41.7,-34.3,-25.6,-17.1,-25.0,-33.4,21.8,29.7,38.6,46.3,39.7,31.1,-15.8,-6.0,4.2,12.4,20.6,31.6,41.7,33.9,24.2,15.2,6.9,-4.2,-11.3,5.0,13.1,21.6,37.6,22.4,13.8,5.6,-14.7,5.3,25.0,43.8,59.8,72.9,81.7,86.1,85.4,81.6,73.8,62.1,45.8,26.1,5.3,-15.6,-35.2,-37.6,-48.5,-54.8,-56.4,-55.8,-62.7,-67.0,-68.5,-66.1,-58.5,-37.9,-26.7,-15.8,-4.5,8.1,9.1,9.8,6.4,3.2,-22.7,-27.5,-29.2,-28.1,-24.4,-22.6,-34.5,-38.4,-39.5,-37.6,-34.8,-33.8,38.2,27.5,22.5,22.6,19.8,22.1,28.9,36.4,39.9,41.9,42.7,42.2,37.3,29.1,28.3,26.2,29.4,31.9,34.0,35.0,1384.0,1381.4,1379.9,1376.9,1369.8,1359.9,1346.7,1332.6,1329.7,1337.5,1353.6,1367.3,1373.8,1374.5,1374.3,1376.6,1382.3,1355.3,1352.8,1347.8,1343.0,1337.8,1337.0,1344.6,1350.3,1355.7,1360.1,1334.7,1326.8,1318.8,1311.1,1324.4,1321.2,1318.3,1321.0,1324.9,1347.3,1345.5,1345.1,1343.8,1342.9,1343.3,1345.0,1347.1,1348.3,1350.8,1346.5,1344.9,1335.2,1322.9,1318.2,1317.0,1318.2,1325.8,1338.5,1322.7,1313.5,1311.3,1312.3,1319.4,1332.7,1318.7,1317.7,1319.0,1334.8,1317.9,1316.0,1317.3,2.238,-0.1119999999999999,-0.017,-0.152,658.645,371.081,-28.102,4.712,-6.796,1.994,-7.616,0.3879999999999999,-10.975,7.696000000000001,-9.268,-7.574,-17.515,-1.955,0.369,-3.095,6.24,1.629,-3.317,-0.011,-5.807,-4.843,-0.1369999999999999,0.969,3.329,-5.19,-0.731,2.062,1.492,-0.494,-0.352,-0.03,0.809,-0.381,0.273,-0.159,1.25,2.33,0.0,0.2,1.19,1.6,1.48,1.72,1.34,1.28,1.07,1.18,0.77,0.04,1.24,1.13,1.54,1.0,1.0,0.0,0.0,1.0,1.0,1.0,1.0,1.0,1.0,1.0,1.0,0.0,0.0,1.0,1.0,0.0,1.0,
70.0,2.302,0.98,0.151673,0.10384,-0.982961,-0.030204,0.138227,-0.98994,0.061,0.122,564.7,566.5,575.5,586.5,593.0,592.1,582.2,571.2,550.2,556.5,565.2,575.4,586.1,595.2,602.0,596.2,587.1,576.6,566.4,557.2,575.9,580.1,583.6,584.2,581.7,577.5,574.0,573.3,700.7,703.6,713.7,725.1,731.0,728.1,718.0,706.0,692.2,698.9,707.9,718.5,728.7,737.5,744.7,739.3,731.1,721.1,710.1,699.8,711.8,716.8,721.1,722.4,719.8,714.9,710.5,709.2,303.4,293.0,287.0,289.0,297.7,308.9,314.0,312.1,310.1,304.3,299.3,295.9,295.5,297.3,300.6,303.1,304.1,306.0,308.1,309.9,305.9,306.6,304.3,300.3,296.9,296.2,298.5,302.5,279.2,269.0,263.7,266.6,275.9,286.1,291.4,289.6,283.6,279.1,275.2,272.8,272.7,274.5,277.8,279.9,281.0,282.0,283.3,284.8,283.3,284.5,282.3,277.8,273.8,272.6,274.8,279.3,-32.2,-31.5,-27.7,-22.9,-20.1,-20.5,-24.7,-29.4,-38.5,-35.8,-32.0,-27.6,-23.1,-19.2,-16.3,-18.7,-22.6,-27.1,-31.5,-35.5,-27.5,-25.6,-24.2,-23.9,-25.0,-26.8,-28.3,-28.6,25.2,26.4,30.7,35.4,37.8,36.5,32.3,27.3,21.7,24.4,28.2,32.6,36.8,40.5,43.6,41.3,37.8,33.6,29.0,24.8,29.8,31.8,33.7,34.2,33.2,31.1,29.3,28.7,-24.2,-28.7,-31.3,-30.5,-26.7,-21.9,-19.6,-20.5,-21.4,-23.9,-26.0,-27.4,-27.6,-26.8,-25.5,-24.4,-23.9,-23.1,-22.2,-21.4,-23.2,-22.9,-23.9,-25.6,-27.0,-27.4,-26.4,-24.6,-33.5,-37.8,-40.0,-38.8,-34.9,-30.6,-28.4,-29.2,-31.7,-33.5,-35.2,-36.2,-36.2,-35.5,-34.3,-33.3,-32.8,-32.3,-31.8,-31.2,-31.8,-31.3,-32.3,-34.1,-35.8,-36.3,-35.4,-33.5,1283.7,1285.6,1286.8,1286.7,1285.2,1283.5,1282.1,1282.2,1287.1,1285.2,1283.6,1283.1,1283.9,1285.2,1286.7,1284.3,1282.2,1281.4,1282.2,1284.4,1284.4,1284.3,1284.8,1285.5,1286.1,1286.1,1285.7,1284.9,1244.6,1246.7,1247.9,1247.5,1245.6,1243.4,1242.2,1242.8,1245.5,1244.6,1244.0,1244.2,1245.5,1247.7,1250.2,1246.8,1243.9,1242.1,1242.1,1243.5,1244.8,1244.6,1245.1,1246.1,1246.9,1247.1,1246.6,1245.6,9.0,5.3,1323.5,-0.128,-0.008,-0.15,487.2,495.7,508.0,524.0,546.4,576.6,609.2,648.2,690.0,727.8,757.3,780.5,796.7,803.9,804.0,802.4,798.5,510.1,523.7,546.2,572.1,597.6,680.8,705.7,729.1,752.0,769.8,647.9,652.9,658.0,663.0,628.9,647.5,666.3,683.0,697.8,548.7,565.4,585.1,604.1,586.2,567.1,690.2,707.8,727.8,744.9,730.5,711.1,606.8,625.9,649.6,668.9,688.1,713.5,734.5,720.2,698.6,677.3,657.1,630.9,616.9,651.6,670.6,690.5,725.3,694.0,673.8,654.1,327.5,372.1,416.0,457.8,494.5,525.3,547.9,560.7,560.1,550.0,528.8,499.4,461.7,417.6,371.4,325.1,281.8,276.8,252.4,237.9,234.0,235.1,219.7,210.8,208.0,213.7,230.7,275.1,299.6,323.8,349.1,377.2,379.6,381.4,373.7,366.7,309.8,298.8,295.0,297.6,305.8,309.7,283.3,274.6,272.3,276.5,282.5,284.9,447.7,419.8,406.6,407.1,400.3,407.2,426.3,449.9,461.4,466.6,468.4,463.8,445.4,423.7,421.5,417.0,427.7,440.4,445.6,447.6,-70.1,-66.1,-60.4,-53.0,-42.5,-28.6,-13.8,3.6,22.1,39.0,52.7,63.7,71.3,74.6,74.7,74.1,72.6,-58.4,-52.2,-42.0,-30.2,-18.8,18.1,29.4,39.9,50.4,58.6,3.5,5.7,7.9,10.0,-4.9,3.3,11.5,18.9,25.4,-40.8,-33.3,-24.5,-16.0,-24.0,-32.5,22.4,30.3,39.3,47.0,40.4,31.7,-14.7,-6.2,4.2,12.6,21.0,32.3,41.9,35.2,25.6,16.3,7.5,-4.0,-10.2,5.1,13.4,22.1,37.7,23.6,14.8,6.2,-14.9,5.5,25.6,44.7,61.1,74.6,84.0,88.8,88.4,84.4,75.8,63.2,46.3,26.2,5.2,-15.9,-35.8,-37.4,-48.3,-54.6,-56.2,-55.5,-62.3,-66.6,-68.1,-65.8,-58.3,-37.6,-26.6,-15.9,-4.8,7.6,8.6,9.4,6.0,3.0,-22.4,-27.3,-29.0,-27.8,-24.1,-22.4,-34.2,-38.2,-39.3,-37.4,-34.6,-33.5,38.8,26.2,20.4,20.6,17.6,20.7,29.4,39.5,44.2,46.4,47.3,45.5,37.8,27.9,26.9,24.9,29.9,35.2,37.4,38.3,1375.8,1373.4,1372.2,1369.4,1362.7,1353.4,1340.9,1327.5,1324.6,1331.8,1346.7,1359.5,1365.3,1365.9,1365.8,1368.7,1374.6,1348.1,1346.2,1341.6,1337.3,1332.7,1332.2,1339.6,1344.9,1350.1,1353.8,1329.3,1321.8,1314.3,1307.1,1319.0,1315.9,1313.2,1315.8,1319.3,1340.7,1338.9,1338.8,1337.2,1336.6,1336.9,1339.1,1341.0,1342.2,1344.5,1340.4,1338.9,1328.8,1316.7,1311.7,1310.3,1311.5,1318.8,1330.8,1316.8,1308.4,1306.6,1307.6,1314.2,1326.7,1312.6,1311.4,1312.5,1327.8,1312.7,1311.0,1312.4,2.248,-0.113,-0.015,-0.151,660.3839999999999,372.465,-38.447,5.329,-2.233,4.682,-9.479,-7.985,-7.684,6.874,-9.039,-10.629,-16.307000000000002,-2.312,2.275,-0.492,7.041,1.274,-2.048,-0.244,-6.256,-4.865,-0.466,0.947,3.623,-4.82,-0.636,2.085,1.85,-1.031,-0.319,-0.013,0.66,-0.241,0.145,-0.254,1.32,2.36,0.0,0.32,1.23,1.59,1.6,1.71,1.48,1.13,0.82,0.35,0.81,0.0,2.28,1.67,1.44,1.0,1.0,0.0,0.0,1.0,1.0,1.0,1.0,1.0,0.0,1.0,0.0,0.0,0.0,1.0,1.0,0.0,1.0,
71.0,2.336,0.93,0.151568,0.104389,-0.982919,-0.0296399999999999,0.1417,-0.989466,0.062,0.124,565.2,567.0,576.2,587.5,594.3,593.4,583.3,572.0,550.3,556.8,565.6,575.8,586.6,596.2,603.5,597.8,588.4,577.6,567.1,557.5,576.7,581.1,584.8,585.4,582.8,578.3,574.7,574.0,701.5,704.4,714.6,726.2,732.3,729.4,719.1,706.9,692.8,699.4,708.4,719.3,729.8,738.7,746.0,740.6,732.4,722.4,711.0,700.5,712.7,717.8,722.4,723.7,720.9,715.8,711.3,710.0,303.9,293.2,286.8,288.7,297.6,309.2,314.7,312.9,310.8,305.2,300.2,296.6,295.8,297.1,299.6,302.7,304.2,306.5,308.9,310.8,306.3,307.1,304.6,300.3,296.8,296.1,298.6,302.8,279.4,269.0,263.7,266.5,275.9,286.3,291.7,289.9,283.6,279.2,275.4,272.9,272.9,274.6,278.0,280.2,281.2,282.1,283.4,284.9,283.6,284.9,282.5,277.9,273.7,272.5,274.8,279.5,-31.1,-30.5,-26.6,-21.9,-19.1,-19.4,-23.6,-28.3,-37.5,-34.7,-31.0,-26.7,-22.2,-18.3,-15.2,-17.6,-21.5,-25.9,-30.4,-34.4,-26.4,-24.5,-23.0,-22.8,-23.9,-25.7,-27.2,-27.5,25.1,26.4,30.6,35.3,37.7,36.5,32.3,27.3,21.6,24.3,27.9,32.4,36.7,40.4,43.5,41.2,37.8,33.6,29.0,24.7,29.7,31.8,33.7,34.2,33.1,31.1,29.2,28.6,-23.3,-27.9,-30.5,-29.8,-26.0,-21.2,-18.8,-19.6,-20.6,-22.9,-24.9,-26.4,-26.8,-26.2,-25.2,-23.9,-23.2,-22.3,-21.3,-20.5,-22.4,-22.1,-23.1,-24.9,-26.4,-26.7,-25.6,-23.8,-32.9,-37.3,-39.5,-38.3,-34.4,-30.1,-27.9,-28.6,-31.3,-33.0,-34.6,-35.6,-35.6,-35.0,-33.7,-32.7,-32.2,-31.8,-31.2,-30.7,-31.2,-30.7,-31.7,-33.6,-35.3,-35.8,-34.9,-32.9,1249.6,1251.3,1252.4,1252.3,1251.0,1249.4,1248.1,1248.2,1253.4,1251.4,1249.7,1249.1,1249.7,1251.2,1252.7,1250.3,1248.2,1247.4,1248.3,1250.5,1250.3,1250.2,1250.7,1251.3,1251.9,1251.9,1251.5,1250.8,1226.1,1228.3,1229.5,1229.0,1227.2,1225.0,1223.8,1224.3,1227.1,1226.2,1225.7,1225.8,1227.1,1229.3,1231.6,1228.4,1225.5,1223.7,1223.7,1225.1,1226.4,1226.2,1226.7,1227.6,1228.5,1228.7,1228.1,1227.2,9.4,5.7,1316.8,-0.133,0.001,-0.152,488.3,496.3,508.4,524.5,547.1,578.2,612.2,653.4,695.5,732.0,760.0,782.0,798.0,805.0,804.9,803.2,798.8,511.2,524.6,546.6,572.4,597.9,681.1,706.4,730.0,753.6,771.9,648.4,653.8,659.1,664.6,630.2,648.8,667.4,684.0,698.9,548.9,565.8,585.9,605.5,587.1,567.8,690.3,708.7,729.1,746.5,731.7,711.9,605.2,623.5,648.9,668.7,688.0,715.8,738.0,724.0,701.0,679.3,658.2,629.8,616.0,651.4,671.0,690.9,728.2,695.1,674.7,654.3,328.7,372.7,416.4,458.2,495.1,527.4,552.2,566.4,566.3,555.4,532.7,501.8,463.6,418.9,371.5,324.0,279.5,276.7,252.7,238.3,234.3,235.7,220.2,210.9,208.3,214.1,231.0,274.9,299.1,323.1,348.5,376.7,378.9,380.8,373.1,366.5,310.2,299.4,295.5,297.5,305.9,310.0,283.4,274.9,272.7,276.4,282.6,285.0,448.2,416.9,401.5,402.2,395.2,403.4,425.8,455.7,469.6,474.8,476.6,470.0,445.9,422.5,420.1,415.6,427.4,443.5,448.6,450.6,-69.2,-65.4,-59.9,-52.5,-42.0,-27.7,-12.3,5.9,24.4,40.6,53.6,64.0,71.5,74.7,74.6,73.9,72.2,-57.5,-51.5,-41.6,-30.0,-18.6,18.2,29.5,40.2,50.9,59.2,3.7,6.0,8.3,10.7,-4.3,3.8,12.0,19.2,25.8,-40.5,-32.9,-24.1,-15.3,-23.5,-32.0,22.4,30.5,39.7,47.5,40.8,31.9,-15.3,-7.2,3.9,12.5,20.8,33.1,43.2,36.7,26.4,17.0,7.9,-4.4,-10.6,5.0,13.5,22.1,38.8,24.0,15.1,6.2,-14.3,5.8,25.7,44.6,61.1,75.1,85.4,90.9,90.7,86.3,77.1,63.9,46.9,26.6,5.2,-16.3,-36.6,-37.2,-47.9,-54.2,-55.8,-55.0,-61.8,-66.3,-67.7,-65.3,-57.9,-37.5,-26.7,-16.1,-5.0,7.3,8.3,9.1,5.7,2.9,-22.1,-26.9,-28.7,-27.7,-24.0,-22.2,-34.0,-37.8,-38.8,-37.3,-34.4,-33.3,38.9,24.8,18.1,18.3,15.3,18.9,29.0,41.8,47.5,49.7,50.5,47.9,37.8,27.2,26.1,24.2,29.7,36.3,38.5,39.4,1367.5,1365.7,1365.2,1362.5,1355.8,1346.4,1333.7,1320.6,1318.6,1325.8,1340.1,1352.1,1357.2,1357.4,1356.5,1358.8,1363.6,1340.8,1339.8,1335.6,1331.9,1327.8,1326.5,1333.9,1338.8,1343.5,1346.3,1323.1,1315.8,1308.7,1301.8,1312.6,1310.0,1307.6,1310.3,1313.6,1334.4,1333.1,1333.0,1330.9,1330.5,1331.0,1332.6,1334.3,1335.6,1337.3,1333.7,1332.3,1322.8,1309.5,1303.7,1302.2,1303.1,1310.2,1322.7,1309.3,1301.2,1299.6,1300.8,1307.7,1320.9,1305.5,1304.2,1304.7,1320.1,1305.5,1304.1,1305.5,2.26,-0.1169999999999999,-0.005,-0.153,661.4680000000001,373.265,-45.077,6.44,1.5590000000000002,5.988,-14.137,-14.339,-7.811,8.754,-9.897,-14.274,-15.526,-5.358,3.637,0.0139999999999999,6.607,2.248,-1.4069999999999998,1.388,-3.869,-5.401,-2.139,-1.304,4.474,-3.628,-2.813,2.591,1.32,-1.176,-0.4639999999999999,-0.336,0.6509999999999999,-0.105,0.068,-0.153,1.23,2.3,0.0,0.34,1.38,1.78,1.7,1.84,1.66,0.94,0.7,0.0,0.91,0.0,3.08,1.6,1.33,1.0,1.0,0.0,0.0,1.0,1.0,1.0,1.0,1.0,0.0,1.0,0.0,0.0,0.0,1.0,1.0,0.0,1.0,
72.0,2.369,0.98,0.155868,0.107364,-0.981926,-0.049172,0.155711,-0.986578,0.054,0.133,565.4,567.2,576.6,588.0,594.8,593.9,583.6,572.2,550.6,556.9,565.6,575.8,586.8,596.4,603.8,597.8,588.2,577.4,566.9,557.6,577.0,581.6,585.3,586.0,583.3,578.7,574.9,574.2,701.6,704.4,714.3,725.5,731.4,728.6,718.7,706.9,693.1,699.5,708.1,719.0,729.8,738.8,746.1,740.6,732.3,722.2,711.0,700.6,712.6,717.5,721.7,723.0,720.4,715.5,711.2,710.0,304.9,294.1,287.7,289.5,298.4,310.0,315.6,313.8,311.8,306.0,300.9,297.3,296.6,298.1,301.1,303.9,305.3,307.4,309.8,311.7,307.4,308.1,305.5,301.2,297.6,296.9,299.5,303.8,280.5,270.0,264.5,267.2,276.5,287.0,292.5,290.8,284.6,280.0,276.0,273.2,273.2,274.9,278.4,280.5,281.7,282.7,284.1,285.8,284.2,285.4,283.0,278.5,274.4,273.3,275.7,280.2,-30.9,-30.2,-26.3,-21.5,-18.7,-19.1,-23.3,-28.0,-37.1,-34.4,-30.8,-26.5,-22.0,-18.0,-15.0,-17.5,-21.4,-25.8,-30.2,-34.1,-26.1,-24.2,-22.6,-22.4,-23.5,-25.4,-27.0,-27.2,25.5,26.7,30.8,35.5,37.9,36.7,32.5,27.7,22.0,24.6,28.2,32.7,37.2,41.0,44.1,41.7,38.2,34.0,29.3,25.1,30.1,32.1,33.9,34.4,33.4,31.3,29.6,29.0,-22.8,-27.3,-30.0,-29.2,-25.5,-20.7,-18.4,-19.1,-20.0,-22.4,-24.5,-25.9,-26.2,-25.6,-24.4,-23.2,-22.6,-21.7,-20.7,-20.0,-21.8,-21.5,-22.6,-24.4,-25.8,-26.1,-25.1,-23.3,-33.0,-37.3,-39.7,-38.5,-34.6,-30.2,-27.9,-28.6,-31.3,-33.1,-34.8,-35.9,-36.0,-35.3,-33.9,-33.0,-32.4,-31.9,-31.4,-30.7,-31.4,-30.9,-31.9,-33.8,-35.5,-36.0,-35.0,-33.1,1241.2,1243.1,1244.2,1243.9,1242.4,1240.7,1239.4,1239.7,1245.0,1243.1,1241.3,1240.6,1241.2,1242.4,1243.7,1241.5,1239.5,1238.8,1239.8,1242.2,1241.7,1241.6,1242.1,1242.8,1243.4,1243.5,1243.1,1242.3,1242.9,1244.7,1245.6,1245.1,1243.5,1241.7,1240.7,1241.4,1244.0,1243.0,1242.3,1242.3,1243.6,1245.8,1248.2,1244.9,1242.1,1240.5,1240.5,1241.9,1243.1,1242.9,1243.3,1244.1,1244.8,1245.0,1244.6,1243.8,9.5,6.3,1315.9,-0.12,0.0069999999999999,-0.153,488.9,497.0,509.2,525.5,548.5,580.0,614.1,655.0,696.6,732.6,760.3,782.3,798.8,806.1,805.7,803.6,798.8,511.5,525.0,546.8,572.4,597.7,681.3,706.6,730.2,753.8,771.9,648.5,653.8,659.1,664.6,630.3,648.8,667.5,684.1,699.0,548.9,566.0,586.0,605.7,587.2,567.8,690.3,708.6,729.1,746.7,731.8,711.9,604.3,622.1,648.4,668.6,688.2,717.1,739.7,726.4,702.7,680.5,658.8,629.1,615.2,651.0,671.0,691.2,730.0,696.6,675.8,654.9,327.6,372.6,417.4,459.9,497.2,529.7,555.0,570.0,570.5,559.5,536.3,504.7,466.0,420.5,372.1,323.6,277.9,277.4,253.4,239.1,235.0,236.5,220.9,211.3,208.6,214.4,231.3,275.8,299.9,323.9,349.2,377.2,379.4,381.3,373.5,366.8,311.1,300.3,296.4,298.6,306.9,310.8,284.3,275.6,273.2,276.8,283.1,285.6,449.0,416.7,400.9,401.5,394.5,402.6,425.8,460.4,476.4,481.9,483.6,475.2,446.9,422.0,419.6,415.1,427.7,449.5,454.8,456.8,-68.7,-65.0,-59.4,-51.9,-41.3,-26.9,-11.5,6.6,24.9,40.9,53.7,64.0,71.7,75.0,74.7,73.9,72.0,-57.3,-51.3,-41.5,-30.0,-18.7,18.2,29.5,40.2,50.9,59.1,3.7,6.0,8.3,10.7,-4.3,3.9,12.0,19.2,25.8,-40.5,-32.8,-23.9,-15.2,-23.4,-32.0,22.3,30.5,39.6,47.5,40.7,31.9,-15.7,-7.8,3.7,12.4,20.9,33.6,43.9,37.7,27.2,17.6,8.2,-4.7,-10.9,4.8,13.5,22.2,39.6,24.6,15.6,6.5,-14.7,5.7,26.1,45.3,62.0,76.1,86.7,92.4,92.5,88.1,78.7,65.1,47.8,27.3,5.5,-16.5,-37.2,-36.8,-47.5,-53.7,-55.4,-54.6,-61.4,-66.0,-67.4,-65.1,-57.6,-37.1,-26.3,-15.7,-4.7,7.5,8.5,9.3,5.9,3.0,-21.7,-26.5,-28.2,-27.2,-23.5,-21.8,-33.6,-37.5,-38.6,-37.0,-34.1,-33.0,39.2,24.7,17.8,18.0,15.0,18.6,29.0,43.8,50.5,52.8,53.6,50.2,38.3,27.0,25.9,23.9,29.8,38.9,41.2,42.1,1364.7,1363.3,1363.2,1360.9,1354.5,1345.3,1333.2,1320.4,1318.5,1325.3,1338.8,1349.9,1354.3,1354.2,1352.9,1355.2,1359.6,1338.4,1337.8,1333.8,1330.2,1326.3,1324.7,1331.8,1336.3,1340.7,1343.2,1321.3,1314.2,1307.4,1300.8,1311.3,1308.7,1306.2,1308.9,1312.1,1332.3,1331.1,1331.1,1328.8,1328.6,1329.1,1330.3,1332.0,1333.1,1334.6,1331.2,1329.9,1322.8,1309.0,1302.6,1300.9,1301.8,1309.0,1321.6,1309.0,1301.1,1299.7,1300.9,1308.1,1321.2,1304.6,1303.1,1303.5,1319.5,1305.2,1304.0,1305.4,2.262,-0.103,0.001,-0.154,661.8760000000001,374.694,-52.22,6.267,6.619,6.206,-14.542,-16.949,-6.3020000000000005,9.569,-9.686,-15.903,-15.691,-5.8260000000000005,4.566,0.174,6.169,2.656,-1.399,0.907,-4.242,-4.896,-2.274,-1.235,4.306,-2.814,-2.813,2.323,0.904,-1.3430000000000002,-0.365,-0.3429999999999999,0.42,-0.2319999999999999,-0.006,-0.131,1.19,2.24,0.0,0.32,1.5,1.82,1.75,1.92,1.76,0.84,0.62,0.0,0.99,0.0,3.38,1.45,1.26,1.0,1.0,0.0,0.0,1.0,1.0,1.0,1.0,1.0,0.0,1.0,0.0,0.0,0.0,1.0,1.0,0.0,1.0,
73.0,2.402,0.98,0.163609,0.1125869999999999,-0.98008,-0.045834,0.157345,-0.986479,0.06,0.136,565.3,566.9,576.1,587.4,594.3,593.5,583.5,572.1,549.7,556.1,565.0,575.3,586.3,595.8,603.1,597.5,588.0,577.2,566.6,557.0,576.6,581.2,584.9,585.6,582.8,578.2,574.5,573.8,700.8,703.6,713.9,725.5,731.8,728.9,718.7,706.4,692.6,698.8,707.7,718.7,729.5,738.5,745.7,740.5,732.4,722.4,711.0,700.4,712.2,717.3,721.8,723.1,720.3,715.2,710.7,709.4,306.1,295.1,288.7,290.5,299.5,311.2,316.9,315.1,313.0,307.3,302.2,298.6,297.7,299.0,301.6,304.8,306.5,308.9,311.3,313.1,308.5,309.3,306.6,302.2,298.5,297.8,300.4,304.9,281.1,270.5,265.0,267.7,277.1,287.7,293.3,291.6,285.6,280.8,276.7,273.9,273.8,275.6,279.3,281.4,282.5,283.6,285.0,286.7,285.1,286.4,283.9,279.2,275.1,273.9,276.3,281.0,-30.9,-30.3,-26.5,-21.8,-18.9,-19.2,-23.4,-28.0,-37.5,-34.7,-31.1,-26.8,-22.2,-18.3,-15.3,-17.6,-21.5,-25.9,-30.3,-34.4,-26.2,-24.3,-22.8,-22.5,-23.7,-25.6,-27.2,-27.4,24.6,25.8,30.0,34.8,37.2,36.0,31.8,26.9,21.4,23.9,27.4,31.9,36.3,40.0,43.1,40.8,37.4,33.4,28.7,24.5,29.3,31.3,33.2,33.7,32.6,30.6,28.7,28.2,-22.3,-26.9,-29.6,-28.8,-25.0,-20.2,-17.8,-18.6,-19.5,-21.8,-23.9,-25.4,-25.8,-25.3,-24.2,-22.8,-22.1,-21.1,-20.1,-19.4,-21.3,-21.0,-22.1,-24.0,-25.5,-25.8,-24.7,-22.8,-32.0,-36.4,-38.6,-37.5,-33.6,-29.3,-27.0,-27.7,-30.2,-32.1,-33.8,-34.9,-35.0,-34.3,-32.9,-31.9,-31.4,-30.9,-30.3,-29.7,-30.4,-29.9,-30.9,-32.8,-34.5,-35.0,-34.0,-32.1,1241.2,1242.7,1243.8,1243.8,1242.7,1241.3,1240.0,1240.0,1245.3,1243.2,1241.4,1240.8,1241.5,1242.9,1244.5,1242.2,1240.1,1239.3,1240.1,1242.4,1242.0,1242.0,1242.4,1243.1,1243.5,1243.5,1243.0,1242.4,1216.5,1218.6,1219.8,1219.3,1217.5,1215.4,1214.2,1214.8,1217.4,1216.6,1216.1,1216.3,1217.5,1219.6,1221.8,1218.8,1215.9,1214.1,1214.0,1215.4,1216.7,1216.5,1217.0,1218.0,1218.8,1219.0,1218.5,1217.5,9.4,6.8,1312.8,-0.114,0.009,-0.154,489.1,496.7,508.7,524.8,547.7,579.3,613.7,655.2,697.0,732.7,760.3,782.2,798.9,806.3,805.8,803.8,798.9,511.0,524.2,545.9,571.4,596.7,680.4,706.0,729.9,753.7,772.0,647.3,652.7,658.0,663.5,629.8,648.3,666.7,683.2,698.2,548.1,565.2,585.5,605.4,586.8,567.3,689.7,708.2,728.9,746.7,731.7,711.5,603.8,621.1,647.6,668.2,688.0,717.7,740.4,727.6,703.7,681.2,659.1,628.8,615.0,650.6,670.9,691.3,730.6,696.9,675.8,654.5,328.0,372.5,417.0,459.5,496.9,530.0,556.5,572.7,573.6,562.4,538.4,506.0,467.0,421.3,372.4,323.4,277.3,278.2,254.5,240.4,236.3,237.7,222.2,212.2,209.5,215.3,231.9,277.0,300.9,324.7,349.9,378.6,380.7,382.6,374.8,368.3,312.3,301.6,297.5,299.6,308.0,312.1,285.0,276.4,274.1,277.4,283.9,286.5,450.6,417.6,401.2,401.8,394.5,402.8,426.5,463.0,480.1,485.9,487.7,478.7,448.5,424.0,421.5,416.8,428.6,451.0,456.4,458.3,-68.4,-64.9,-59.5,-52.1,-41.6,-27.2,-11.7,6.7,25.0,40.9,53.6,63.9,71.6,74.9,74.6,73.8,71.8,-57.4,-51.5,-41.7,-30.4,-19.1,17.8,29.2,39.9,50.7,58.9,3.2,5.5,7.8,10.2,-4.4,3.6,11.6,18.8,25.4,-40.7,-33.1,-24.2,-15.3,-23.5,-32.2,22.0,30.2,39.4,47.3,40.6,31.6,-15.9,-8.2,3.3,12.2,20.8,33.8,44.1,38.1,27.6,17.8,8.2,-4.9,-11.0,4.6,13.4,22.2,39.7,24.7,15.5,6.3,-14.5,5.7,25.8,45.0,61.7,76.1,87.1,93.4,93.8,89.3,79.5,65.6,48.2,27.6,5.6,-16.5,-37.4,-36.4,-46.9,-53.0,-54.7,-53.9,-60.7,-65.5,-66.9,-64.5,-57.2,-36.5,-25.8,-15.3,-4.3,8.1,9.0,9.8,6.4,3.6,-21.1,-25.9,-27.7,-26.7,-23.0,-21.2,-33.2,-37.0,-38.1,-36.7,-33.7,-32.5,39.9,25.1,17.8,18.1,14.9,18.6,29.2,44.9,52.0,54.4,55.3,51.6,38.9,27.8,26.6,24.6,30.1,39.5,41.8,42.7,1360.2,1359.3,1359.8,1358.1,1351.8,1342.6,1330.3,1317.9,1316.4,1323.5,1336.6,1347.5,1351.6,1351.2,1349.5,1351.2,1355.0,1335.3,1334.5,1330.5,1327.1,1323.5,1321.5,1328.4,1332.9,1336.9,1339.0,1318.1,1311.2,1304.5,1298.0,1308.3,1305.9,1303.8,1306.4,1309.5,1329.5,1328.3,1328.2,1326.0,1325.8,1326.4,1327.1,1328.6,1329.7,1331.0,1327.8,1326.6,1319.6,1305.4,1298.9,1297.3,1297.9,1305.0,1317.7,1305.8,1298.1,1296.8,1298.0,1305.1,1318.0,1301.5,1299.9,1300.1,1315.6,1302.0,1300.9,1302.3,2.268,-0.0969999999999999,0.003,-0.155,661.585,375.895,-53.385,4.877,6.277,7.089,-16.887,-19.487,-6.87,10.447,-9.398,-17.149,-15.416,-7.301,5.223,0.292,5.824,2.55,-1.917,1.105,-2.734,-5.832000000000001,-2.104,-2.282,4.14,-2.244,-3.3080000000000003,2.38,0.7959999999999999,-1.42,-0.483,-0.416,0.349,-0.122,-0.059,-0.154,1.1,2.22,0.0,0.24,1.58,1.95,1.82,2.06,1.77,0.9,0.58,0.0,1.06,0.0,3.48,1.33,1.26,1.0,1.0,0.0,0.0,1.0,1.0,1.0,1.0,1.0,0.0,1.0,0.0,0.0,0.0,1.0,1.0,0.0,1.0,
74.0,2.436,0.98,0.129315,0.129989,-0.983047,-0.042713,0.159625,-0.986253,0.044,0.146,563.7,565.3,574.5,585.9,592.8,592.1,582.1,570.7,548.0,554.9,564.1,574.6,585.4,595.0,602.4,597.2,588.0,577.2,566.2,555.9,575.2,579.6,583.1,583.7,581.0,576.7,573.2,572.6,699.7,702.7,713.1,724.7,730.8,727.8,717.5,705.2,691.3,697.5,706.3,717.4,728.3,737.5,744.9,739.3,730.9,720.7,709.2,698.8,711.1,716.3,720.8,722.1,719.4,714.3,709.8,708.4,307.4,296.5,290.3,292.2,301.2,312.9,318.4,316.4,314.6,308.7,303.3,299.7,298.9,300.4,303.1,306.1,307.5,309.7,312.3,314.5,309.7,310.5,308.1,304.0,300.5,299.8,302.2,306.3,281.8,271.1,265.5,268.3,277.9,288.6,294.2,292.5,286.5,281.8,277.6,274.9,274.8,276.5,280.0,282.2,283.4,284.5,286.0,287.7,285.9,287.1,284.7,279.9,275.7,274.5,277.0,281.7,-31.3,-30.7,-27.0,-22.3,-19.4,-19.7,-23.7,-28.4,-37.9,-35.0,-31.2,-26.9,-22.4,-18.5,-15.5,-17.6,-21.3,-25.7,-30.3,-34.5,-26.6,-24.8,-23.4,-23.2,-24.3,-26.1,-27.5,-27.7,24.2,25.4,29.7,34.4,36.8,35.5,31.3,26.4,20.8,23.3,26.8,31.3,35.8,39.6,42.7,40.3,36.8,32.6,28.0,23.8,28.8,30.9,32.7,33.3,32.2,30.2,28.3,27.7,-21.6,-26.1,-28.7,-27.9,-24.2,-19.3,-17.1,-17.9,-18.7,-21.1,-23.3,-24.8,-25.1,-24.5,-23.4,-22.1,-21.5,-20.6,-19.5,-18.7,-20.6,-20.3,-21.3,-23.0,-24.5,-24.8,-23.8,-22.1,-31.7,-36.1,-38.4,-37.2,-33.3,-28.9,-26.6,-27.3,-29.8,-31.7,-33.3,-34.5,-34.5,-33.9,-32.5,-31.6,-31.0,-30.5,-29.9,-29.3,-30.0,-29.5,-30.5,-32.5,-34.2,-34.7,-33.7,-31.7,1231.4,1233.2,1234.5,1234.7,1233.5,1231.9,1230.3,1230.2,1234.8,1233.1,1231.7,1231.4,1232.4,1234.0,1235.8,1233.2,1230.8,1229.6,1230.0,1232.1,1232.3,1232.4,1232.9,1233.6,1234.1,1234.0,1233.5,1232.8,1215.0,1217.0,1218.0,1217.5,1215.7,1213.7,1212.7,1213.3,1216.1,1215.2,1214.5,1214.5,1215.6,1217.6,1219.8,1216.8,1214.1,1212.5,1212.6,1214.1,1215.2,1215.0,1215.4,1216.3,1217.1,1217.3,1216.8,1216.0,8.9,7.3,1309.2,-0.109,0.025,-0.155,488.6,496.4,509.0,525.6,548.6,580.2,614.0,654.7,696.3,732.1,760.3,782.5,799.2,806.1,805.5,803.8,799.0,509.7,523.1,544.4,569.5,594.9,678.8,704.7,728.5,752.6,771.3,645.8,651.0,656.2,661.5,628.6,646.9,665.2,681.6,696.7,547.0,564.4,584.7,604.9,586.1,566.3,687.9,706.8,727.7,745.9,730.4,709.9,602.6,619.2,645.8,666.2,685.6,716.1,739.8,726.5,702.2,679.9,657.9,627.4,614.0,649.4,669.5,689.6,729.6,694.8,674.0,653.0,327.6,372.6,418.0,460.9,498.6,531.8,558.1,574.0,574.9,563.6,539.1,506.1,467.1,421.5,373.2,324.6,278.9,279.4,256.0,242.0,237.8,239.0,223.2,213.3,210.6,215.9,231.9,277.9,302.0,326.0,351.4,380.6,382.3,384.0,376.3,369.9,313.6,303.0,298.8,300.6,309.1,313.4,286.0,277.4,275.1,277.9,284.7,287.4,452.7,418.8,401.2,402.0,394.4,403.2,427.6,464.9,482.4,488.4,490.4,481.5,450.4,426.4,423.6,418.9,429.9,450.3,455.7,457.8,-68.6,-65.0,-59.3,-51.7,-41.1,-26.7,-11.5,6.5,24.7,40.5,53.5,63.9,71.6,74.6,74.2,73.5,71.5,-57.9,-51.9,-42.3,-31.1,-19.9,17.0,28.5,39.2,50.0,58.4,2.5,4.8,7.0,9.3,-5.0,3.0,10.9,18.1,24.7,-41.1,-33.4,-24.4,-15.5,-23.8,-32.5,21.1,29.5,38.8,46.8,39.9,30.8,-16.4,-9.0,2.5,11.3,19.7,33.0,43.7,37.5,26.8,17.2,7.7,-5.5,-11.4,4.1,12.7,21.4,39.1,23.7,14.7,5.6,-14.6,5.7,26.2,45.6,62.4,76.8,87.7,93.9,94.1,89.6,79.6,65.5,48.1,27.6,5.9,-15.9,-36.5,-35.8,-46.1,-52.2,-53.9,-53.3,-60.1,-64.7,-66.2,-64.0,-57.0,-36.0,-25.3,-14.7,-3.7,8.9,9.7,10.4,7.1,4.3,-20.5,-25.2,-27.0,-26.2,-22.5,-20.6,-32.6,-36.5,-37.5,-36.3,-33.2,-32.0,40.7,25.5,17.8,18.1,14.8,18.7,29.6,45.5,52.8,55.3,56.3,52.7,39.6,28.7,27.5,25.5,30.6,39.0,41.4,42.3,1358.2,1357.6,1358.4,1356.7,1350.4,1341.0,1328.3,1315.6,1314.1,1320.8,1333.9,1344.6,1348.2,1347.3,1345.0,1346.4,1350.0,1332.4,1331.5,1327.4,1324.0,1320.1,1317.4,1324.3,1328.7,1332.6,1334.3,1314.7,1307.9,1301.3,1294.8,1305.2,1302.9,1300.6,1303.2,1306.2,1326.8,1325.2,1324.9,1322.5,1322.5,1323.3,1323.5,1324.6,1325.5,1326.6,1323.6,1322.7,1316.7,1301.7,1294.7,1292.9,1293.3,1300.1,1313.0,1301.2,1293.8,1292.8,1294.2,1301.7,1314.8,1298.0,1296.2,1296.1,1311.1,1297.4,1296.6,1298.2,2.274,-0.09,0.021,-0.156,660.554,377.026,-50.917,6.103,5.249,8.058,-18.572,-20.911,-6.972,11.581,-10.819,-18.289,-15.286,-6.805,5.937,1.095,5.882999999999999,3.1860000000000004,-1.155,1.34,-1.571,-6.935,-0.889,-4.01,4.996,-1.495,-3.934,2.358,0.727,-1.493,-0.469,-0.419,0.348,-0.066,-0.139,-0.1939999999999999,1.03,2.21,0.0,0.14,1.55,1.92,1.8,2.2,1.73,0.84,0.58,0.0,1.08,0.0,3.47,1.32,1.25,1.0,1.0,0.0,0.0,1.0,1.0,1.0,1.0,1.0,0.0,1.0,0.0,0.0,0.0,1.0,1.0,0.0,1.0,
75.0,2.469,0.98,0.131517,0.124619,-0.98345,-0.045769,0.160079,-0.986043,0.044,0.144,562.7,564.3,573.4,584.6,591.3,590.5,580.7,569.5,547.1,553.9,562.9,573.4,584.1,593.5,600.7,595.4,586.2,575.6,564.9,554.9,573.9,578.3,581.8,582.4,579.8,575.4,571.9,571.3,698.5,701.2,711.3,722.9,729.3,726.6,716.5,704.2,689.6,695.9,704.8,716.0,726.8,735.8,743.0,737.8,729.7,719.8,708.3,697.5,710.0,714.9,719.2,720.3,717.6,712.7,708.4,707.3,309.0,298.2,292.0,294.0,303.1,314.6,320.0,318.0,316.0,310.1,304.9,301.2,300.4,301.9,304.7,307.8,309.3,311.6,314.0,316.0,311.4,312.2,309.8,305.6,302.1,301.4,303.8,307.9,283.2,272.5,266.9,269.7,279.2,290.0,295.6,293.9,287.7,282.9,278.7,275.9,275.8,277.5,281.2,283.4,284.6,285.7,287.2,288.9,287.1,288.2,285.9,281.3,277.3,276.1,278.5,283.0,-32.1,-31.5,-27.8,-23.1,-20.3,-20.6,-24.6,-29.3,-38.7,-35.8,-32.0,-27.7,-23.2,-19.4,-16.4,-18.6,-22.3,-26.7,-31.2,-35.4,-27.5,-25.7,-24.2,-24.0,-25.1,-26.9,-28.3,-28.6,23.7,24.8,29.0,33.7,36.2,35.1,30.9,26.0,20.1,22.7,26.2,30.8,35.2,38.9,41.9,39.7,36.3,32.3,27.6,23.3,28.4,30.3,32.1,32.6,31.5,29.5,27.8,27.3,-21.2,-25.7,-28.3,-27.5,-23.7,-18.9,-16.6,-17.4,-18.3,-20.8,-22.9,-24.4,-24.8,-24.2,-23.1,-21.7,-21.0,-20.1,-19.1,-18.3,-20.2,-19.9,-20.9,-22.6,-24.1,-24.4,-23.4,-21.7,-31.1,-35.5,-37.8,-36.7,-32.7,-28.4,-26.1,-26.7,-29.3,-31.2,-32.9,-34.0,-34.1,-33.5,-32.1,-31.1,-30.5,-30.0,-29.4,-28.8,-29.6,-29.1,-30.0,-31.9,-33.6,-34.1,-33.1,-31.2,1247.0,1248.7,1250.0,1250.1,1249.0,1247.5,1246.0,1245.9,1250.5,1248.6,1247.1,1246.7,1247.7,1249.4,1251.2,1248.6,1246.2,1245.1,1245.6,1247.6,1248.0,1248.0,1248.5,1249.2,1249.6,1249.6,1249.0,1248.4,1215.0,1217.1,1218.3,1218.0,1216.4,1214.4,1213.1,1213.5,1215.9,1215.1,1214.6,1214.8,1216.1,1218.4,1220.8,1217.6,1214.7,1212.9,1212.7,1214.0,1215.5,1215.4,1215.9,1216.8,1217.5,1217.6,1217.1,1216.2,8.6,7.8,1316.6,-0.108,0.027,-0.16,488.5,496.6,509.2,525.6,548.4,579.4,612.9,653.3,694.9,731.1,759.8,782.4,799.1,806.0,805.3,803.2,798.5,508.6,521.9,543.3,568.4,593.4,676.8,702.8,726.7,750.7,769.4,644.0,649.1,654.1,659.3,626.6,645.1,663.5,680.2,695.5,546.2,563.1,583.3,603.1,584.6,565.1,687.1,705.4,726.1,744.1,728.9,708.7,602.9,619.5,645.3,665.8,685.6,715.2,738.7,725.7,702.0,679.6,657.6,627.9,613.9,648.7,668.8,689.3,728.7,695.1,674.0,652.9,330.4,375.4,420.3,462.9,500.0,532.2,557.2,572.1,572.3,561.2,537.6,505.9,467.3,421.9,373.7,325.4,280.0,280.7,257.3,243.5,239.3,240.6,224.6,214.7,211.7,216.9,232.8,280.2,304.4,328.4,353.6,382.3,384.2,385.8,377.7,370.9,315.3,304.3,300.2,302.5,310.9,315.1,287.5,278.5,276.0,279.2,285.8,288.6,454.0,421.3,404.8,405.2,397.6,405.3,428.1,463.2,480.3,486.5,488.7,480.7,451.8,427.3,424.4,419.4,430.4,451.7,457.4,459.7,-69.0,-65.2,-59.5,-52.0,-41.4,-27.2,-12.1,5.8,24.2,40.3,53.5,64.1,71.8,74.9,74.5,73.7,71.7,-58.7,-52.7,-43.0,-31.7,-20.6,16.2,27.8,38.6,49.4,57.9,1.8,4.0,6.2,8.4,-5.9,2.2,10.3,17.5,24.3,-41.7,-34.1,-25.2,-16.3,-24.5,-33.2,20.9,29.0,38.2,46.3,39.4,30.4,-16.4,-8.9,2.3,11.2,19.8,32.8,43.5,37.4,26.9,17.2,7.7,-5.3,-11.5,3.8,12.5,21.4,39.0,24.0,14.8,5.6,-13.5,7.0,27.4,46.8,63.4,77.3,87.7,93.5,93.4,89.0,79.3,65.7,48.4,27.9,6.2,-15.6,-36.2,-35.4,-45.8,-51.8,-53.5,-52.8,-59.8,-64.5,-66.0,-63.9,-56.9,-35.2,-24.4,-13.8,-2.8,9.7,10.6,11.3,7.7,4.8,-19.9,-24.7,-26.6,-25.5,-21.8,-19.9,-32.2,-36.2,-37.3,-35.9,-32.9,-31.6,41.5,26.8,19.5,19.6,16.3,19.8,30.0,45.0,52.2,54.8,55.9,52.7,40.5,29.3,28.0,25.8,30.9,39.9,42.4,43.4,1365.9,1364.9,1365.2,1363.4,1357.2,1347.8,1335.2,1322.2,1320.1,1326.9,1340.0,1350.9,1354.8,1354.2,1352.2,1354.0,1358.1,1340.4,1339.1,1334.7,1330.9,1326.8,1324.1,1330.9,1335.3,1339.3,1341.4,1321.8,1315.0,1308.3,1301.9,1312.5,1309.9,1307.5,1310.0,1313.1,1334.1,1332.5,1332.1,1330.0,1330.0,1330.7,1330.3,1331.5,1332.4,1333.8,1330.6,1329.6,1324.0,1309.6,1303.1,1301.2,1301.8,1308.7,1321.2,1309.3,1301.7,1300.5,1301.9,1309.2,1322.3,1305.6,1303.9,1303.9,1319.1,1305.4,1304.5,1306.1,2.261,-0.089,0.023,-0.161,659.6560000000001,378.044,-51.562,4.502,4.836,5.997999999999999,-15.666,-18.142,-6.949,11.451,-9.85,-16.032,-15.488,-6.531000000000001,4.884,0.787,6.017,3.06,-1.682,-0.087,-2.469,-5.902,-0.292,-2.09,3.363,-2.555,-2.789,2.662,0.718,-1.296,-0.374,-0.401,0.505,-0.181,-0.073,-0.14,1.07,2.28,0.0,0.17,1.46,1.88,1.66,2.25,1.74,0.84,0.69,0.0,1.01,0.0,3.32,1.21,1.28,1.0,1.0,0.0,0.0,1.0,1.0,1.0,1.0,1.0,0.0,1.0,0.0,0.0,0.0,1.0,1.0,0.0,1.0,
76.0,2.503,0.98,0.1269559999999999,0.104906,-0.986345,-0.071637,0.145198,-0.986806,0.0279999999999999,0.126,561.2,562.9,571.9,583.0,589.7,588.9,579.0,567.9,546.2,552.6,561.3,571.5,582.3,591.6,598.8,593.0,583.8,573.3,563.0,553.5,572.5,576.8,580.3,580.9,578.3,574.0,570.5,569.9,697.1,699.7,709.7,721.1,727.4,724.8,714.8,702.7,688.6,694.6,703.2,714.3,725.4,734.4,741.7,736.5,728.3,718.4,707.0,696.4,708.5,713.3,717.5,718.6,716.0,711.1,706.9,705.8,311.6,300.9,294.7,296.5,305.4,316.8,322.3,320.4,318.3,312.3,307.2,303.5,302.9,304.6,307.8,310.8,312.3,314.4,316.6,318.4,313.9,314.6,312.2,308.1,304.7,304.0,306.4,310.5,285.4,274.8,269.2,271.8,281.2,291.8,297.4,295.9,290.2,285.3,280.9,277.9,277.7,279.4,283.1,285.3,286.6,287.8,289.4,291.2,289.1,290.2,287.8,283.3,279.4,278.3,280.6,285.1,-33.1,-32.5,-28.7,-24.0,-21.2,-21.5,-25.6,-30.3,-39.6,-36.8,-33.1,-28.8,-24.3,-20.4,-17.4,-19.8,-23.6,-28.0,-32.4,-36.4,-28.4,-26.6,-25.1,-24.9,-26.0,-27.8,-29.3,-29.5,23.3,24.4,28.4,33.1,35.6,34.5,30.4,25.5,19.8,22.2,25.7,30.3,34.8,38.6,41.6,39.4,35.9,31.9,27.2,22.9,27.9,29.9,31.6,32.1,31.0,29.0,27.3,26.8,-20.4,-24.9,-27.5,-26.7,-23.0,-18.2,-15.9,-16.6,-17.6,-20.1,-22.2,-23.7,-24.0,-23.3,-22.0,-20.7,-20.0,-19.1,-18.2,-17.5,-19.4,-19.1,-20.1,-21.9,-23.3,-23.6,-22.6,-20.8,-30.4,-34.7,-37.1,-36.0,-32.1,-27.8,-25.4,-26.1,-28.5,-30.4,-32.2,-33.4,-33.5,-32.9,-31.4,-30.5,-29.9,-29.4,-28.7,-28.0,-28.9,-28.4,-29.4,-31.3,-32.9,-33.4,-32.4,-30.5,1261.8,1263.6,1264.8,1264.7,1263.4,1261.8,1260.4,1260.5,1265.4,1263.4,1261.7,1261.1,1261.8,1263.3,1264.8,1262.4,1260.3,1259.5,1260.3,1262.5,1262.6,1262.5,1263.0,1263.7,1264.2,1264.2,1263.8,1263.1,1221.6,1223.6,1224.7,1224.3,1222.6,1220.6,1219.5,1220.0,1222.5,1221.6,1221.0,1221.1,1222.5,1224.7,1227.1,1223.9,1221.0,1219.2,1219.1,1220.5,1222.0,1221.8,1222.3,1223.1,1223.8,1224.0,1223.5,1222.7,7.9,8.1,1331.7,-0.119,0.048,-0.162,488.5,497.0,509.7,525.9,548.5,579.2,611.9,651.4,692.5,729.1,758.8,782.2,799.2,806.1,805.0,802.7,798.2,507.2,520.5,542.0,567.0,591.9,674.5,700.6,724.8,749.0,768.1,642.2,647.1,651.9,656.8,623.9,642.7,661.4,678.5,694.1,545.0,561.5,581.6,600.9,582.7,563.3,686.2,703.8,724.5,742.5,727.4,707.5,601.0,618.4,642.9,663.5,683.9,713.0,737.5,721.9,697.7,674.9,653.1,625.4,611.6,646.0,666.4,687.4,727.3,691.8,670.3,649.2,333.9,378.2,422.1,463.8,499.7,530.2,553.1,565.9,564.8,554.3,532.9,504.0,466.8,422.5,374.9,327.3,282.6,284.0,260.1,246.2,242.1,243.4,227.1,216.9,213.6,218.6,235.0,283.0,307.4,331.7,357.1,385.2,387.0,388.5,380.2,373.1,318.0,306.6,302.6,305.4,313.9,318.0,289.9,280.4,277.5,281.3,288.0,291.0,455.1,424.4,409.4,409.5,401.9,408.6,429.2,457.4,471.3,477.2,479.6,474.6,452.8,429.6,426.7,421.3,431.0,446.6,452.3,454.8,-70.0,-65.9,-60.1,-52.5,-41.9,-27.6,-12.6,5.1,23.3,39.8,53.5,64.7,72.6,75.8,75.2,74.2,72.4,-60.1,-54.0,-44.2,-32.8,-21.5,15.4,27.2,38.2,49.2,57.9,1.0,3.1,5.2,7.4,-7.1,1.2,9.4,17.0,23.9,-42.8,-35.3,-26.2,-17.5,-25.7,-34.4,20.7,28.7,38.0,46.1,39.2,30.2,-17.4,-9.5,1.3,10.3,19.3,32.2,43.5,36.1,25.3,15.3,5.7,-6.4,-12.6,2.6,11.6,20.8,38.9,22.8,13.3,4.0,-12.0,8.4,28.6,47.7,63.9,77.3,86.9,91.7,90.9,86.7,78.0,65.5,48.7,28.5,6.8,-14.9,-35.4,-34.4,-45.1,-51.3,-52.9,-52.2,-59.3,-64.2,-65.9,-63.8,-56.5,-34.3,-23.3,-12.5,-1.3,11.2,11.9,12.6,8.9,5.8,-18.9,-24.0,-25.8,-24.5,-20.7,-18.9,-31.4,-35.7,-37.0,-35.4,-32.3,-30.9,42.5,28.5,21.7,21.7,18.4,21.5,30.8,43.0,48.8,51.3,52.5,50.6,41.4,30.6,29.3,27.0,31.6,38.1,40.6,41.7,1385.3,1383.4,1382.8,1380.2,1373.1,1362.7,1349.2,1335.2,1332.1,1338.8,1352.5,1364.3,1368.8,1368.5,1366.9,1368.9,1373.6,1357.8,1356.1,1351.4,1347.2,1342.7,1339.2,1345.7,1349.7,1353.7,1356.1,1337.3,1330.5,1323.7,1317.3,1328.6,1325.6,1322.6,1324.9,1327.8,1350.7,1348.9,1348.3,1346.1,1346.1,1347.0,1345.3,1346.6,1347.4,1348.7,1345.5,1344.5,1339.7,1325.8,1319.6,1317.6,1318.0,1324.9,1337.1,1323.8,1315.3,1314.0,1315.8,1323.9,1337.7,1321.1,1319.3,1319.4,1334.5,1319.6,1318.7,1320.6,2.235,-0.1,0.046,-0.162,657.944,378.582,-46.625,4.249,0.308,0.051,-12.44,-10.962,-9.937,11.786,-10.083,-13.405,-17.402,-5.28,2.883,1.331,5.059,4.291,-1.668,-0.3939999999999999,-2.525,-5.61,-1.278,-0.846,3.069,-4.174,-1.847,2.455,0.998,-0.826,-0.314,-0.246,0.687,-0.287,-0.022,-0.074,1.03,2.24,0.0,0.1,1.36,1.87,1.47,2.23,1.79,0.9,0.82,0.0,1.06,0.0,3.07,0.89,1.26,1.0,1.0,0.0,0.0,1.0,1.0,1.0,1.0,1.0,0.0,1.0,0.0,0.0,0.0,1.0,1.0,0.0,1.0,
77.0,2.536,0.98,0.136918,0.114176,-0.98398,-0.084232,0.158103,-0.983823,0.027,0.1369999999999999,559.8,561.6,570.6,581.6,588.2,587.3,577.4,566.4,544.4,551.0,559.7,569.7,580.3,589.6,596.8,591.1,581.9,571.6,561.3,551.8,570.9,575.3,578.8,579.5,576.9,572.6,569.0,568.3,695.1,697.5,707.3,718.8,725.3,723.0,713.2,701.0,686.7,692.6,701.1,712.2,723.1,732.1,739.4,734.3,726.3,716.6,705.2,694.6,706.7,711.4,715.4,716.4,713.7,709.0,705.0,704.0,313.4,303.0,297.1,299.0,307.8,319.0,324.1,322.2,320.2,314.3,309.2,305.7,305.2,307.0,310.1,313.2,314.5,316.5,318.6,320.3,316.0,316.8,314.4,310.3,306.9,306.1,308.5,312.6,287.7,277.1,271.4,273.8,282.9,293.5,299.3,298.0,292.7,287.6,283.0,279.8,279.5,281.1,284.8,287.1,288.4,289.8,291.5,293.6,291.0,292.0,289.7,285.3,281.6,280.6,282.9,287.3,-33.9,-33.2,-29.4,-24.7,-21.9,-22.3,-26.4,-31.1,-40.5,-37.7,-34.0,-29.7,-25.2,-21.3,-18.3,-20.7,-24.5,-28.9,-33.2,-37.3,-29.2,-27.4,-25.9,-25.6,-26.7,-28.6,-30.1,-30.3,22.5,23.5,27.5,32.2,34.8,33.8,29.8,24.8,19.0,21.4,24.9,29.4,33.9,37.6,40.7,38.5,35.2,31.2,26.5,22.2,27.2,29.1,30.8,31.2,30.1,28.2,26.5,26.1,-19.7,-24.1,-26.7,-25.8,-22.1,-17.4,-15.1,-16.0,-16.9,-19.3,-21.5,-23.0,-23.2,-22.5,-21.1,-19.8,-19.2,-18.3,-17.5,-16.8,-18.6,-18.3,-19.3,-21.0,-22.5,-22.8,-21.8,-20.1,-29.5,-33.8,-36.2,-35.2,-31.4,-27.1,-24.7,-25.2,-27.5,-29.5,-31.4,-32.7,-32.8,-32.2,-30.8,-29.8,-29.2,-28.6,-27.8,-27.0,-28.1,-27.7,-28.7,-30.5,-32.0,-32.4,-31.5,-29.7,1268.3,1270.3,1271.5,1271.4,1270.0,1268.3,1266.8,1266.9,1272.0,1270.0,1268.3,1267.7,1268.4,1269.8,1271.3,1268.9,1266.8,1265.9,1266.8,1269.0,1269.0,1269.0,1269.5,1270.3,1270.8,1270.9,1270.4,1269.6,1222.5,1224.6,1225.8,1225.5,1223.7,1221.6,1220.4,1220.8,1223.1,1222.3,1221.8,1222.0,1223.4,1225.7,1228.1,1224.8,1221.9,1220.0,1219.8,1221.1,1222.9,1222.8,1223.3,1224.1,1224.8,1225.0,1224.5,1223.6,7.2,8.9,1342.1,-0.078,0.0559999999999999,-0.165,488.3,497.2,509.8,525.8,548.0,578.0,610.3,648.6,689.8,727.0,757.4,781.6,798.8,805.8,804.5,802.0,797.9,505.6,518.8,539.7,564.6,589.2,672.3,698.6,723.1,747.2,766.2,640.1,644.5,648.9,653.5,620.8,639.7,658.6,676.0,691.8,543.6,559.8,579.7,598.7,580.7,561.5,684.6,701.7,722.2,740.4,725.3,705.5,598.2,616.9,641.8,661.7,681.8,711.2,737.2,720.2,695.4,673.0,652.0,623.8,608.2,644.5,664.2,684.8,727.4,690.5,669.3,648.8,334.8,379.3,422.7,463.8,499.0,528.4,549.6,561.6,560.1,549.6,529.4,502.0,465.6,422.2,375.8,329.3,285.4,286.6,262.7,248.8,244.3,245.4,229.2,219.1,215.9,221.0,237.2,286.0,311.0,335.5,361.2,387.6,389.7,391.3,382.5,374.6,320.2,308.5,304.6,308.2,316.3,320.1,292.5,282.2,279.1,283.3,289.8,293.1,455.2,428.1,414.8,414.4,407.1,411.6,428.3,458.0,472.8,478.9,481.4,476.1,453.7,430.8,428.1,422.5,430.8,452.3,458.2,460.6,-70.7,-66.4,-60.5,-53.0,-42.5,-28.4,-13.5,3.9,22.3,39.1,53.4,64.9,73.0,76.2,75.5,74.4,72.8,-61.2,-55.1,-45.4,-34.1,-22.8,14.5,26.4,37.5,48.6,57.3,0.0,2.0,3.9,5.9,-8.5,-0.1,8.3,16.0,23.1,-43.7,-36.3,-27.3,-18.6,-26.8,-35.5,20.1,27.8,37.1,45.4,38.4,29.5,-18.9,-10.3,0.8,9.6,18.5,31.7,43.7,35.7,24.5,14.6,5.3,-7.2,-14.3,2.0,10.7,19.9,39.3,22.4,13.0,3.9,-11.7,9.0,29.1,48.1,64.2,77.2,86.0,90.5,89.6,85.3,77.0,65.1,48.5,28.6,7.2,-14.1,-34.4,-33.5,-44.3,-50.4,-52.2,-51.5,-58.6,-63.5,-65.1,-63.0,-55.8,-33.2,-21.9,-10.9,0.5,12.3,13.2,13.9,10.0,6.5,-18.0,-23.3,-25.1,-23.4,-19.7,-18.0,-30.4,-35.1,-36.5,-34.6,-31.6,-30.2,43.0,30.4,24.3,24.1,20.9,23.0,30.7,43.6,49.9,52.6,53.7,51.7,42.2,31.4,30.2,27.7,31.8,40.9,43.5,44.7,1397.1,1394.8,1393.6,1390.9,1384.7,1375.0,1361.7,1347.2,1343.3,1349.5,1363.5,1375.1,1379.1,1378.1,1376.1,1378.4,1383.6,1367.3,1364.7,1359.4,1354.0,1348.3,1344.6,1351.3,1355.5,1359.6,1362.8,1344.3,1337.8,1331.1,1324.8,1337.5,1334.1,1330.8,1332.8,1335.7,1359.6,1357.5,1356.7,1354.7,1354.7,1355.8,1352.3,1353.8,1354.5,1356.0,1352.6,1351.7,1353.2,1338.5,1331.2,1329.0,1329.4,1337.1,1350.2,1336.1,1326.8,1325.8,1327.6,1336.8,1351.4,1332.2,1330.3,1330.3,1347.6,1331.1,1330.3,1332.5,2.219,-0.059,0.057,-0.166,656.2489999999999,380.141,-44.648,3.208,5.959,-3.803,-5.915,-7.222,-10.221,12.677,-8.859,-8.988,-18.27,-4.664,2.309,-0.903,3.938,4.803,-0.03,-1.296,-4.89,-3.494,0.513,1.46,1.736,-4.578,-1.065,2.809,1.0590000000000002,-0.631,-0.311,-0.1669999999999999,0.9,-0.441,0.096,0.047,1.08,2.25,0.0,0.09,1.28,1.77,1.34,2.3,1.83,0.95,0.94,0.0,0.97,0.0,2.71,0.46,1.3,1.0,1.0,0.0,0.0,1.0,1.0,1.0,1.0,1.0,0.0,1.0,0.0,0.0,0.0,1.0,1.0,0.0,1.0,
78.0,2.569,0.98,0.140034,0.128639,-0.981755,-0.091945,0.171683,-0.980852,0.024,0.152,558.2,560.0,569.0,579.9,586.3,585.3,575.5,564.6,543.4,549.4,557.6,567.4,578.0,587.4,594.9,588.8,579.5,569.2,559.2,550.2,569.3,573.6,577.1,577.7,575.2,571.0,567.5,566.8,693.2,695.6,705.4,716.9,723.3,720.9,711.1,699.0,684.7,690.6,699.1,710.1,721.1,730.1,737.5,732.3,724.2,714.4,703.1,692.6,704.7,709.4,713.4,714.4,711.8,707.1,703.1,702.1,315.8,305.2,299.0,300.8,309.6,321.0,326.5,324.6,322.3,316.5,311.4,307.8,307.1,308.8,311.9,315.0,316.7,318.8,320.9,322.5,318.1,318.8,316.4,312.2,308.8,308.1,310.5,314.7,289.4,278.8,273.0,275.5,284.7,295.3,301.1,299.7,294.4,289.3,284.8,281.6,281.2,282.7,286.3,288.7,290.1,291.6,293.3,295.3,292.7,293.7,291.4,287.1,283.3,282.3,284.6,288.9,-35.0,-34.2,-30.4,-25.7,-23.0,-23.4,-27.5,-32.2,-41.4,-38.8,-35.2,-31.0,-26.5,-22.5,-19.3,-21.9,-25.8,-30.2,-34.5,-38.4,-30.2,-28.4,-26.9,-26.6,-27.7,-29.5,-31.0,-31.3,21.8,22.8,26.8,31.5,34.1,33.1,29.0,24.1,18.3,20.7,24.2,28.7,33.2,37.0,40.0,37.8,34.4,30.4,25.8,21.5,26.5,28.4,30.0,30.4,29.4,27.5,25.9,25.4,-18.9,-23.4,-26.1,-25.3,-21.5,-16.7,-14.3,-15.1,-16.2,-18.6,-20.8,-22.3,-22.6,-21.9,-20.6,-19.2,-18.5,-17.6,-16.7,-16.0,-17.9,-17.6,-18.7,-20.4,-21.9,-22.2,-21.2,-19.4,-28.9,-33.3,-35.7,-34.7,-30.8,-26.4,-24.0,-24.6,-26.8,-28.9,-30.7,-32.1,-32.2,-31.7,-30.3,-29.2,-28.6,-27.9,-27.2,-26.4,-27.5,-27.1,-28.1,-29.9,-31.4,-31.8,-30.9,-29.1,1282.2,1283.7,1284.6,1284.3,1283.0,1281.6,1280.5,1280.8,1286.5,1284.1,1282.1,1281.1,1281.5,1282.7,1284.1,1281.9,1280.1,1279.6,1280.8,1283.3,1282.7,1282.6,1283.0,1283.6,1284.1,1284.2,1283.8,1283.2,1227.0,1229.0,1230.1,1229.7,1228.0,1226.0,1224.9,1225.4,1227.7,1226.8,1226.2,1226.4,1227.7,1229.9,1232.3,1229.1,1226.2,1224.4,1224.3,1225.7,1227.4,1227.2,1227.7,1228.5,1229.2,1229.3,1228.9,1228.1,6.3,9.4,1347.7,-0.06,0.067,-0.1669999999999999,488.3,497.1,509.5,525.2,547.1,576.7,608.4,645.7,686.6,724.2,755.5,780.7,798.4,805.6,804.3,801.9,797.9,504.2,516.9,537.7,562.5,587.1,669.4,696.2,721.0,745.4,764.5,637.7,641.8,645.9,650.2,618.2,637.0,655.9,673.3,689.2,541.9,557.9,577.6,596.5,578.7,559.6,682.7,699.7,720.2,738.5,723.1,703.5,597.3,615.6,639.5,659.3,679.5,708.4,734.5,716.8,692.2,669.8,649.0,622.1,607.1,642.3,661.9,682.6,724.6,687.4,666.2,646.0,335.1,379.3,422.4,463.2,498.2,526.9,547.2,558.8,557.1,546.4,526.1,499.1,463.4,420.9,375.3,329.4,285.9,288.8,265.1,251.2,246.8,247.9,231.6,221.3,217.7,222.6,238.8,288.7,313.8,338.5,364.2,390.2,392.3,394.0,385.1,377.1,322.1,310.6,306.6,310.3,318.4,322.2,294.3,283.9,280.8,284.9,291.5,294.9,456.3,430.6,417.8,417.6,410.1,414.2,429.4,456.7,471.0,477.2,479.6,475.1,454.7,433.8,431.1,425.5,431.8,450.6,456.6,459.1,-71.0,-66.8,-61.0,-53.5,-43.1,-29.2,-14.4,2.6,21.0,38.1,52.7,64.8,73.2,76.4,75.7,74.7,73.2,-62.2,-56.2,-46.5,-35.1,-23.9,13.2,25.4,36.7,47.9,56.7,-1.0,0.8,2.6,4.5,-9.7,-1.3,7.1,14.9,22.0,-44.7,-37.3,-28.3,-19.7,-27.8,-36.5,19.3,27.0,36.3,44.7,37.6,28.7,-19.3,-10.9,-0.2,8.6,17.6,30.6,42.7,34.3,23.2,13.2,4.0,-8.0,-14.9,1.0,9.7,19.0,38.2,21.1,11.7,2.7,-11.7,9.0,29.1,48.1,64.2,77.0,85.4,89.8,88.7,84.3,75.9,64.1,47.8,28.1,7.0,-14.1,-34.3,-32.6,-43.4,-49.5,-51.3,-50.6,-57.7,-62.6,-64.5,-62.4,-55.2,-32.1,-20.7,-9.6,1.8,13.5,14.4,15.1,11.2,7.7,-17.2,-22.4,-24.2,-22.5,-18.9,-17.1,-29.7,-34.4,-35.9,-34.1,-31.0,-29.4,43.6,31.6,25.7,25.6,22.3,24.2,31.4,43.3,49.3,52.0,53.2,51.5,42.8,32.9,31.7,29.2,32.4,40.4,43.0,44.2,1404.0,1402.0,1401.2,1399.0,1393.0,1383.3,1369.4,1354.6,1350.2,1356.3,1370.2,1381.8,1385.9,1384.8,1382.7,1384.5,1389.5,1373.8,1370.6,1364.8,1359.0,1353.0,1348.7,1355.2,1359.3,1363.5,1366.9,1349.2,1342.8,1336.2,1330.1,1343.4,1339.9,1336.5,1338.3,1340.9,1365.7,1363.1,1362.0,1360.0,1360.2,1361.4,1357.0,1358.2,1358.8,1360.5,1357.1,1356.3,1358.9,1344.2,1336.9,1334.6,1334.8,1342.4,1355.4,1341.6,1332.5,1331.6,1333.6,1342.8,1356.9,1338.0,1336.0,1335.9,1352.7,1336.5,1335.9,1338.2,2.21,-0.0409999999999999,0.069,-0.168,654.254,381.023,-38.006,2.088,2.779,-5.206,-5.097,-6.202000000000001,-11.107,12.187,-9.241,-7.709,-17.868,-3.912,3.324,-0.474,3.973,5.1610000000000005,-0.696,-1.966,-4.662,-3.957,0.994,1.497,1.7180000000000002,-4.81,-0.667,2.659,1.011,-0.637,-0.288,-0.208,0.884,-0.4579999999999999,0.08,0.119,1.06,2.25,0.0,0.06,1.24,1.72,1.25,2.22,1.83,1.18,0.88,0.0,0.93,0.0,2.42,0.36,1.32,1.0,1.0,0.0,0.0,1.0,0.0,1.0,1.0,1.0,0.0,1.0,0.0,0.0,0.0,1.0,1.0,0.0,1.0,
79.0,2.603,0.98,0.135289,0.146073,-0.979979,-0.0908419999999999,0.178542,-0.97973,0.023,0.1639999999999999,556.2,558.0,566.9,577.7,584.1,583.1,573.4,562.6,541.3,547.4,555.5,565.1,575.6,585.1,592.6,586.7,577.4,567.2,557.2,548.1,567.3,571.4,574.8,575.5,573.0,568.9,565.5,564.8,691.3,693.6,703.4,714.8,721.2,718.9,709.2,697.1,682.5,688.5,697.1,707.9,718.8,727.8,735.2,729.9,721.8,712.0,700.7,690.3,702.8,707.4,711.3,712.2,709.7,705.1,701.2,700.2,318.0,307.4,301.2,303.0,311.8,323.0,328.5,326.7,324.1,318.5,313.4,310.0,309.2,310.7,313.6,316.8,318.5,320.7,322.9,324.5,320.1,320.8,318.4,314.3,311.0,310.3,312.7,316.8,291.2,280.6,274.8,277.3,286.5,297.1,302.9,301.5,296.5,291.3,286.7,283.4,283.0,284.5,288.0,290.4,291.9,293.4,295.2,297.3,294.4,295.4,293.1,288.9,285.2,284.2,286.5,290.7,-36.2,-35.4,-31.6,-26.9,-24.1,-24.5,-28.7,-33.4,-42.7,-40.0,-36.4,-32.3,-27.8,-23.7,-20.5,-23.0,-26.9,-31.3,-35.7,-39.7,-31.4,-29.6,-28.1,-27.9,-28.9,-30.7,-32.2,-32.5,21.1,22.0,26.1,30.8,33.4,32.4,28.4,23.4,17.5,19.9,23.4,27.9,32.4,36.1,39.2,37.0,33.6,29.5,24.9,20.6,25.8,27.7,29.3,29.7,28.7,26.8,25.2,24.8,-18.1,-22.7,-25.4,-24.6,-20.8,-15.9,-13.6,-14.4,-15.5,-17.9,-20.1,-21.6,-21.9,-21.3,-20.1,-18.6,-17.9,-16.9,-16.0,-15.3,-17.2,-16.9,-18.0,-19.7,-21.2,-21.5,-20.4,-18.7,-28.2,-32.6,-35.1,-34.0,-30.2,-25.8,-23.4,-24.0,-26.1,-28.2,-30.1,-31.4,-31.6,-31.1,-29.7,-28.6,-28.0,-27.3,-26.5,-25.7,-26.9,-26.5,-27.5,-29.2,-30.8,-31.2,-30.2,-28.5,1294.1,1295.6,1296.4,1296.2,1294.9,1293.6,1292.5,1292.8,1298.5,1296.2,1294.1,1293.1,1293.5,1294.7,1296.1,1293.9,1292.1,1291.6,1292.7,1295.3,1294.6,1294.5,1294.9,1295.5,1295.9,1296.0,1295.7,1295.1,1231.5,1233.5,1234.7,1234.4,1232.7,1230.7,1229.5,1229.9,1232.2,1231.3,1230.7,1230.9,1232.3,1234.5,1237.0,1233.7,1230.8,1229.0,1228.9,1230.2,1232.0,1231.8,1232.3,1233.1,1233.8,1233.9,1233.4,1232.6,5.3,9.9,1352.5,-0.045,0.078,-0.1689999999999999,488.5,497.3,509.5,524.9,546.2,574.8,605.6,641.6,682.2,720.5,753.0,779.5,797.8,805.0,803.8,801.4,797.9,502.3,514.8,535.4,559.8,584.3,666.8,694.0,719.1,743.6,762.9,635.1,638.9,642.7,646.6,615.3,633.9,652.7,670.3,686.2,539.9,555.8,575.3,594.2,576.4,557.5,680.5,697.5,717.8,736.4,720.7,701.1,595.9,614.3,637.6,656.8,676.5,705.0,731.4,712.8,688.5,666.6,646.4,620.4,605.5,640.4,659.4,679.7,721.6,684.0,663.2,643.6,335.6,379.8,422.9,463.6,498.3,526.2,545.1,556.1,554.2,543.7,523.6,497.2,462.1,420.0,375.2,330.2,287.4,290.5,267.2,253.5,249.1,250.0,233.7,223.7,219.9,224.5,240.3,291.2,316.6,341.4,367.2,392.6,394.8,396.5,387.5,379.3,323.9,312.6,308.6,312.3,320.2,324.1,296.2,285.9,282.7,286.6,293.3,296.7,457.1,433.1,420.9,420.7,413.2,416.7,430.0,455.7,469.5,475.8,478.3,474.4,455.6,436.3,433.7,428.0,432.6,449.8,455.7,458.2,-71.2,-67.0,-61.2,-53.9,-43.8,-30.2,-15.8,0.7,19.1,36.5,51.8,64.5,73.2,76.5,75.8,74.8,73.4,-63.4,-57.4,-47.8,-36.4,-25.2,12.1,24.5,35.9,47.2,56.2,-2.2,-0.5,1.2,3.0,-11.1,-2.7,5.7,13.6,20.7,-45.7,-38.4,-29.5,-20.8,-28.9,-37.6,18.4,26.1,35.3,43.8,36.6,27.7,-20.0,-11.6,-1.1,7.5,16.3,29.2,41.4,32.7,21.6,11.8,2.9,-8.8,-15.7,0.2,8.7,17.8,36.9,19.6,10.3,1.6,-11.5,9.3,29.5,48.6,64.5,77.0,84.9,89.0,87.8,83.4,75.0,63.4,47.3,27.8,7.0,-13.8,-33.8,-32.0,-42.6,-48.6,-50.4,-49.8,-56.9,-61.7,-63.6,-61.7,-54.7,-31.0,-19.5,-8.3,3.2,14.6,15.6,16.3,12.3,8.7,-16.5,-21.6,-23.4,-21.7,-18.1,-16.3,-28.9,-33.7,-35.1,-33.4,-30.3,-28.7,44.2,32.9,27.2,27.1,23.8,25.5,31.8,42.9,48.8,51.6,52.8,51.4,43.4,34.2,32.9,30.4,32.8,40.1,42.8,44.0,1410.2,1408.3,1407.6,1405.7,1400.2,1390.5,1376.3,1360.9,1355.8,1361.7,1375.7,1387.5,1391.6,1390.4,1388.1,1389.7,1394.8,1379.9,1375.9,1369.6,1363.3,1356.5,1351.8,1358.3,1362.5,1366.8,1370.5,1353.3,1347.0,1340.3,1334.1,1348.1,1344.4,1340.9,1342.5,1345.1,1371.2,1368.0,1366.6,1364.7,1365.0,1366.4,1361.1,1362.1,1362.5,1364.3,1360.8,1360.2,1364.2,1349.4,1342.0,1339.6,1339.6,1347.2,1360.2,1346.3,1337.1,1336.4,1338.5,1348.0,1362.0,1343.1,1341.0,1340.8,1357.4,1341.0,1340.6,1343.1,2.202,-0.026,0.081,-0.1689999999999999,652.012,382.05,-31.911,0.893,0.8640000000000001,-6.193,-3.5,-4.667,-12.348,11.774,-9.528,-6.206,-17.309,-2.872,3.963,-0.7190000000000001,4.593999999999999,5.2410000000000005,-0.732,-3.162,-5.251,-3.806,2.337,1.765,1.4409999999999998,-4.735,-0.471,2.697,0.935,-0.5660000000000001,-0.3289999999999999,-0.172,0.953,-0.465,0.1009999999999999,0.175,1.11,2.29,0.0,0.06,1.21,1.66,1.23,2.2,1.82,1.32,0.75,0.0,0.74,0.0,2.22,0.24,1.42,1.0,1.0,0.0,0.0,1.0,0.0,1.0,1.0,1.0,1.0,1.0,0.0,0.0,0.0,1.0,1.0,0.0,1.0,
80.0,2.636,0.98,0.126824,0.148047,-0.980815,-0.107601,0.190171,-0.975836,0.01,0.171,554.1,556.0,564.9,575.7,582.0,581.0,571.2,560.4,539.8,545.6,553.5,562.8,573.2,582.7,590.4,584.4,575.1,564.9,555.1,546.3,565.3,569.4,572.7,573.4,571.0,566.9,563.6,562.9,689.0,691.2,700.6,711.7,717.9,715.7,706.3,694.6,679.7,685.9,694.4,705.1,716.1,725.2,732.6,727.0,718.6,708.7,697.6,687.3,700.2,704.5,708.1,709.0,706.6,702.4,698.7,697.9,319.6,309.1,302.9,304.6,313.3,324.5,330.0,328.2,325.7,320.1,315.0,311.6,310.8,312.3,315.2,318.5,320.3,322.5,324.7,326.2,321.6,322.2,319.9,315.9,312.7,312.0,314.4,318.3,293.3,282.7,276.8,279.3,288.5,299.2,305.0,303.7,298.5,293.4,288.7,285.3,284.9,286.5,289.8,292.2,293.7,295.3,297.1,299.3,296.2,297.1,294.9,290.8,287.2,286.2,288.5,292.6,-37.2,-36.5,-32.6,-27.9,-25.1,-25.6,-29.8,-34.5,-43.6,-41.0,-37.5,-33.4,-28.9,-24.8,-21.5,-24.1,-28.1,-32.5,-36.8,-40.7,-32.4,-30.6,-29.2,-28.9,-29.9,-31.7,-33.2,-33.4,20.4,21.4,25.3,29.9,32.5,31.5,27.6,22.7,16.6,19.1,22.6,27.1,31.7,35.6,38.7,36.3,32.7,28.5,23.9,19.7,25.1,26.9,28.4,28.8,27.8,26.0,24.5,24.1,-17.5,-22.1,-24.8,-24.0,-20.3,-15.4,-13.0,-13.7,-14.9,-17.3,-19.5,-21.0,-21.3,-20.7,-19.4,-18.0,-17.2,-16.2,-15.3,-14.7,-16.6,-16.4,-17.4,-19.1,-20.5,-20.8,-19.8,-18.1,-27.8,-32.3,-34.7,-33.7,-29.8,-25.3,-22.9,-23.4,-25.6,-27.7,-29.7,-31.1,-31.3,-30.7,-29.4,-28.3,-27.6,-26.9,-26.1,-25.3,-26.6,-26.2,-27.1,-28.9,-30.4,-30.8,-29.8,-28.1,1300.3,1301.8,1302.6,1302.1,1300.7,1299.3,1298.4,1298.8,1304.9,1302.5,1300.3,1299.2,1299.4,1300.4,1301.7,1299.6,1298.0,1297.6,1298.9,1301.7,1300.6,1300.5,1300.8,1301.4,1301.9,1302.0,1301.7,1301.2,1249.6,1251.2,1252.1,1251.8,1250.5,1248.9,1248.0,1248.4,1250.6,1249.5,1248.6,1248.7,1250.2,1252.5,1255.3,1251.8,1248.9,1247.2,1247.1,1248.6,1250.1,1250.0,1250.4,1251.0,1251.5,1251.6,1251.3,1250.7,4.1,10.6,1355.7,-0.034,0.098,-0.168,488.4,497.2,509.4,524.5,545.4,573.2,602.8,636.8,676.9,716.0,750.2,778.2,797.1,804.4,802.9,800.7,797.5,500.3,513.0,533.3,557.5,581.7,663.8,691.5,716.9,741.7,761.1,632.4,635.7,638.9,642.4,611.9,630.3,648.9,666.5,682.6,538.0,553.9,573.2,591.9,574.1,555.3,677.8,694.7,715.0,733.7,717.7,698.1,592.4,610.6,633.6,653.1,673.4,702.0,728.9,709.3,684.6,662.1,641.7,616.2,601.8,636.5,655.7,676.7,719.1,680.4,659.0,639.2,336.1,380.8,424.7,465.8,500.2,527.1,544.7,555.1,553.1,542.8,522.5,496.0,461.1,419.3,375.3,331.1,288.8,291.7,268.9,255.4,251.1,252.0,236.0,225.9,222.0,226.4,241.8,293.5,318.9,343.8,369.5,394.9,397.2,398.9,390.1,381.9,325.4,314.2,310.3,314.2,321.8,325.6,298.2,287.9,284.7,288.4,295.2,298.6,458.4,435.3,423.6,423.4,415.8,418.9,431.1,456.3,470.4,476.9,479.4,475.5,457.0,438.9,436.4,430.6,433.9,450.5,456.6,459.1,-71.5,-67.2,-61.5,-54.3,-44.3,-31.1,-17.1,-1.4,16.7,34.6,50.6,64.0,73.0,76.3,75.5,74.5,73.3,-64.5,-58.4,-48.8,-37.6,-26.4,10.7,23.4,35.0,46.4,55.4,-3.4,-1.9,-0.5,1.1,-12.7,-4.4,4.0,11.9,19.1,-46.8,-39.4,-30.5,-21.9,-30.1,-38.7,17.2,24.9,34.1,42.7,35.3,26.4,-21.7,-13.2,-2.9,5.8,14.9,27.9,40.4,31.2,19.9,9.9,0.8,-10.7,-17.4,-1.6,7.1,16.4,35.8,18.1,8.5,-0.3,-11.3,9.8,30.5,49.7,65.7,77.7,85.0,88.7,87.5,83.1,74.6,63.0,47.0,27.5,7.1,-13.4,-33.1,-31.5,-41.9,-47.9,-49.6,-48.9,-56.0,-60.8,-62.8,-60.9,-54.1,-30.1,-18.5,-7.3,4.2,15.7,16.7,17.4,13.5,9.8,-15.9,-20.9,-22.7,-20.9,-17.4,-15.7,-28.1,-32.8,-34.2,-32.6,-29.4,-27.9,44.9,34.0,28.5,28.4,25.0,26.5,32.3,43.3,49.3,52.2,53.4,52.0,44.2,35.4,34.2,31.6,33.5,40.5,43.3,44.5,1414.8,1412.9,1412.5,1410.8,1405.2,1395.3,1380.4,1364.7,1358.9,1364.4,1378.3,1389.8,1393.6,1392.2,1389.8,1391.5,1396.8,1384.3,1379.8,1373.1,1366.2,1359.0,1353.6,1359.8,1364.0,1368.2,1372.1,1355.9,1349.7,1343.1,1337.0,1351.5,1347.6,1343.8,1345.3,1347.6,1374.8,1371.1,1369.5,1367.7,1368.0,1369.6,1363.3,1363.9,1364.1,1365.8,1362.4,1362.1,1368.1,1353.3,1345.4,1342.7,1342.6,1350.0,1362.7,1349.1,1340.1,1339.7,1342.1,1352.0,1365.9,1346.7,1344.2,1343.9,1360.0,1343.7,1343.6,1346.4,2.197,-0.015,0.103,-0.1689999999999999,649.288,383.487,-30.096,0.997,0.516,-7.963999999999999,-2.201,-3.782,-13.204,10.726,-10.012,-4.331,-16.555999999999997,-2.299,4.671,0.177,4.631,5.869,-0.723,-4.322,-5.681,-4.6930000000000005,3.459,1.431,1.248,-4.25,0.118,2.511,0.917,-0.597,-0.153,-0.1669999999999999,0.866,-0.409,0.054,0.195,1.09,2.23,0.0,0.06,1.17,1.69,1.15,2.02,1.79,1.47,0.61,0.03,0.62,0.0,2.11,0.24,1.48,1.0,1.0,0.0,0.0,1.0,0.0,1.0,1.0,1.0,1.0,1.0,0.0,0.0,0.0,1.0,0.0,0.0,1.0,
81.0,2.669,0.98,0.1177609999999999,0.173766,-0.977721,-0.113599,0.196127,-0.973976,0.002,0.187,551.3,553.1,561.9,572.7,579.0,578.1,568.4,557.7,536.9,542.5,550.3,559.6,570.0,579.8,587.9,581.8,572.3,562.1,552.1,543.4,562.5,566.6,569.9,570.6,568.2,564.1,560.7,560.0,686.0,688.4,697.9,709.1,715.3,712.9,703.4,691.7,676.8,683.0,691.5,702.2,713.0,722.2,729.7,724.0,715.5,705.4,694.4,684.3,697.3,701.7,705.5,706.5,704.0,699.6,695.8,694.8,321.9,311.1,304.7,306.4,315.2,326.7,332.4,330.7,327.2,322.0,317.1,313.7,312.8,313.9,316.2,319.9,322.0,324.5,326.7,328.0,323.7,324.3,321.9,317.8,314.4,313.8,316.2,320.3,295.2,284.5,278.7,281.1,290.4,301.1,306.9,305.5,300.5,295.5,290.8,287.5,287.1,288.4,291.5,294.0,295.6,297.2,299.1,301.2,298.2,299.2,296.9,292.6,288.9,287.9,290.3,294.5,-38.3,-37.6,-33.7,-29.1,-26.3,-26.7,-30.9,-35.5,-44.7,-42.2,-38.7,-34.7,-30.2,-26.0,-22.5,-25.1,-29.2,-33.6,-37.9,-41.8,-33.5,-31.7,-30.3,-30.0,-31.1,-32.8,-34.3,-34.6,19.2,20.2,24.2,28.8,31.4,30.4,26.4,21.5,15.4,17.9,21.4,25.9,30.4,34.3,37.5,35.1,31.4,27.2,22.6,18.4,23.9,25.7,27.3,27.7,26.7,24.9,23.3,22.9,-16.5,-21.1,-23.9,-23.2,-19.3,-14.4,-11.9,-12.6,-14.2,-16.5,-18.5,-20.0,-20.4,-19.9,-18.9,-17.3,-16.4,-15.3,-14.4,-13.8,-15.7,-15.4,-16.5,-18.3,-19.7,-20.0,-18.9,-17.1,-27.0,-31.5,-34.0,-32.9,-29.0,-24.5,-22.1,-22.7,-24.8,-26.9,-28.8,-30.2,-30.4,-29.9,-28.7,-27.6,-26.8,-26.1,-25.3,-24.5,-25.8,-25.3,-26.3,-28.1,-29.7,-30.1,-29.1,-27.3,1295.6,1296.7,1297.0,1296.5,1295.5,1294.7,1294.1,1294.6,1301.1,1298.3,1295.8,1294.4,1294.4,1295.4,1296.8,1294.8,1293.3,1293.2,1294.6,1297.6,1296.0,1295.8,1296.0,1296.4,1296.8,1296.9,1296.8,1296.4,1250.3,1251.9,1252.8,1252.5,1251.0,1249.4,1248.5,1249.0,1251.4,1250.3,1249.3,1249.3,1250.6,1252.9,1255.5,1252.1,1249.3,1247.7,1247.8,1249.4,1250.7,1250.6,1250.9,1251.6,1252.2,1252.3,1252.0,1251.3,2.7,11.4,1353.0,-0.017,0.118,-0.17,487.6,496.4,508.6,523.9,544.8,572.0,600.4,632.6,672.4,712.5,748.2,777.2,796.3,803.2,801.7,799.7,797.1,497.9,510.5,530.4,554.1,577.8,660.1,688.1,713.7,738.7,758.1,628.8,631.6,634.3,637.2,607.7,625.8,644.3,662.1,678.2,535.2,551.0,570.2,588.8,571.0,552.3,674.7,691.7,712.0,731.0,714.5,694.9,589.4,607.1,629.7,648.7,668.9,697.8,725.4,704.9,679.7,657.4,637.4,612.4,598.4,632.6,651.5,672.3,715.6,675.8,654.6,635.3,338.1,382.9,426.8,467.7,501.7,528.2,545.3,555.8,554.1,543.5,522.5,495.3,460.1,418.5,375.2,331.9,290.4,293.1,270.7,257.4,253.2,254.3,238.2,228.2,224.2,228.6,243.6,295.5,321.2,346.3,372.2,397.2,399.6,401.4,392.6,384.3,327.0,316.1,312.2,316.0,323.5,327.3,300.2,289.9,286.8,290.4,297.1,300.6,459.7,437.7,426.3,426.2,418.6,421.3,432.4,458.1,472.6,479.1,481.5,477.2,458.5,441.3,438.9,433.1,435.4,452.7,458.9,461.3,-71.8,-67.6,-61.8,-54.6,-44.6,-31.6,-18.2,-3.4,14.7,32.9,49.6,63.5,72.4,75.5,74.7,73.9,73.0,-65.5,-59.5,-50.1,-39.0,-28.1,9.0,21.7,33.4,44.8,53.8,-5.0,-3.8,-2.6,-1.2,-14.5,-6.3,1.9,9.9,17.1,-48.0,-40.6,-31.8,-23.3,-31.4,-40.0,15.7,23.4,32.6,41.3,33.7,24.9,-23.1,-14.8,-4.6,3.9,12.9,26.0,38.7,29.1,17.7,7.8,-1.2,-12.4,-18.9,-3.3,5.1,14.4,34.2,16.0,6.5,-2.1,-10.3,10.8,31.4,50.6,66.4,78.2,85.2,89.0,87.8,83.3,74.5,62.6,46.4,27.1,7.0,-13.0,-32.3,-30.8,-41.0,-46.9,-48.5,-47.8,-54.8,-59.5,-61.5,-59.7,-53.0,-29.1,-17.4,-6.1,5.4,16.7,17.7,18.5,14.6,10.9,-15.1,-20.0,-21.8,-20.0,-16.6,-14.9,-27.1,-31.8,-33.2,-31.6,-28.5,-26.9,45.4,35.0,29.7,29.6,26.2,27.5,32.8,44.0,50.2,53.1,54.3,52.8,44.8,36.4,35.3,32.7,34.1,41.4,44.2,45.4,1414.3,1412.4,1411.8,1410.0,1404.5,1394.5,1379.3,1363.3,1357.2,1362.2,1376.0,1387.0,1390.3,1388.5,1386.0,1387.8,1393.3,1382.6,1377.4,1370.3,1363.0,1355.0,1348.9,1354.9,1359.0,1363.0,1366.8,1352.1,1345.9,1339.3,1333.0,1348.4,1344.2,1340.4,1341.6,1343.7,1372.7,1368.5,1366.6,1364.7,1365.2,1367.1,1359.3,1359.6,1359.5,1361.2,1357.9,1357.8,1366.5,1351.3,1342.8,1340.0,1339.6,1346.9,1359.5,1346.0,1337.2,1337.0,1339.7,1350.0,1364.1,1344.2,1341.5,1341.0,1357.0,1340.7,1340.7,1343.8,2.202,0.003,0.125,-0.171,646.127,385.26,-26.332,1.454,1.352,-8.38,-0.8009999999999999,-3.285,-13.218,9.645,-10.627,-3.233,-15.557,-2.185,5.135,-0.691,4.3180000000000005,4.775,0.176,-4.624,-5.988,-4.961,4.572,1.638,1.419,-4.2010000000000005,0.499,2.599,1.2919999999999998,-0.527,-0.1119999999999999,-0.113,0.913,-0.335,0.034,0.191,1.0,2.06,0.0,0.02,1.18,1.75,1.14,1.99,1.76,1.45,0.53,0.13,0.44,0.0,2.0,0.01,1.59,1.0,1.0,0.0,0.0,1.0,0.0,1.0,1.0,1.0,1.0,1.0,0.0,0.0,0.0,1.0,0.0,0.0,1.0,
82.0,2.7030000000000003,0.98,0.107268,0.1882849999999999,-0.976239,-0.157556,0.205985,-0.965788,-0.026,0.2,548.4,550.3,559.0,569.6,575.7,574.7,565.1,554.5,533.8,539.5,547.3,556.5,566.7,576.3,584.2,578.3,569.0,559.0,549.1,540.3,559.2,563.3,566.7,567.4,565.0,560.9,557.5,556.8,680.9,683.4,693.3,704.8,711.1,708.6,698.7,686.6,672.5,678.9,687.6,698.4,709.1,718.4,725.9,720.1,711.6,701.3,690.3,680.2,692.1,697.2,701.6,702.7,699.9,694.8,690.5,689.3,323.6,313.0,306.9,308.7,317.5,328.7,334.2,332.3,328.9,323.7,319.0,315.7,314.9,316.1,318.5,322.1,324.1,326.4,328.5,329.8,325.6,326.3,323.9,319.8,316.4,315.7,318.1,322.2,297.7,286.9,281.0,283.5,292.9,303.7,309.6,308.2,303.3,298.0,293.3,290.0,289.6,291.2,294.2,296.5,298.1,299.7,301.6,303.8,301.4,302.5,299.9,295.2,291.0,289.9,292.5,297.3,-40.2,-39.4,-35.6,-30.9,-28.2,-28.6,-32.9,-37.5,-46.8,-44.2,-40.7,-36.6,-32.2,-28.0,-24.5,-27.1,-31.1,-35.5,-39.9,-43.8,-35.5,-33.7,-32.2,-31.9,-32.9,-34.7,-36.2,-36.5,16.6,17.7,21.7,26.4,28.9,27.9,23.8,18.9,13.2,15.8,19.3,23.7,28.1,31.9,35.1,32.6,29.1,24.9,20.4,16.3,21.2,23.3,25.0,25.5,24.4,22.3,20.5,20.1,-16.0,-20.6,-23.3,-22.5,-18.7,-13.7,-11.3,-12.1,-13.7,-16.0,-18.0,-19.4,-19.8,-19.3,-18.2,-16.6,-15.7,-14.7,-13.8,-13.3,-15.1,-14.8,-15.8,-17.6,-19.1,-19.4,-18.4,-16.6,-25.3,-29.8,-32.2,-31.1,-27.3,-22.9,-20.5,-21.0,-23.0,-25.2,-27.1,-28.4,-28.6,-28.0,-26.9,-25.8,-25.2,-24.5,-23.7,-22.8,-23.8,-23.4,-24.4,-26.4,-28.1,-28.5,-27.5,-25.5,1316.8,1317.8,1318.3,1318.0,1317.0,1316.1,1315.4,1315.8,1322.1,1319.4,1316.9,1315.6,1315.8,1316.9,1318.3,1316.3,1314.7,1314.5,1315.8,1318.6,1317.3,1317.1,1317.3,1317.8,1318.1,1318.3,1318.1,1317.6,1219.5,1221.4,1222.4,1221.9,1220.3,1218.4,1217.4,1218.0,1220.3,1219.3,1218.6,1218.7,1220.0,1222.3,1224.9,1221.4,1218.6,1216.9,1217.0,1218.3,1219.8,1219.6,1220.0,1220.8,1221.6,1221.8,1221.3,1220.5,1.0,12.4,1348.9,0.006,0.142,-0.17,486.9,495.4,507.4,522.5,543.3,569.9,597.3,627.9,667.5,708.5,745.8,776.1,795.5,802.3,800.6,798.8,796.6,495.4,507.8,527.2,550.6,573.8,655.8,684.1,710.2,735.5,754.9,624.7,626.8,628.8,631.2,603.1,620.8,638.9,656.6,672.8,532.3,547.9,566.8,585.3,567.6,548.9,670.8,687.9,708.1,727.2,710.4,690.8,585.8,603.0,625.1,643.6,663.5,692.6,721.0,699.3,673.7,651.7,632.2,607.9,594.6,628.1,646.4,667.0,711.1,670.3,649.2,630.5,338.6,383.6,427.7,468.8,503.0,529.5,546.5,557.5,556.1,545.1,523.0,494.9,459.4,418.2,375.6,333.2,292.3,294.5,272.5,259.4,255.6,257.2,241.4,231.2,226.9,231.3,246.3,298.4,324.3,349.5,375.4,400.1,402.7,404.6,395.9,387.7,328.6,317.9,314.2,318.2,325.5,329.1,302.9,292.5,289.4,293.0,299.8,303.2,461.2,440.6,429.8,429.9,422.4,424.6,434.4,460.5,475.3,481.8,484.1,479.4,460.3,444.5,442.3,436.6,437.7,455.6,461.7,464.0,-72.1,-68.0,-62.3,-55.2,-45.2,-32.6,-19.6,-5.5,12.4,31.0,48.4,62.7,71.8,74.8,73.9,73.2,72.4,-66.5,-60.5,-51.4,-40.5,-29.8,7.1,19.8,31.6,43.1,52.1,-6.9,-5.9,-5.0,-3.9,-16.5,-8.6,-0.5,7.4,14.6,-49.2,-41.9,-33.2,-24.8,-32.9,-41.4,13.9,21.6,30.7,39.4,31.7,22.9,-24.6,-16.6,-6.7,1.6,10.5,23.5,36.6,26.5,15.0,5.2,-3.5,-14.4,-20.6,-5.3,2.9,12.0,32.1,13.5,4.1,-4.2,-10.1,11.1,31.8,51.1,66.9,78.7,85.6,89.6,88.6,83.8,74.6,62.2,45.9,26.8,7.2,-12.4,-31.3,-30.1,-40.1,-45.8,-47.3,-46.3,-53.1,-57.9,-60.0,-58.2,-51.6,-27.7,-16.0,-4.7,6.8,18.0,19.0,19.9,16.0,12.4,-14.3,-19.1,-20.8,-18.9,-15.7,-14.0,-25.8,-30.5,-31.8,-30.3,-27.1,-25.6,46.0,36.2,31.1,31.1,27.8,28.9,33.6,44.9,51.3,54.1,55.2,53.6,45.5,37.8,36.7,34.1,35.0,42.6,45.3,46.4,1412.3,1410.6,1410.1,1408.5,1403.1,1393.1,1377.6,1361.2,1354.6,1358.9,1372.1,1382.5,1385.3,1383.1,1380.5,1382.1,1387.6,1379.4,1373.6,1366.0,1358.1,1349.6,1342.3,1348.0,1352.1,1356.1,1360.0,1346.7,1340.5,1333.9,1327.6,1343.9,1339.6,1335.6,1336.5,1338.5,1369.0,1364.3,1362.1,1360.2,1360.9,1362.9,1353.6,1353.5,1353.1,1354.8,1351.6,1351.8,1363.4,1347.7,1338.7,1335.7,1335.0,1342.1,1354.7,1341.4,1333.0,1333.2,1336.0,1346.7,1360.9,1340.3,1337.4,1336.7,1352.4,1336.2,1336.5,1339.8,2.209,0.026,0.152,-0.171,642.383,387.48800000000006,-22.005,2.152,1.831,-8.693,-0.154,-3.204,-12.783,8.326,-11.099,-2.09,-14.763,-1.591,5.34,-1.464,4.709,4.178999999999999,0.366,-4.833,-6.279,-4.979,5.359,1.526,1.464,-3.751,0.972,2.461,1.53,-0.4029999999999999,0.003,0.008,0.901,-0.297,0.0139999999999999,0.146,0.88,1.91,0.0,0.0,1.16,1.8,1.08,1.92,1.69,1.47,0.44,0.23,0.25,0.0,1.93,0.04,1.62,1.0,1.0,0.0,0.0,1.0,0.0,1.0,1.0,1.0,1.0,1.0,0.0,0.0,0.0,1.0,0.0,0.0,1.0,
83.0,2.736,0.98,0.09813,0.205445,-0.973737,-0.182981,0.2208989999999999,-0.957978,-0.044,0.217,544.6,546.6,555.5,566.1,572.2,571.0,561.2,550.6,530.4,535.7,543.2,552.4,562.8,572.6,580.6,574.3,564.7,554.5,544.7,536.5,555.4,559.7,563.3,564.1,561.7,557.4,553.8,553.0,676.9,679.6,689.3,700.4,706.4,703.7,694.0,682.3,668.5,674.9,683.6,694.2,705.0,714.4,721.9,715.8,707.1,696.7,685.8,675.8,687.8,692.7,697.1,698.3,695.6,690.6,686.3,685.1,325.4,314.6,308.4,310.4,319.5,330.9,336.4,334.4,330.2,325.3,320.9,317.7,316.8,317.9,320.1,323.8,326.0,328.3,330.3,331.3,327.7,328.5,325.9,321.6,317.9,317.1,319.7,324.0,300.5,289.7,283.9,286.5,296.0,306.8,312.6,311.0,305.6,300.7,296.1,292.9,292.5,294.1,297.0,299.5,301.1,302.7,304.4,306.3,304.2,305.3,302.7,297.9,293.7,292.6,295.1,299.9,-41.4,-40.6,-36.7,-32.1,-29.4,-29.9,-34.2,-38.8,-47.8,-45.4,-42.0,-38.0,-33.4,-29.2,-25.8,-28.5,-32.6,-37.1,-41.3,-45.0,-36.7,-34.9,-33.3,-32.9,-34.0,-35.9,-37.4,-37.8,15.3,16.4,20.4,25.0,27.4,26.3,22.3,17.5,11.8,14.4,18.0,22.4,26.9,30.8,34.0,31.4,27.7,23.4,18.9,14.8,19.8,21.8,23.6,24.1,23.0,21.0,19.2,18.7,-15.0,-19.7,-22.4,-21.5,-17.6,-12.6,-10.2,-11.1,-13.0,-15.1,-17.0,-18.4,-18.7,-18.3,-17.3,-15.7,-14.7,-13.7,-12.9,-12.5,-14.0,-13.7,-14.8,-16.7,-18.3,-18.6,-17.5,-15.6,-24.6,-29.1,-31.5,-30.4,-26.5,-22.0,-19.6,-20.2,-22.5,-24.5,-26.4,-27.7,-27.9,-27.3,-26.1,-25.0,-24.3,-23.7,-23.0,-22.2,-23.1,-22.6,-23.7,-25.7,-27.4,-27.9,-26.8,-24.8,1302.1,1302.7,1302.8,1302.3,1301.4,1301.0,1300.7,1301.3,1308.1,1305.0,1302.2,1300.6,1300.4,1301.3,1302.6,1300.9,1299.6,1299.7,1301.4,1304.5,1302.4,1302.2,1302.2,1302.5,1302.8,1303.0,1303.0,1302.7,1240.3,1241.7,1242.4,1241.9,1240.6,1239.2,1238.5,1239.2,1241.7,1240.4,1239.5,1239.4,1240.7,1243.0,1245.6,1242.2,1239.4,1238.0,1238.1,1239.6,1240.6,1240.4,1240.7,1241.3,1241.9,1242.1,1241.8,1241.2,-1.0,13.5,1344.0,0.021,0.1669999999999999,-0.1669999999999999,486.4,494.3,505.9,520.8,541.4,567.4,593.7,622.8,661.5,702.9,741.1,772.8,793.0,800.5,799.4,798.0,796.5,492.7,504.8,523.8,546.7,569.3,651.3,680.2,706.6,732.2,751.8,620.1,621.5,622.8,624.4,597.3,614.7,632.6,650.5,666.9,528.7,544.1,562.9,581.2,563.4,544.9,666.6,683.8,703.9,723.2,706.0,686.5,581.6,598.1,619.5,637.6,657.4,686.6,715.6,692.9,667.0,645.2,626.1,602.6,590.1,622.6,640.5,660.9,705.7,663.9,643.0,624.8,339.6,384.6,429.0,470.4,505.0,531.7,549.0,560.5,559.5,548.1,525.0,496.4,460.9,420.0,377.8,335.8,295.2,295.2,273.7,261.0,257.7,259.8,244.5,234.5,230.2,234.6,249.4,301.4,327.5,352.9,379.0,403.1,405.9,408.0,399.4,391.2,329.9,319.6,316.1,320.3,327.3,330.8,305.5,295.2,292.3,295.9,302.6,305.9,463.2,443.6,433.1,433.5,426.1,428.1,437.3,463.5,478.5,485.0,487.0,481.9,462.5,447.8,445.7,440.2,440.6,458.6,464.7,466.8,-72.2,-68.3,-62.9,-55.9,-46.0,-33.7,-21.2,-7.8,9.7,28.4,46.1,60.9,70.3,73.6,73.0,72.4,72.0,-67.5,-61.7,-52.7,-42.1,-31.7,5.0,18.0,29.9,41.5,50.4,-8.9,-8.2,-7.6,-6.9,-19.1,-11.2,-3.3,4.7,12.0,-50.6,-43.5,-34.9,-26.6,-34.6,-43.0,12.0,19.7,28.7,37.4,29.6,20.8,-26.4,-18.8,-9.1,-1.1,7.7,20.8,34.0,23.5,12.0,2.3,-6.2,-16.7,-22.6,-7.7,0.2,9.3,29.5,10.6,1.3,-6.8,-9.6,11.6,32.4,51.7,67.7,79.6,86.6,90.8,89.8,84.9,75.2,62.6,46.4,27.5,8.2,-11.1,-29.8,-29.7,-39.4,-44.9,-46.1,-44.9,-51.4,-56.1,-58.2,-56.4,-49.9,-26.2,-14.5,-3.1,8.4,19.2,20.4,21.3,17.5,13.9,-13.7,-18.3,-19.9,-17.9,-14.8,-13.2,-24.5,-29.1,-30.4,-28.8,-25.7,-24.2,46.7,37.4,32.5,32.6,29.3,30.4,34.7,46.1,52.5,55.3,56.4,54.5,46.3,39.1,38.1,35.6,36.2,43.8,46.5,47.5,1408.8,1407.4,1407.2,1405.8,1400.4,1390.3,1374.4,1357.9,1350.7,1354.3,1366.5,1376.2,1378.6,1376.3,1373.8,1375.4,1380.8,1375.5,1369.2,1361.2,1352.9,1344.2,1335.8,1341.0,1344.9,1348.7,1352.5,1340.8,1334.6,1328.0,1321.7,1338.7,1334.1,1329.9,1330.6,1332.4,1364.7,1359.5,1356.9,1354.8,1355.8,1358.2,1347.3,1346.8,1346.2,1347.8,1344.7,1345.2,1359.0,1343.1,1333.6,1330.4,1329.5,1336.4,1348.8,1336.0,1327.9,1328.3,1331.4,1342.2,1356.4,1335.4,1332.3,1331.4,1346.6,1330.9,1331.4,1334.9,2.218,0.0409999999999999,0.179,-0.1669999999999999,638.025,390.097,-19.281,2.432,2.283,-8.38,0.531,-3.195,-12.112,7.229,-11.476,-1.632,-13.615,-0.293,6.023,-2.041,5.401,3.487,-0.151,-5.335,-6.041,-4.961,5.683,1.206,1.38,-3.69,1.167,2.54,1.915,-0.45,0.114,0.015,0.918,-0.22,0.036,0.145,0.79,1.8,0.0,0.0,1.19,1.81,0.99,1.81,1.59,1.33,0.36,0.3,0.12,0.0,1.86,0.03,1.63,1.0,1.0,0.0,0.0,1.0,0.0,1.0,1.0,1.0,1.0,1.0,0.0,0.0,0.0,1.0,0.0,0.0,1.0,
84.0,2.769,0.98,0.028466,0.207428,-0.977836,-0.2109239999999999,0.228617,-0.950392,-0.094,0.222,537.7,540.2,550.0,561.4,567.7,566.1,555.3,543.9,524.8,531.0,539.0,548.5,559.1,569.0,577.2,570.4,560.7,550.2,540.1,531.6,548.4,554.3,559.4,560.8,557.5,551.6,546.5,545.2,672.6,675.5,685.6,697.0,703.0,700.1,690.0,678.0,664.8,671.3,680.2,691.0,701.7,711.2,718.6,712.6,703.9,693.4,682.3,672.2,683.8,688.9,693.4,694.7,692.0,686.9,682.4,681.1,327.1,316.0,309.5,311.5,320.8,332.7,338.4,336.4,332.4,327.2,322.5,319.4,318.4,319.5,321.9,325.7,327.9,330.2,332.1,333.2,331.1,332.2,328.8,323.0,318.2,317.1,320.5,326.3,303.0,292.1,286.3,289.0,298.7,309.7,315.5,313.8,308.3,303.1,298.5,295.5,295.2,296.9,300.0,302.4,303.9,305.3,307.0,308.9,306.9,308.1,305.6,300.7,296.4,295.1,297.7,302.6,-42.1,-41.1,-37.0,-32.3,-29.7,-30.3,-34.7,-39.4,-47.5,-44.9,-41.5,-37.6,-33.2,-29.2,-25.8,-28.6,-32.5,-36.8,-41.0,-44.6,-37.6,-35.2,-33.1,-32.6,-33.9,-36.4,-38.5,-39.0,13.3,14.5,18.6,23.2,25.6,24.4,20.3,15.4,10.1,12.7,16.3,20.7,25.1,29.0,32.1,29.6,26.0,21.7,17.2,13.1,17.8,19.9,21.7,22.3,21.2,19.1,17.3,16.7,-13.5,-18.1,-20.8,-19.9,-16.1,-11.2,-8.9,-9.7,-11.4,-13.5,-15.4,-16.7,-17.1,-16.6,-15.7,-14.1,-13.2,-12.2,-11.4,-11.0,-11.9,-11.4,-12.8,-15.2,-17.2,-17.6,-16.3,-13.9,-23.2,-27.7,-30.0,-28.9,-24.9,-20.4,-18.1,-18.8,-21.1,-23.1,-25.0,-26.2,-26.4,-25.7,-24.5,-23.5,-22.8,-22.2,-21.5,-20.8,-21.6,-21.1,-22.2,-24.1,-25.9,-26.4,-25.4,-23.4,1232.7,1234.0,1234.3,1233.5,1231.9,1230.7,1230.3,1231.1,1237.5,1234.9,1232.6,1231.4,1231.3,1232.1,1233.3,1231.3,1229.9,1229.8,1231.3,1234.1,1232.5,1232.1,1232.2,1232.9,1233.7,1234.2,1234.0,1233.4,1220.4,1221.9,1222.6,1222.0,1220.6,1219.0,1218.4,1219.1,1221.5,1220.4,1219.6,1219.5,1220.7,1223.0,1225.4,1222.2,1219.4,1217.9,1218.1,1219.5,1220.6,1220.3,1220.7,1221.3,1222.0,1222.2,1221.9,1221.3,-4.3,14.6,1347.3,0.035,0.185,-0.132,484.8,490.0,499.6,512.9,531.3,556.0,581.7,610.7,648.0,687.4,725.5,758.5,782.8,795.2,797.7,799.1,800.0,490.8,503.5,522.3,544.5,566.2,645.0,673.8,700.0,726.4,749.2,613.1,614.0,614.6,615.3,589.0,605.9,623.6,641.9,658.9,524.0,539.7,558.8,577.2,559.1,540.4,662.2,680.1,700.6,720.5,703.0,682.9,572.5,588.6,609.5,627.5,647.7,677.6,707.7,682.9,655.6,633.4,614.2,591.9,581.2,611.5,629.7,650.2,697.9,652.6,631.5,613.1,335.2,378.3,420.5,460.8,496.1,525.3,545.9,560.1,561.3,552.8,533.9,508.1,473.7,432.1,387.1,341.2,296.3,295.2,274.8,264.0,260.7,261.9,248.1,237.9,233.4,236.6,249.7,303.2,329.2,354.8,381.1,404.3,407.6,410.1,402.1,394.8,331.4,321.3,318.0,322.3,329.2,332.7,308.2,297.6,294.8,298.4,305.8,309.1,464.3,446.0,436.1,437.1,430.3,433.4,442.8,468.6,482.8,488.4,489.7,483.7,464.0,450.5,449.2,444.3,445.8,463.0,468.2,469.5,-73.0,-70.4,-65.8,-59.6,-50.8,-39.1,-26.8,-13.3,3.6,21.5,39.0,54.5,65.7,71.4,72.4,73.2,73.8,-68.7,-62.5,-53.6,-43.2,-33.2,2.2,15.1,26.9,38.8,49.2,-12.1,-11.6,-11.3,-10.9,-22.8,-15.2,-7.3,0.8,8.4,-53.0,-45.6,-36.9,-28.4,-36.7,-45.2,10.0,18.0,27.2,36.2,28.3,19.2,-30.7,-23.1,-13.6,-5.6,3.4,16.8,30.4,19.1,6.9,-2.9,-11.5,-21.6,-26.7,-12.7,-4.6,4.6,26.0,5.6,-3.8,-12.0,-11.7,8.6,28.4,47.2,63.6,76.8,85.5,91.0,91.0,87.3,79.4,68.0,52.3,33.2,12.4,-8.6,-29.4,-29.8,-39.0,-43.7,-44.9,-44.1,-49.9,-54.6,-56.7,-55.4,-49.7,-25.4,-13.7,-2.3,9.3,19.8,21.2,22.2,18.7,15.5,-13.1,-17.6,-19.1,-17.1,-13.9,-12.4,-23.3,-28.0,-29.3,-27.7,-24.3,-22.8,47.4,38.6,34.0,34.3,31.2,32.7,37.3,48.5,54.5,57.0,57.8,55.6,47.2,40.4,39.7,37.5,38.6,45.8,48.2,48.9,1410.2,1407.3,1406.8,1406.0,1402.2,1394.1,1380.0,1363.8,1356.1,1358.3,1369.4,1378.5,1381.0,1379.7,1377.9,1379.6,1385.0,1380.3,1373.7,1365.1,1356.4,1347.1,1337.6,1341.9,1345.0,1347.9,1350.5,1343.0,1337.2,1330.9,1325.0,1342.7,1337.8,1333.3,1333.7,1334.9,1370.5,1364.7,1361.8,1358.4,1360.2,1363.0,1348.1,1347.6,1346.6,1347.6,1345.0,1345.7,1364.2,1347.7,1337.9,1334.1,1332.5,1338.5,1350.0,1338.2,1331.1,1332.4,1336.2,1347.7,1360.9,1339.4,1335.8,1333.9,1348.3,1333.9,1335.4,1339.6,2.213,0.053,0.198,-0.132,630.649,392.424,-19.807,-13.776,2.967,-6.249,1.816,-3.687,-11.178,6.687,-10.970999999999998,-3.139,-14.274,1.369,4.773,-0.616,1.047,3.721,-0.022,-1.694,-7.273,-5.837000000000001,4.431,1.03,1.543,-4.208,0.4379999999999999,2.463,1.902,-0.551,0.148,0.21,1.087,0.006,0.37,0.233,0.76,1.81,0.0,0.0,1.17,1.83,0.86,1.77,1.5,1.03,0.36,0.28,0.02,0.0,1.85,0.03,1.56,1.0,1.0,0.0,0.0,1.0,1.0,1.0,1.0,1.0,1.0,1.0,0.0,0.0,0.0,1.0,0.0,0.0,1.0,
85.0,2.803,0.98,-0.0146919999999999,0.219021,-0.97561,-0.225026,0.235536,-0.945456,-0.124,0.2319999999999999,533.7,536.5,546.6,557.9,563.9,562.0,550.9,539.6,522.1,528.0,535.8,545.2,555.9,566.0,574.4,567.4,557.3,546.5,536.5,528.2,544.6,550.3,555.4,556.8,553.8,548.1,543.1,541.6,668.9,672.0,682.1,693.4,699.3,696.2,686.1,674.2,661.3,667.7,676.5,687.3,697.9,707.3,714.7,708.8,700.1,689.7,678.6,668.6,680.0,685.1,689.6,691.0,688.4,683.3,678.7,677.4,328.2,317.1,310.6,312.6,321.9,333.8,339.5,337.5,333.4,328.2,323.5,320.4,319.4,320.5,322.8,326.8,329.0,331.4,333.4,334.4,332.1,333.1,329.9,324.2,319.5,318.5,321.8,327.4,305.1,294.2,288.6,291.5,301.2,312.0,317.7,315.8,310.5,305.3,300.7,297.7,297.4,299.3,302.5,304.8,306.3,307.7,309.4,311.2,309.1,310.4,307.9,303.0,298.7,297.4,299.9,304.8,-43.3,-42.1,-38.1,-33.4,-30.9,-31.7,-36.1,-40.8,-48.2,-45.7,-42.4,-38.5,-34.2,-30.1,-26.7,-29.5,-33.6,-37.9,-42.1,-45.5,-38.8,-36.5,-34.4,-33.8,-35.1,-37.4,-39.5,-40.0,11.8,13.1,17.3,21.9,24.2,23.0,18.8,14.0,8.7,11.3,14.9,19.3,23.7,27.6,30.7,28.2,24.5,20.3,15.8,11.7,16.4,18.4,20.3,20.9,19.8,17.7,15.9,15.3,-12.9,-17.5,-20.1,-19.3,-15.5,-10.6,-8.3,-9.1,-10.9,-13.0,-14.9,-16.1,-16.5,-16.1,-15.1,-13.5,-12.6,-11.6,-10.8,-10.4,-11.3,-10.9,-12.3,-14.5,-16.5,-16.9,-15.6,-13.3,-22.5,-26.9,-29.2,-28.0,-24.0,-19.6,-17.3,-18.0,-20.3,-22.4,-24.2,-25.5,-25.6,-24.9,-23.6,-22.6,-21.9,-21.3,-20.7,-19.9,-20.8,-20.3,-21.3,-23.3,-25.1,-25.6,-24.6,-22.6,1220.6,1221.9,1222.0,1220.7,1218.8,1217.5,1217.3,1218.6,1225.5,1222.8,1220.4,1219.0,1218.6,1219.1,1220.1,1218.2,1217.0,1217.1,1218.9,1221.9,1220.0,1219.3,1219.3,1220.0,1221.0,1221.6,1221.6,1220.9,1226.6,1228.1,1228.8,1228.2,1226.7,1225.2,1224.6,1225.3,1227.7,1226.6,1225.8,1225.8,1227.0,1229.2,1231.6,1228.4,1225.6,1224.2,1224.4,1225.8,1226.8,1226.5,1226.8,1227.5,1228.2,1228.4,1228.1,1227.5,-6.5,15.4,1348.2,0.042,0.1989999999999999,-0.111,484.3,488.1,496.3,508.4,525.3,548.3,573.0,601.8,638.8,678.1,716.9,751.6,778.1,792.2,795.9,797.9,799.6,489.3,501.1,519.4,541.3,562.4,640.9,670.1,696.6,723.3,746.8,607.8,608.3,608.3,608.4,582.9,599.6,617.2,635.7,653.1,521.1,536.5,555.5,573.9,555.9,537.3,658.4,676.2,696.9,716.9,699.4,679.1,568.7,584.1,604.3,621.5,640.9,670.9,701.6,675.8,648.3,626.8,608.5,587.2,577.5,606.0,623.4,643.2,691.6,645.2,625.0,607.2,331.1,373.1,414.5,454.4,490.7,521.9,545.0,561.7,564.4,557.3,540.0,515.3,481.5,439.6,393.0,345.1,298.1,295.3,275.0,264.9,262.3,263.7,251.0,240.6,236.1,239.5,253.0,305.6,331.5,356.9,383.2,405.4,409.3,412.0,404.2,397.2,332.0,322.2,319.0,323.4,330.5,333.8,310.2,299.7,297.2,300.9,308.3,311.4,465.8,447.8,438.2,439.4,432.9,436.4,446.2,471.4,484.7,489.9,490.9,484.9,465.5,452.6,451.5,447.0,448.9,465.2,469.8,470.7,-73.2,-71.2,-67.3,-61.7,-53.6,-42.7,-30.9,-17.4,-0.6,17.3,35.1,51.3,63.6,70.1,71.6,72.6,73.7,-69.4,-63.7,-54.9,-44.7,-34.9,0.4,13.5,25.3,37.4,48.0,-14.4,-14.1,-14.1,-14.0,-25.6,-18.0,-10.1,-1.9,5.9,-54.4,-47.1,-38.4,-29.9,-38.2,-46.7,8.3,16.3,25.5,34.5,26.6,17.5,-32.5,-25.1,-15.9,-8.2,0.4,13.8,27.7,16.0,3.7,-5.8,-14.0,-23.7,-28.4,-15.2,-7.4,1.4,23.2,2.3,-6.7,-14.6,-13.6,6.2,25.6,44.3,61.2,75.3,85.3,91.9,92.5,89.4,82.2,71.4,56.0,36.6,15.2,-6.8,-28.6,-29.8,-39.0,-43.3,-44.2,-43.3,-48.6,-53.4,-55.5,-54.1,-48.1,-24.4,-12.7,-1.4,10.3,20.4,22.0,23.1,19.7,16.5,-12.8,-17.2,-18.6,-16.6,-13.4,-11.9,-22.4,-27.1,-28.2,-26.5,-23.2,-21.8,48.2,39.5,34.9,35.3,32.4,34.1,38.8,49.7,55.4,57.7,58.3,56.2,47.9,41.4,40.8,38.7,40.0,46.8,48.9,49.5,1409.5,1406.7,1406.3,1406.2,1403.5,1396.3,1383.1,1366.8,1358.1,1359.5,1369.9,1379.2,1382.1,1380.9,1378.8,1379.7,1384.2,1382.0,1375.1,1366.3,1357.6,1348.5,1337.8,1341.5,1344.0,1346.4,1348.6,1343.7,1338.1,1332.1,1326.4,1344.0,1339.0,1334.5,1334.9,1335.9,1372.5,1366.4,1363.3,1359.6,1361.8,1365.0,1347.8,1347.1,1346.1,1346.8,1344.4,1345.3,1365.4,1348.5,1338.8,1334.9,1333.0,1338.7,1350.1,1338.2,1331.2,1333.0,1336.9,1348.6,1361.9,1340.4,1336.5,1334.2,1348.3,1334.1,1336.0,1340.4,2.212,0.06,0.213,-0.1119999999999999,625.769,394.151,-19.03,-21.469,1.3769999999999998,-4.558,-1.132,-4.111000000000001,-11.05,7.89,-9.68,-5.024,-16.134,2.72,3.935,-1.152,1.241,4.067,-0.134,-1.8,-6.959,-4.868,4.559,1.035,1.5830000000000002,-4.67,0.4379999999999999,2.585,2.316,-0.991,0.1009999999999999,0.05,1.126,0.08,0.303,0.363,0.84,1.84,0.0,0.0,1.24,1.88,0.8,1.73,1.48,0.74,0.41,0.24,0.0,0.0,1.85,0.06,1.52,1.0,1.0,0.0,0.0,1.0,1.0,0.0,1.0,1.0,1.0,1.0,0.0,0.0,0.0,1.0,1.0,0.0,1.0,
86.0,2.8360000000000003,0.98,-0.025254,0.2256409999999999,-0.973883,-0.237963,0.2406179999999999,-0.940998,-0.1369999999999999,0.239,532.1,534.7,544.2,555.1,560.9,559.3,548.8,538.0,519.4,525.4,533.4,543.0,553.6,563.3,571.2,564.7,555.0,544.6,534.5,526.0,542.5,547.9,552.7,553.9,551.0,545.6,540.9,539.6,666.3,669.3,679.4,690.6,696.3,693.3,683.2,671.4,658.2,664.8,673.8,684.5,695.3,704.7,712.1,706.0,697.2,686.6,675.5,665.5,677.1,682.2,686.8,688.2,685.6,680.5,675.9,674.5,328.0,317.2,311.2,313.4,322.6,334.2,339.5,337.2,333.1,328.1,323.6,320.6,319.9,321.1,323.4,327.2,329.2,331.4,333.2,334.1,331.8,332.9,329.9,324.5,320.0,318.8,321.8,327.2,306.7,295.9,290.4,293.3,303.0,313.8,319.3,317.4,312.0,307.1,302.6,299.6,299.4,301.4,304.6,306.8,308.0,309.2,310.8,312.6,310.8,312.1,309.6,304.7,300.3,299.0,301.5,306.4,-45.5,-44.4,-40.4,-35.8,-33.3,-34.0,-38.3,-43.0,-51.0,-48.4,-44.9,-40.8,-36.4,-32.3,-29.0,-31.7,-35.7,-40.1,-44.4,-48.1,-41.1,-38.8,-36.8,-36.3,-37.5,-39.8,-41.8,-42.3,10.7,12.0,16.1,20.7,23.0,21.8,17.6,12.8,7.4,10.2,13.8,18.2,22.6,26.5,29.6,27.0,23.4,19.0,14.5,10.4,15.2,17.3,19.1,19.7,18.7,16.6,14.7,14.1,-13.5,-18.0,-20.6,-19.7,-15.7,-10.9,-8.6,-9.6,-11.4,-13.4,-15.3,-16.6,-16.9,-16.4,-15.4,-13.8,-13.0,-12.0,-11.3,-10.9,-11.9,-11.4,-12.7,-14.9,-16.9,-17.4,-16.1,-13.8,-21.8,-26.2,-28.5,-27.3,-23.3,-18.9,-16.6,-17.4,-19.7,-21.6,-23.5,-24.7,-24.8,-24.0,-22.8,-21.8,-21.3,-20.7,-20.1,-19.4,-20.1,-19.6,-20.6,-22.6,-24.4,-25.0,-23.9,-21.9,1264.2,1265.3,1265.4,1264.6,1263.3,1262.4,1262.1,1262.9,1269.4,1266.6,1264.1,1262.8,1262.8,1263.7,1265.0,1263.0,1261.6,1261.5,1263.0,1265.8,1264.2,1263.8,1263.8,1264.4,1265.0,1265.4,1265.4,1264.8,1226.8,1228.2,1228.9,1228.4,1227.0,1225.5,1224.9,1225.6,1228.1,1226.9,1226.0,1226.0,1227.3,1229.7,1232.3,1228.9,1226.1,1224.6,1224.8,1226.1,1227.0,1226.8,1227.1,1227.7,1228.4,1228.6,1228.3,1227.6,-8.2,15.9,1347.0,0.046,0.2189999999999999,-0.098,485.0,487.5,494.5,505.7,521.3,542.9,566.8,595.6,632.6,672.2,711.8,747.7,775.8,791.0,795.2,797.5,799.6,488.6,499.8,517.5,538.9,559.4,637.4,667.0,693.8,720.6,744.4,603.8,603.9,603.4,603.0,578.4,594.9,612.3,630.8,648.3,519.1,534.0,552.9,571.3,553.3,535.0,655.5,673.4,694.1,714.2,696.4,676.1,564.8,579.7,599.5,616.4,635.4,665.8,697.3,670.4,642.1,621.0,603.0,582.5,573.6,601.1,618.2,637.5,687.1,639.0,619.1,601.8,332.8,372.8,412.2,450.8,486.7,518.8,543.6,562.3,566.2,559.4,542.5,518.4,485.1,443.5,396.6,348.3,301.0,293.7,274.1,264.7,262.7,264.5,252.9,242.2,237.9,241.7,255.2,307.1,332.9,358.3,384.5,406.2,410.4,413.3,405.7,399.1,331.9,322.3,319.4,323.8,330.8,333.9,311.5,301.4,299.2,302.9,310.2,313.1,466.5,449.0,439.7,441.0,434.8,438.6,448.5,473.6,486.3,491.0,491.8,485.6,466.4,454.3,453.4,449.2,451.1,466.6,470.7,471.3,-72.8,-71.4,-68.1,-62.9,-55.5,-45.2,-33.7,-20.2,-3.3,14.6,32.8,49.5,62.5,69.4,71.2,72.3,73.4,-69.7,-64.2,-55.8,-45.7,-36.2,-1.2,12.0,24.0,36.1,46.8,-16.2,-16.1,-16.2,-16.4,-27.6,-20.1,-12.3,-4.1,3.7,-55.3,-48.3,-39.6,-31.1,-39.3,-47.8,6.9,15.0,24.2,33.2,25.2,16.2,-34.2,-27.1,-18.1,-10.5,-2.1,11.5,25.7,13.5,0.9,-8.4,-16.5,-25.8,-30.1,-17.3,-9.7,-1.1,21.2,-0.5,-9.3,-17.1,-12.8,6.0,24.4,42.6,59.3,73.9,84.6,92.1,93.2,90.3,83.2,72.7,57.6,38.4,16.8,-5.4,-27.1,-30.5,-39.4,-43.4,-44.0,-42.9,-47.7,-52.5,-54.6,-52.9,-46.9,-23.7,-12.1,-0.8,10.8,20.7,22.5,23.7,20.3,17.4,-12.8,-17.2,-18.5,-16.4,-13.2,-11.9,-21.8,-26.3,-27.2,-25.6,-22.3,-21.0,48.4,40.0,35.5,36.0,33.2,35.0,39.8,50.6,56.0,58.1,58.7,56.4,48.2,42.1,41.6,39.6,40.9,47.3,49.3,49.7,1408.1,1405.4,1405.2,1405.5,1403.2,1396.1,1382.5,1365.8,1356.7,1357.8,1367.8,1377.0,1380.1,1378.9,1376.5,1376.8,1380.5,1381.7,1374.5,1365.4,1356.6,1347.4,1335.5,1338.7,1340.8,1342.7,1344.6,1341.9,1336.4,1330.4,1324.7,1342.7,1337.8,1333.3,1333.5,1334.3,1372.6,1366.3,1362.9,1359.0,1361.6,1365.0,1345.6,1344.7,1343.5,1344.0,1341.9,1343.0,1364.6,1347.3,1337.5,1333.5,1331.2,1336.7,1347.9,1336.1,1329.4,1331.3,1335.4,1347.4,1360.9,1339.2,1335.2,1332.6,1346.1,1332.1,1334.3,1338.9,2.215,0.064,0.235,-0.1,622.0459999999999,395.267,-17.748,-25.471,0.332,-4.613,-2.166,-4.142,-11.821,9.112,-9.111,-4.249,-15.533,1.692,3.29,-2.526,1.358,3.465,0.006,-1.815,-6.412999999999999,-4.743,3.94,0.7240000000000001,1.7380000000000002,-5.022,-0.276,2.567,3.033,-0.867,0.166,0.132,1.242,0.1009999999999999,0.292,0.4029999999999999,0.89,1.86,0.0,0.0,1.24,1.85,0.8,1.7,1.52,0.65,0.45,0.15,0.0,0.0,1.82,0.09,1.62,1.0,1.0,0.0,0.0,1.0,1.0,0.0,1.0,1.0,1.0,1.0,0.0,0.0,0.0,1.0,1.0,0.0,1.0,
87.0,2.87,0.98,-0.0579649999999999,0.24456,-0.9679,-0.256814,0.283469,-0.923955,-0.165,0.272,530.5,533.3,542.7,553.3,558.8,556.9,546.6,536.0,519.3,525.0,532.5,541.7,552.0,561.3,568.7,562.2,552.6,542.2,532.8,525.0,541.0,545.9,550.3,551.6,549.0,544.1,539.8,538.5,664.7,668.0,677.7,688.2,693.2,689.9,680.2,669.1,656.8,663.0,671.7,682.8,693.8,702.8,708.8,702.6,693.8,683.3,672.6,663.4,675.0,679.5,683.7,685.1,682.9,678.5,674.3,672.9,328.7,318.2,312.3,314.4,323.3,334.6,339.7,337.6,333.1,328.5,324.6,321.9,321.1,322.0,324.0,327.7,329.4,331.4,333.1,334.0,332.1,333.1,330.3,325.5,321.4,320.4,323.1,328.0,309.4,299.2,294.3,297.5,307.1,317.3,322.2,319.5,313.2,309.1,305.8,303.9,303.8,304.3,306.0,309.1,311.4,312.7,313.4,313.8,312.3,313.7,311.6,307.3,303.2,301.8,303.9,308.2,-47.9,-46.8,-42.6,-38.0,-35.5,-36.3,-40.8,-45.5,-53.0,-50.4,-47.0,-43.0,-38.5,-34.4,-31.2,-34.0,-38.2,-42.7,-46.9,-50.4,-43.3,-41.2,-39.3,-38.7,-39.9,-42.0,-43.9,-44.5,10.6,12.0,16.1,20.6,22.7,21.4,17.2,12.5,7.2,9.8,13.5,18.3,23.0,26.9,29.6,26.8,23.0,18.5,13.9,10.0,15.0,16.9,18.7,19.3,18.3,16.4,14.7,14.1,-13.7,-18.3,-20.9,-20.0,-16.0,-11.1,-8.9,-9.8,-11.8,-13.8,-15.5,-16.7,-17.0,-16.6,-15.8,-14.1,-13.3,-12.5,-11.8,-11.4,-12.2,-11.8,-13.0,-15.1,-16.9,-17.4,-16.2,-14.0,-21.6,-26.0,-28.1,-26.7,-22.6,-18.3,-16.2,-17.3,-20.1,-21.8,-23.1,-23.9,-24.0,-23.9,-23.2,-21.8,-20.8,-20.2,-19.9,-19.8,-20.4,-19.8,-20.7,-22.6,-24.3,-24.9,-24.0,-22.1,1313.6,1314.9,1315.0,1313.8,1312.1,1310.9,1310.7,1311.9,1318.3,1315.7,1313.3,1311.9,1311.7,1312.3,1313.4,1311.4,1310.1,1310.2,1312.0,1314.9,1313.2,1312.6,1312.7,1313.3,1314.1,1314.7,1314.6,1314.0,1282.8,1281.5,1280.9,1281.2,1282.4,1283.7,1284.3,1284.3,1285.4,1283.0,1281.1,1280.4,1282.0,1285.0,1288.2,1285.5,1283.0,1281.8,1282.1,1283.7,1284.0,1284.1,1283.9,1283.3,1282.8,1282.7,1283.0,1283.5,-9.4,16.3,1350.2,0.048,0.246,-0.088,485.9,487.5,493.7,504.4,519.3,540.3,563.3,591.5,628.0,667.7,707.8,744.8,774.2,790.6,795.4,797.9,800.5,489.2,499.8,517.0,538.0,557.8,635.3,665.3,692.2,718.9,742.6,601.1,600.7,599.8,598.8,574.8,591.2,608.4,627.0,644.6,518.4,533.0,551.2,569.0,551.4,533.9,653.7,671.4,691.6,711.3,693.4,673.7,562.3,576.5,595.6,612.3,631.3,661.7,693.3,666.0,637.5,616.4,598.6,579.0,571.0,597.1,614.1,633.3,683.1,634.5,614.8,597.5,333.5,372.5,410.9,449.1,484.8,517.0,542.4,562.4,567.3,561.1,544.5,521.1,488.6,447.1,399.5,350.7,303.1,291.8,272.6,263.7,262.3,264.7,254.3,243.8,239.6,243.7,257.2,308.9,334.3,359.4,385.3,406.4,411.0,414.2,406.7,400.2,332.0,323.5,320.7,324.3,331.2,333.9,313.0,304.5,302.8,305.8,312.6,315.1,466.4,449.6,440.9,442.4,436.6,440.3,450.4,474.5,486.6,491.0,491.4,485.1,466.4,455.5,454.8,450.9,452.7,467.1,470.9,471.2,-72.5,-71.6,-68.7,-63.7,-56.6,-46.5,-35.4,-22.1,-5.4,12.6,30.9,48.1,61.8,69.2,71.3,72.4,73.8,-69.6,-64.4,-56.1,-46.2,-37.0,-2.1,11.3,23.3,35.3,46.0,-17.4,-17.5,-17.9,-18.2,-29.3,-21.8,-14.1,-5.8,2.0,-55.8,-48.9,-40.5,-32.3,-40.3,-48.4,6.1,14.1,23.1,32.0,23.9,15.1,-35.4,-28.6,-19.9,-12.3,-3.9,9.7,24.0,11.6,-1.1,-10.5,-18.5,-27.5,-31.4,-19.2,-11.6,-3.0,19.4,-2.4,-11.2,-19.0,-12.5,5.9,23.9,41.9,58.5,73.2,84.2,92.3,93.9,91.2,84.2,74.0,59.2,40.0,18.1,-4.3,-26.2,-31.5,-40.2,-43.9,-44.3,-42.9,-47.1,-51.9,-53.8,-52.1,-46.1,-22.9,-11.5,-0.3,11.2,20.8,22.8,24.1,20.8,17.9,-12.9,-16.7,-17.9,-16.2,-13.1,-11.9,-21.1,-24.9,-25.6,-24.3,-21.2,-20.1,48.5,40.3,36.1,36.7,34.0,35.9,40.6,51.1,56.2,58.3,58.6,56.3,48.3,42.7,42.3,40.5,41.7,47.6,49.4,49.7,1410.9,1408.8,1409.3,1410.2,1407.4,1399.4,1385.2,1368.5,1359.3,1360.2,1369.3,1377.9,1380.5,1379.0,1376.4,1376.1,1379.1,1385.5,1378.3,1369.0,1360.1,1351.0,1337.5,1340.2,1341.8,1343.1,1344.6,1344.6,1339.2,1333.4,1328.0,1346.0,1341.1,1336.5,1336.4,1336.8,1376.2,1370.0,1366.4,1362.4,1365.1,1368.7,1347.3,1346.1,1344.7,1344.9,1343.3,1344.6,1367.2,1350.1,1340.6,1336.4,1333.8,1338.8,1349.6,1338.5,1332.3,1334.4,1338.5,1350.4,1363.5,1342.2,1338.0,1335.2,1347.9,1334.9,1337.3,1342.0,2.211,0.066,0.264,-0.089,619.46,396.169,-19.196,-26.995,-1.536,-6.855,-2.32,-4.37,-11.76,9.664,-8.818999999999999,-4.501,-15.552,0.7140000000000001,3.253,-3.693,1.664,3.01,-2.238,-3.085,-6.457000000000001,-5.006,3.096,0.513,2.035,-5.653,-0.7120000000000001,2.6180000000000003,2.7260000000000004,-0.879,0.3389999999999999,0.3279999999999999,1.167,-0.073,0.235,0.481,0.95,1.94,0.0,0.0,1.2,1.6,0.79,1.6,1.55,0.65,0.45,0.08,0.0,0.0,1.76,0.19,2.1,1.0,1.0,0.0,0.0,1.0,1.0,0.0,1.0,1.0,1.0,1.0,0.0,0.0,0.0,1.0,1.0,0.0,1.0,
88.0,2.903,0.98,-0.055884,0.256621,-0.964895,-0.2144739999999999,0.365297,-0.905847,-0.144,0.321,532.3,534.9,543.6,553.3,558.4,556.6,547.1,537.4,521.4,526.7,533.7,542.2,551.6,560.1,566.8,561.1,551.9,542.2,533.7,526.5,542.2,546.4,550.2,551.3,549.1,544.9,541.1,540.0,664.7,667.8,677.5,688.3,693.6,690.5,680.8,669.4,655.4,661.8,670.5,680.8,691.0,699.7,706.9,700.6,692.1,682.2,671.5,662.1,675.3,679.9,684.0,685.4,683.1,678.5,674.3,673.0,330.6,320.8,315.5,317.7,326.1,336.5,341.2,339.0,333.9,330.5,327.9,325.8,324.9,325.0,325.6,330.3,332.7,334.8,336.0,336.0,333.5,334.4,332.1,327.9,324.2,323.3,325.6,329.8,316.2,305.7,300.5,303.6,313.3,323.8,329.0,326.5,314.8,313.1,311.9,311.1,310.7,310.1,310.2,314.6,317.8,319.7,319.7,318.4,319.0,320.4,318.1,313.6,309.5,308.2,310.4,314.9,-51.2,-50.1,-45.9,-41.2,-38.8,-39.6,-44.1,-48.8,-56.6,-54.0,-50.6,-46.5,-42.0,-38.0,-34.8,-37.5,-41.8,-46.4,-50.5,-54.1,-46.5,-44.5,-42.7,-42.2,-43.3,-45.3,-47.1,-47.6,10.9,12.3,16.6,21.3,23.7,22.3,18.0,13.0,6.8,9.6,13.4,18.0,22.5,26.4,29.6,26.8,23.0,18.6,13.9,9.8,15.6,17.6,19.5,20.1,19.0,17.0,15.2,14.6,-14.0,-18.7,-21.2,-20.1,-16.1,-11.2,-8.9,-10.0,-12.5,-14.0,-15.3,-16.2,-16.7,-16.6,-16.4,-14.1,-13.0,-12.0,-11.4,-11.4,-12.6,-12.2,-13.3,-15.3,-17.0,-17.5,-16.4,-14.4,-19.3,-24.0,-26.3,-24.9,-20.6,-16.0,-13.7,-14.8,-20.0,-20.7,-21.2,-21.6,-21.8,-22.1,-22.1,-20.1,-18.6,-17.8,-17.8,-18.4,-18.1,-17.5,-18.5,-20.5,-22.3,-22.9,-21.9,-19.9,1427.5,1428.5,1428.5,1427.5,1426.1,1425.2,1425.0,1426.0,1432.5,1429.6,1427.1,1425.7,1425.5,1426.3,1427.5,1425.6,1424.2,1424.3,1426.2,1429.2,1427.3,1426.8,1426.8,1427.3,1427.9,1428.4,1428.3,1427.9,1326.1,1324.7,1324.0,1324.3,1325.5,1326.8,1327.5,1327.6,1327.9,1325.6,1323.8,1323.2,1324.1,1326.3,1329.1,1327.0,1325.0,1323.9,1324.4,1326.2,1327.3,1327.4,1327.1,1326.5,1326.0,1325.9,1326.2,1326.8,-10.1,16.9,1360.6,0.049,0.2739999999999999,-0.076,486.4,487.5,493.2,503.9,518.5,539.3,560.8,588.4,624.7,664.2,705.0,742.7,772.6,789.3,794.3,797.6,801.9,490.3,500.7,517.1,537.7,556.9,634.5,665.4,692.4,718.7,742.3,599.8,599.2,598.0,596.7,573.4,589.7,606.5,624.9,642.5,519.3,533.7,551.2,568.3,551.3,534.7,652.9,670.2,689.7,709.2,691.2,672.2,561.1,575.0,593.5,610.3,629.2,659.6,691.2,663.3,634.7,613.4,595.6,577.0,569.8,594.9,612.0,631.1,680.9,631.7,612.0,594.7,332.1,371.0,409.4,447.7,483.1,515.4,541.3,562.3,568.3,562.8,546.8,524.3,492.4,450.7,402.4,353.3,305.5,289.8,270.6,261.9,260.8,263.2,254.1,244.3,241.0,245.5,258.9,311.0,335.1,359.1,383.9,406.0,410.8,414.1,406.8,400.5,334.0,327.4,324.6,326.2,333.4,336.0,316.3,310.6,309.5,311.2,317.5,319.5,466.1,449.7,441.6,443.3,437.8,441.7,451.9,475.0,486.5,490.6,490.7,484.5,466.3,456.5,456.2,452.3,454.0,466.7,470.3,470.4,-72.8,-72.2,-69.5,-64.5,-57.4,-47.3,-36.8,-23.7,-7.0,11.1,29.9,47.4,61.3,68.9,71.0,72.5,74.6,-69.7,-64.5,-56.5,-46.7,-37.7,-2.4,11.4,23.6,35.4,46.1,-18.2,-18.4,-18.8,-19.3,-30.1,-22.7,-15.1,-6.8,1.1,-55.8,-48.9,-40.8,-32.8,-40.7,-48.4,5.8,13.6,22.4,31.2,23.1,14.5,-36.2,-29.5,-20.9,-13.3,-4.8,8.8,23.2,10.4,-2.4,-11.9,-20.0,-28.6,-32.1,-20.3,-12.6,-4.0,18.5,-3.7,-12.6,-20.4,-13.2,5.2,23.4,41.5,58.2,72.9,84.2,92.9,95.0,92.6,85.8,75.9,61.2,41.8,19.5,-3.1,-25.1,-32.7,-41.4,-45.1,-45.3,-43.9,-47.5,-52.0,-53.5,-51.5,-45.5,-22.1,-11.2,-0.4,10.7,20.8,22.9,24.3,21.0,18.2,-12.0,-15.0,-16.2,-15.5,-12.2,-11.0,-19.8,-22.3,-22.8,-22.0,-19.2,-18.3,48.7,40.7,36.7,37.4,34.8,36.7,41.6,51.7,56.6,58.5,58.7,56.4,48.7,43.5,43.2,41.4,42.5,47.8,49.5,49.7,1421.3,1419.5,1420.5,1421.4,1416.9,1407.6,1392.8,1376.8,1368.6,1369.5,1377.7,1385.0,1386.2,1383.7,1380.7,1380.3,1383.1,1395.7,1388.5,1379.0,1370.3,1361.1,1345.2,1347.8,1349.2,1350.2,1351.3,1354.2,1349.4,1344.4,1339.6,1356.5,1352.0,1347.6,1347.1,1347.2,1386.2,1380.0,1376.5,1372.7,1375.3,1378.9,1355.7,1354.4,1352.6,1352.6,1351.5,1353.0,1376.7,1359.9,1350.9,1346.5,1343.6,1347.9,1358.1,1347.6,1341.9,1344.0,1348.3,1359.9,1373.0,1352.4,1348.2,1344.9,1356.4,1344.4,1346.9,1351.7,2.196,0.065,0.295,-0.078,618.111,397.121,-24.402,-26.792,-4.584,-11.999,-0.907,-5.9,-12.544,10.574000000000002,-9.685,-6.484,-19.608,-1.62,0.902,-4.933,1.46,2.732,-5.2,-5.122999999999999,-7.167999999999999,-6.829,3.508,-0.361,2.78,-6.653,-1.255,2.267,2.623,-0.821,0.313,0.382,0.633,-0.332,-0.368,0.536,0.95,2.03,0.0,0.0,1.05,1.15,0.76,1.48,1.52,0.64,0.43,0.02,0.0,0.04,1.68,0.25,2.71,1.0,1.0,0.0,0.0,1.0,1.0,0.0,1.0,1.0,1.0,1.0,0.0,0.0,0.0,1.0,1.0,0.0,1.0,
89.0,2.9360000000000004,0.98,-0.051983,0.294257,-0.954312,-0.248951,0.3794349999999999,-0.8910959999999999,-0.162,0.35,533.7,536.0,544.3,553.9,559.1,557.6,548.5,538.9,522.1,527.3,534.3,542.9,552.2,560.6,567.1,561.7,553.0,543.4,534.8,527.4,543.3,547.5,551.1,552.1,549.9,545.7,542.0,541.0,665.4,668.8,678.5,688.9,693.9,690.5,680.7,669.7,656.4,663.0,671.8,682.1,692.0,700.3,707.1,701.4,693.4,683.9,673.0,663.2,675.6,680.1,684.2,685.7,683.6,679.1,675.0,673.5,330.5,320.8,315.6,317.8,326.3,336.5,341.2,339.0,332.6,330.0,327.8,325.9,324.8,324.5,324.7,329.3,332.1,334.3,335.4,335.0,333.1,334.1,331.8,327.6,323.9,322.9,325.2,329.4,316.9,306.4,301.4,304.8,314.6,325.1,330.1,327.4,314.7,313.8,313.0,312.2,311.9,311.5,311.8,316.2,319.0,320.5,320.5,319.0,320.2,321.7,319.5,315.1,310.9,309.4,311.6,316.0,-51.7,-50.6,-46.6,-41.9,-39.4,-40.1,-44.5,-49.2,-57.6,-55.0,-51.5,-47.2,-42.7,-38.6,-35.5,-38.1,-42.3,-47.0,-51.2,-54.9,-47.1,-45.0,-43.3,-42.8,-43.9,-45.9,-47.7,-48.2,11.4,12.9,17.3,21.9,24.1,22.6,18.3,13.3,7.4,10.3,14.2,18.8,23.3,27.0,30.2,27.6,23.9,19.6,14.8,10.4,16.0,18.0,19.8,20.5,19.5,17.5,15.7,15.0,-14.4,-19.1,-21.6,-20.5,-16.4,-11.4,-9.1,-10.2,-13.4,-14.6,-15.7,-16.6,-17.1,-17.3,-17.2,-14.9,-13.6,-12.5,-12.0,-12.2,-13.1,-12.6,-13.7,-15.8,-17.6,-18.1,-17.0,-14.9,-19.3,-24.0,-26.2,-24.7,-20.3,-15.6,-13.4,-14.6,-20.3,-20.7,-21.1,-21.4,-21.5,-21.8,-21.7,-19.7,-18.4,-17.7,-17.7,-18.4,-17.8,-17.2,-18.2,-20.2,-22.0,-22.7,-21.7,-19.7,1460.3,1460.3,1460.0,1459.6,1459.3,1459.5,1459.6,1460.0,1465.9,1462.8,1460.1,1458.6,1458.5,1459.6,1461.1,1459.5,1458.1,1458.3,1460.1,1462.8,1460.7,1460.5,1460.4,1460.4,1460.5,1460.7,1460.9,1460.9,1344.2,1343.5,1343.3,1343.7,1344.3,1345.0,1345.2,1345.2,1345.8,1344.0,1342.6,1342.3,1343.5,1345.7,1348.8,1346.2,1343.9,1342.5,1342.6,1344.2,1345.4,1345.5,1345.4,1345.2,1344.9,1344.7,1344.8,1345.1,-10.0,16.9,1355.2,0.052,0.294,-0.067,486.8,487.7,493.6,504.4,519.1,540.2,561.2,588.4,624.3,663.4,704.4,742.4,772.7,789.7,794.8,798.6,803.6,491.3,502.3,518.9,539.6,558.8,635.7,667.3,694.4,720.9,744.6,600.4,599.6,598.1,596.6,573.5,589.6,606.1,624.5,642.2,520.0,534.6,552.0,568.7,551.8,535.4,654.0,671.3,690.8,710.2,692.1,673.1,561.4,575.3,593.5,609.7,628.0,658.4,690.5,661.2,632.3,611.6,594.4,576.7,570.0,594.6,611.3,629.6,679.7,629.7,610.6,593.8,327.6,367.6,407.2,446.5,482.8,515.9,542.2,563.8,570.1,565.0,549.5,527.3,495.4,453.5,404.4,354.4,305.7,288.1,268.7,260.1,259.3,261.8,253.6,244.1,241.2,246.1,260.2,310.3,334.3,358.0,382.8,405.3,410.2,413.6,406.6,400.5,333.1,327.1,324.3,325.3,332.9,335.3,316.4,311.7,310.9,312.4,318.5,320.3,466.5,450.5,442.6,444.4,439.3,443.6,453.9,476.3,486.9,490.6,490.5,484.4,466.9,457.5,457.4,453.8,456.0,467.1,470.2,470.2,-72.3,-71.8,-69.1,-64.0,-56.9,-46.6,-36.4,-23.6,-7.1,10.7,29.4,47.0,60.9,68.6,70.8,72.5,74.9,-68.9,-63.5,-55.4,-45.6,-36.7,-1.9,12.2,24.3,36.2,46.8,-17.8,-18.1,-18.7,-19.3,-30.0,-22.6,-15.2,-6.9,1.0,-55.2,-48.3,-40.2,-32.5,-40.2,-47.9,6.3,14.1,22.8,31.5,23.3,14.9,-35.9,-29.2,-20.8,-13.5,-5.3,8.2,22.7,9.5,-3.4,-12.7,-20.4,-28.6,-31.9,-20.4,-12.8,-4.6,17.9,-4.6,-13.2,-20.7,-15.3,3.6,22.3,40.9,57.8,72.8,84.2,93.1,95.4,93.2,86.6,76.9,62.2,42.8,20.3,-2.6,-24.9,-33.3,-42.1,-45.7,-45.8,-44.4,-47.5,-51.8,-53.1,-50.9,-44.7,-22.3,-11.5,-0.9,10.1,20.4,22.5,24.0,20.8,18.1,-12.4,-15.1,-16.3,-15.8,-12.4,-11.3,-19.6,-21.7,-22.0,-21.3,-18.6,-17.8,48.7,40.9,37.1,37.8,35.4,37.4,42.3,52.0,56.5,58.2,58.4,56.2,48.7,43.8,43.6,41.9,43.2,47.8,49.3,49.4,1416.6,1415.1,1416.3,1416.7,1411.1,1400.8,1385.9,1370.4,1362.7,1363.6,1371.3,1377.9,1378.1,1374.9,1371.5,1370.7,1373.0,1389.8,1382.6,1373.1,1364.5,1355.2,1338.3,1340.6,1341.6,1342.2,1343.2,1347.8,1343.4,1338.6,1334.1,1350.7,1346.3,1341.8,1341.2,1341.0,1380.4,1374.3,1370.8,1366.8,1369.6,1373.2,1348.8,1347.4,1345.5,1345.1,1344.5,1346.0,1371.0,1354.3,1345.5,1341.1,1338.2,1342.1,1351.8,1341.4,1336.1,1338.2,1342.4,1354.1,1367.2,1346.8,1342.7,1339.4,1350.1,1338.5,1341.0,1345.7,2.206,0.068,0.317,-0.068,618.328,397.365,-27.031,-24.701,-6.496,-13.571,0.111,-5.197,-12.164,10.079,-8.846,-9.178,-21.294,-2.257,-0.449,-6.182,0.255,3.294,-6.17,-4.992,-7.167999999999999,-6.734,3.4530000000000003,-0.7,3.722,-6.744,-1.6130000000000002,1.912,2.835,-0.573,0.297,0.583,0.557,-0.2769999999999999,-0.31,0.518,0.93,2.11,0.0,0.0,0.91,0.97,0.78,1.41,1.46,0.65,0.43,0.06,0.0,0.09,1.6,0.36,3.05,1.0,1.0,0.0,0.0,0.0,0.0,0.0,1.0,1.0,1.0,1.0,0.0,0.0,0.0,1.0,1.0,0.0,1.0,
90.0,2.97,0.93,-0.053501,0.275596,-0.959783,-0.279259,0.354012,-0.892575,-0.178,0.3279999999999999,534.9,537.4,546.1,555.9,561.1,559.4,549.9,540.1,523.0,528.1,535.3,544.2,554.1,563.1,570.3,564.4,554.9,544.8,535.7,528.2,545.0,549.1,552.7,553.7,551.6,547.5,543.9,542.8,666.9,670.3,680.5,691.3,696.5,693.0,682.9,671.4,658.6,665.1,674.1,685.2,696.1,705.0,711.9,705.5,696.7,686.6,675.3,665.4,677.9,682.3,686.4,687.8,685.7,681.3,677.2,675.7,326.6,316.6,311.3,313.8,322.6,333.2,338.0,335.5,329.1,326.4,323.9,321.8,321.0,321.0,321.3,325.7,328.1,330.2,331.5,331.4,329.3,330.3,328.1,323.9,320.2,319.2,321.4,325.6,313.8,303.4,298.5,302.1,311.9,322.3,327.2,324.2,312.3,310.9,310.0,309.4,309.3,308.8,309.2,313.6,316.7,318.3,318.1,316.2,316.6,318.1,316.1,311.8,307.8,306.4,308.4,312.6,-48.8,-47.6,-43.6,-39.0,-36.6,-37.4,-41.8,-46.4,-54.6,-52.1,-48.6,-44.4,-39.8,-35.7,-32.4,-35.1,-39.4,-44.1,-48.4,-52.0,-44.1,-42.2,-40.5,-40.0,-41.1,-43.0,-44.6,-45.1,11.4,12.9,17.2,21.8,24.0,22.6,18.3,13.4,7.9,10.7,14.5,19.2,23.8,27.6,30.6,27.9,24.1,19.8,15.0,10.8,16.1,18.0,19.7,20.3,19.4,17.5,15.8,15.2,-15.5,-20.1,-22.6,-21.4,-17.3,-12.4,-10.2,-11.4,-14.4,-15.7,-16.8,-17.7,-18.1,-18.1,-18.0,-15.9,-14.8,-13.8,-13.2,-13.3,-14.3,-13.8,-14.8,-16.7,-18.5,-18.9,-17.9,-16.0,-19.6,-24.0,-26.1,-24.6,-20.4,-16.0,-14.0,-15.2,-20.3,-20.9,-21.2,-21.4,-21.5,-21.8,-21.7,-19.8,-18.4,-17.7,-17.8,-18.6,-18.4,-17.8,-18.7,-20.5,-22.2,-22.8,-21.9,-20.1,1392.7,1392.7,1392.3,1391.6,1391.1,1391.3,1391.5,1392.2,1399.0,1395.6,1392.7,1390.9,1390.6,1391.5,1392.9,1391.3,1390.1,1390.5,1392.4,1395.5,1392.8,1392.6,1392.4,1392.4,1392.6,1392.9,1393.1,1393.1,1275.5,1273.9,1273.0,1273.3,1274.6,1276.3,1277.2,1277.3,1277.1,1274.9,1273.1,1272.6,1273.7,1276.0,1279.0,1276.8,1274.8,1273.6,1273.9,1275.6,1276.7,1276.8,1276.4,1275.7,1275.2,1275.0,1275.4,1276.1,-9.3,16.4,1343.1,0.043,0.275,-0.054,488.7,489.2,494.9,505.6,520.0,540.5,561.4,588.4,624.1,663.0,703.6,741.5,772.3,790.0,796.0,800.1,805.0,493.3,503.9,521.1,542.1,561.6,638.8,670.0,697.2,723.9,747.7,602.7,601.5,599.7,597.7,574.4,590.5,607.2,625.9,643.9,521.3,536.0,553.8,571.1,553.8,536.9,656.4,674.4,694.3,713.9,695.6,676.2,562.8,576.8,595.1,610.9,628.8,658.7,690.3,661.3,632.9,612.8,595.9,578.1,571.4,596.1,612.4,630.4,679.5,630.2,611.6,595.3,324.8,365.0,405.0,444.6,481.4,515.2,542.1,563.8,570.6,566.3,551.9,530.0,498.1,456.0,406.4,355.5,305.9,286.8,266.9,258.3,257.8,260.5,252.9,243.5,240.6,245.8,260.6,307.4,332.2,356.7,382.3,404.2,409.3,412.8,405.9,400.1,329.5,322.9,320.3,322.2,329.6,332.0,314.0,308.5,307.8,310.1,316.3,317.9,466.3,450.4,442.2,444.3,439.2,444.2,455.0,476.7,486.7,490.1,489.9,483.9,466.7,457.4,457.4,454.1,456.9,466.2,469.0,468.8,-70.8,-70.5,-67.9,-62.9,-56.0,-46.1,-36.0,-23.4,-7.2,10.4,28.9,46.4,60.5,68.4,71.0,72.8,75.1,-67.4,-62.2,-54.0,-44.1,-35.1,-0.5,13.3,25.4,37.3,47.9,-16.6,-17.1,-17.8,-18.6,-29.3,-22.0,-14.6,-6.2,1.7,-54.2,-47.3,-39.1,-31.1,-39.0,-46.8,7.3,15.3,24.2,32.9,24.8,16.1,-35.0,-28.3,-20.0,-12.9,-5.0,8.3,22.5,9.4,-3.1,-12.0,-19.6,-27.7,-31.0,-19.5,-12.2,-4.3,17.6,-4.3,-12.6,-19.9,-16.5,2.4,21.0,39.6,56.7,71.9,83.5,92.4,94.9,93.1,87.1,77.6,63.1,43.8,21.1,-2.1,-24.6,-33.6,-42.5,-46.2,-46.1,-44.6,-47.4,-51.7,-53.0,-50.7,-44.2,-23.5,-12.4,-1.5,9.8,19.7,21.9,23.4,20.4,17.8,-13.9,-16.9,-18.0,-17.1,-13.8,-12.7,-20.5,-23.0,-23.2,-22.2,-19.4,-18.8,48.2,40.4,36.5,37.3,35.0,37.3,42.4,51.7,55.9,57.5,57.6,55.4,48.2,43.3,43.2,41.6,43.2,47.0,48.3,48.4,1404.5,1402.9,1404.0,1404.5,1399.7,1390.1,1375.3,1359.7,1352.0,1353.4,1362.0,1369.9,1371.2,1368.5,1365.0,1363.7,1365.7,1378.6,1371.3,1361.9,1353.2,1343.9,1328.3,1330.8,1332.0,1332.8,1333.9,1336.8,1331.8,1326.3,1321.2,1338.6,1334.0,1329.5,1329.3,1329.6,1369.4,1363.4,1359.7,1355.5,1358.5,1362.1,1338.5,1337.3,1335.6,1335.5,1334.5,1335.9,1358.8,1342.0,1333.2,1329.2,1326.4,1330.7,1340.8,1329.8,1324.3,1326.2,1330.2,1341.7,1354.8,1334.8,1330.9,1327.9,1338.8,1326.7,1329.1,1333.5,2.224,0.06,0.295,-0.0559999999999999,619.744,396.523,-21.238000000000003,-25.929,-6.626,-6.611000000000001,-2.135,-3.119,-10.975,10.817,-8.424,-10.402,-19.521,-1.881,1.239,-6.519,-0.275,2.776,-4.561,-4.19,-6.694,-6.1370000000000005,3.699,-0.753,3.551,-6.534,-1.579,1.631,2.904,-0.691,0.156,0.414,0.713,-0.327,-0.0069999999999999,0.609,0.93,2.1,0.0,0.0,0.88,1.15,0.86,1.42,1.39,0.6,0.48,0.13,0.0,0.12,1.55,0.55,2.87,1.0,1.0,0.0,0.0,0.0,0.0,0.0,1.0,1.0,1.0,1.0,0.0,0.0,0.0,1.0,1.0,0.0,1.0,
91.0,3.003,0.93,-0.0441029999999999,0.257003,-0.965404,-0.264661,0.309704,-0.913257,-0.163,0.293,537.0,540.0,549.5,559.8,565.0,562.8,552.5,542.2,524.9,530.8,538.3,547.4,557.3,566.3,573.3,567.0,557.5,547.2,538.0,530.3,547.3,551.9,556.1,557.4,555.1,550.6,546.4,545.0,670.8,674.4,684.4,695.0,700.1,696.5,686.5,675.2,662.4,668.6,677.4,688.6,699.8,708.9,715.2,708.9,700.1,689.7,678.5,668.9,681.5,686.0,690.2,691.6,689.5,685.1,680.9,679.4,323.4,313.5,308.2,310.5,319.2,329.8,334.3,332.0,327.2,323.0,319.7,317.6,317.2,318.1,319.9,323.3,324.6,326.2,327.6,328.3,326.8,327.9,325.5,321.1,317.3,316.3,318.6,323.0,310.7,300.7,296.1,299.6,309.0,319.0,323.6,320.6,310.8,308.7,307.3,306.6,306.7,306.5,307.4,311.5,314.4,315.8,315.5,313.9,313.5,314.9,313.0,308.8,304.8,303.4,305.3,309.5,-46.5,-45.2,-40.9,-36.2,-33.8,-34.8,-39.4,-44.1,-52.1,-49.4,-45.9,-41.8,-37.3,-33.3,-30.1,-32.9,-37.2,-41.8,-46.0,-49.6,-41.8,-39.7,-37.9,-37.3,-38.3,-40.4,-42.3,-42.9,13.1,14.6,18.8,23.3,25.5,24.0,19.8,15.0,9.5,12.1,15.9,20.6,25.4,29.3,32.0,29.3,25.5,21.1,16.3,12.3,17.7,19.5,21.3,21.9,21.0,19.1,17.4,16.7,-16.5,-21.0,-23.4,-22.3,-18.4,-13.6,-11.6,-12.6,-14.8,-16.7,-18.2,-19.1,-19.3,-18.9,-18.1,-16.5,-15.9,-15.2,-14.6,-14.3,-15.0,-14.5,-15.6,-17.5,-19.3,-19.7,-18.7,-16.7,-20.9,-25.1,-27.1,-25.6,-21.6,-17.4,-15.5,-16.8,-20.9,-21.8,-22.3,-22.6,-22.6,-22.7,-22.4,-20.6,-19.4,-18.8,-18.9,-19.6,-19.8,-19.2,-20.0,-21.7,-23.4,-24.0,-23.2,-21.5,1353.9,1355.6,1356.1,1355.0,1353.1,1351.5,1350.9,1352.0,1358.7,1356.2,1354.0,1352.8,1352.6,1353.3,1354.4,1352.3,1350.8,1350.8,1352.5,1355.4,1353.6,1353.2,1353.4,1354.1,1355.0,1355.4,1355.2,1354.5,1273.8,1272.0,1271.1,1271.5,1273.0,1274.8,1275.8,1275.8,1276.3,1273.9,1272.0,1271.3,1272.5,1275.0,1278.0,1276.0,1274.0,1272.8,1273.2,1274.9,1275.1,1275.2,1274.8,1274.1,1273.4,1273.2,1273.7,1274.4,-8.3,15.9,1338.3,0.036,0.2739999999999999,-0.044,490.8,491.0,496.6,506.9,521.0,541.1,561.9,589.1,624.7,663.5,704.0,742.0,773.1,791.2,797.6,801.9,806.8,495.7,506.6,524.2,545.4,565.2,642.7,673.6,700.8,727.4,750.9,605.7,604.4,602.3,600.2,576.7,592.7,609.3,628.0,646.1,523.7,538.5,556.7,574.0,556.6,539.3,659.6,677.5,697.8,717.3,699.2,679.5,564.6,578.6,597.0,612.7,630.4,660.4,691.8,662.7,634.1,614.1,597.4,579.7,573.3,597.8,614.0,631.8,680.9,631.6,613.1,596.9,323.4,363.6,403.4,443.0,480.1,514.4,542.0,564.1,571.2,567.3,553.4,531.8,499.9,457.7,407.7,356.1,305.9,284.9,264.9,256.6,256.4,259.4,252.5,242.9,240.0,245.3,260.7,305.2,330.3,355.2,381.1,403.0,408.1,411.8,405.1,399.4,326.3,319.0,316.6,319.5,326.8,329.1,311.9,305.7,305.1,308.3,314.6,316.0,465.8,449.6,441.4,443.6,438.7,444.1,455.6,476.9,486.3,489.3,488.9,482.9,466.1,456.8,456.9,453.8,457.3,465.7,468.2,467.7,-69.6,-69.4,-66.9,-62.1,-55.3,-45.6,-35.7,-23.0,-6.9,10.6,28.9,46.4,60.6,68.7,71.5,73.4,75.6,-66.1,-60.7,-52.4,-42.5,-33.4,1.2,14.9,26.9,38.7,49.1,-15.2,-15.8,-16.6,-17.5,-28.1,-21.0,-13.6,-5.3,2.7,-52.9,-46.0,-37.6,-29.7,-37.6,-45.6,8.7,16.7,25.7,34.3,26.3,17.5,-34.1,-27.4,-19.1,-12.0,-4.2,9.0,23.1,10.0,-2.6,-11.4,-18.8,-26.9,-30.0,-18.7,-11.5,-3.6,18.2,-3.7,-11.9,-19.1,-17.1,1.7,20.2,38.7,55.8,71.3,83.1,92.2,94.8,93.2,87.5,78.2,63.7,44.4,21.6,-1.8,-24.5,-34.4,-43.3,-46.8,-46.6,-44.9,-47.5,-51.8,-53.1,-50.8,-44.0,-24.3,-13.1,-2.1,9.3,19.1,21.3,22.9,19.9,17.4,-15.3,-18.6,-19.6,-18.2,-15.0,-14.0,-21.4,-24.1,-24.3,-22.9,-20.1,-19.5,47.7,39.9,36.0,36.9,34.7,37.2,42.6,51.6,55.5,57.0,57.0,54.8,47.7,42.9,42.8,41.4,43.3,46.6,47.7,47.7,1399.9,1398.2,1398.9,1399.1,1394.2,1384.6,1370.1,1354.6,1346.7,1348.0,1356.8,1364.9,1366.6,1364.0,1360.5,1358.8,1360.4,1373.5,1366.3,1357.1,1348.7,1339.7,1324.5,1326.7,1327.6,1328.1,1329.0,1332.2,1327.0,1321.4,1316.2,1333.7,1329.0,1324.7,1324.5,1324.8,1364.7,1358.8,1355.2,1350.9,1353.9,1357.6,1334.0,1332.8,1331.1,1331.0,1330.0,1331.4,1353.9,1337.0,1328.4,1324.4,1321.7,1326.0,1335.9,1324.9,1319.4,1321.3,1325.3,1336.7,1349.8,1329.9,1326.1,1323.1,1333.9,1321.9,1324.2,1328.6,2.232,0.052,0.294,-0.045,621.823,395.626,-22.542,-25.793000000000003,-7.091,-5.485,-2.825,-1.746,-10.472,10.972,-6.986000000000001,-11.034,-18.657,-1.869,1.172,-6.742999999999999,-0.465,2.509,-3.298,-3.418,-5.671,-5.692,2.911,-0.948,3.463,-6.422000000000001,-1.321,1.3090000000000002,2.6460000000000004,-0.7659999999999999,0.215,0.494,0.865,-0.252,0.1989999999999999,0.757,0.87,2.09,0.0,0.0,0.88,1.52,0.95,1.45,1.32,0.55,0.48,0.16,0.0,0.1,1.54,0.65,2.41,1.0,1.0,0.0,0.0,0.0,0.0,0.0,1.0,1.0,0.0,1.0,0.0,0.0,0.0,1.0,1.0,0.0,1.0,
92.0,3.036,0.93,-0.050235,0.236533,-0.970324,-0.2636219999999999,0.281411,-0.922665,-0.1639999999999999,0.267,538.4,541.7,551.9,562.9,568.3,565.9,554.8,543.8,526.2,532.6,540.5,549.8,560.0,569.5,577.2,570.4,560.5,549.9,540.1,532.1,549.1,554.4,559.2,560.8,558.2,553.0,548.1,546.5,673.8,677.7,687.7,698.0,702.6,698.8,688.8,677.8,665.3,671.6,680.4,691.9,703.1,712.1,717.8,711.6,702.8,692.4,681.5,672.0,684.0,688.5,692.8,694.5,692.5,688.0,683.7,682.0,320.7,310.5,304.9,307.2,316.1,327.2,331.9,329.6,324.9,320.3,316.4,314.2,313.8,315.1,317.5,320.9,322.2,323.7,325.1,325.8,324.7,325.9,323.2,318.3,314.0,312.9,315.6,320.5,308.2,298.2,293.8,297.5,307.1,317.1,321.5,318.3,310.9,307.4,304.9,303.7,304.1,304.7,306.6,309.7,311.9,312.8,312.9,312.4,311.5,313.0,311.1,306.8,302.7,301.1,303.0,307.3,-43.1,-41.8,-37.5,-32.8,-30.4,-31.4,-36.1,-40.8,-48.5,-45.7,-42.3,-38.3,-33.9,-29.9,-26.7,-29.5,-33.7,-38.2,-42.3,-45.9,-38.6,-36.3,-34.3,-33.6,-34.8,-37.0,-39.1,-39.7,14.3,15.9,20.2,24.6,26.5,24.9,20.7,16.0,10.8,13.4,17.1,21.9,26.7,30.6,33.1,30.4,26.6,22.2,17.6,13.6,18.7,20.6,22.4,23.1,22.2,20.3,18.5,17.8,-16.7,-21.1,-23.5,-22.4,-18.6,-13.9,-11.9,-12.9,-15.0,-16.9,-18.5,-19.4,-19.6,-19.1,-18.1,-16.6,-16.0,-15.4,-14.8,-14.5,-15.0,-14.5,-15.6,-17.7,-19.5,-20.0,-18.9,-16.8,-22.0,-26.2,-28.0,-26.5,-22.4,-18.2,-16.3,-17.7,-20.9,-22.3,-23.3,-23.8,-23.7,-23.5,-22.7,-21.4,-20.4,-20.0,-20.0,-20.2,-20.6,-19.9,-20.7,-22.5,-24.3,-25.0,-24.2,-22.4,1274.1,1276.1,1276.6,1275.4,1273.1,1271.2,1270.6,1271.8,1278.6,1276.3,1274.1,1273.0,1272.8,1273.3,1274.2,1272.0,1270.6,1270.5,1272.2,1275.2,1273.5,1272.9,1273.2,1274.1,1275.2,1275.8,1275.6,1274.6,1271.4,1270.0,1269.3,1269.8,1271.2,1272.7,1273.3,1273.2,1274.1,1271.7,1269.7,1269.1,1270.7,1273.7,1277.0,1274.4,1272.1,1270.7,1271.0,1272.5,1272.8,1273.0,1272.7,1272.1,1271.5,1271.3,1271.6,1272.2,-7.3,15.3,1334.7,0.022,0.26,-0.034,493.0,492.9,498.3,508.3,522.1,542.0,563.1,590.6,626.1,664.5,704.3,741.7,772.8,791.4,798.5,803.1,807.9,498.2,509.7,527.5,548.7,568.4,646.8,677.3,704.2,730.6,753.9,609.0,607.5,605.4,603.1,579.5,595.3,611.8,630.5,648.4,525.9,540.8,559.4,577.1,559.3,541.6,662.3,680.4,700.9,720.4,702.4,682.4,566.1,580.1,598.7,614.9,633.2,662.7,693.1,664.9,636.9,616.3,599.1,581.2,574.9,599.4,616.0,634.4,682.2,634.4,615.5,598.8,321.0,361.2,401.3,441.4,479.0,513.9,542.1,564.3,571.2,567.8,554.3,533.2,501.7,459.8,409.6,357.6,307.1,281.7,262.1,254.1,254.1,257.1,250.6,241.3,238.7,244.1,259.5,302.9,328.0,352.9,378.9,401.3,406.4,410.1,403.6,398.2,323.6,315.7,313.5,317.2,324.4,326.6,310.2,303.3,302.8,306.7,313.0,314.3,464.6,448.0,439.6,442.0,437.1,443.1,455.3,476.2,485.4,488.4,487.9,481.7,464.8,455.1,455.3,452.3,456.8,464.7,467.3,466.7,-68.4,-68.4,-65.9,-61.2,-54.6,-45.1,-35.0,-22.2,-6.2,11.0,29.0,46.2,60.4,68.7,71.8,73.8,76.1,-64.7,-59.2,-50.7,-40.9,-31.9,3.0,16.5,28.4,40.1,50.4,-13.7,-14.3,-15.2,-16.1,-26.8,-19.7,-12.4,-4.2,3.7,-51.8,-44.8,-36.3,-28.3,-36.3,-44.4,9.9,17.9,27.0,35.6,27.6,18.8,-33.3,-26.6,-18.2,-11.0,-3.0,10.0,23.6,11.0,-1.4,-10.4,-18.0,-26.1,-29.2,-17.9,-10.6,-2.4,18.7,-2.4,-10.8,-18.2,-18.1,0.6,19.2,37.8,55.1,70.8,82.9,92.0,94.6,93.1,87.7,78.6,64.4,45.3,22.5,-1.1,-24.0,-35.7,-44.5,-47.8,-47.5,-45.9,-48.2,-52.4,-53.6,-51.2,-44.5,-25.3,-14.1,-3.1,8.3,18.3,20.5,22.0,19.2,16.8,-16.5,-20.0,-21.0,-19.2,-16.0,-15.1,-22.1,-25.2,-25.3,-23.6,-20.8,-20.2,47.1,39.1,35.1,36.1,33.9,36.6,42.3,51.2,55.0,56.4,56.4,54.1,47.0,42.0,42.0,40.6,42.9,46.0,47.2,47.1,1396.0,1394.3,1395.0,1395.2,1390.2,1380.7,1366.2,1350.6,1342.8,1344.3,1353.5,1362.2,1364.4,1362.4,1359.1,1357.5,1359.2,1369.8,1362.8,1353.9,1345.7,1337.1,1322.4,1324.8,1326.2,1326.9,1328.0,1329.6,1324.0,1318.1,1312.6,1330.3,1325.6,1321.2,1321.2,1321.7,1361.3,1355.6,1352.0,1347.9,1350.7,1354.3,1331.9,1330.8,1329.3,1329.4,1328.1,1329.4,1349.6,1332.9,1324.7,1320.7,1318.1,1322.5,1332.4,1321.5,1316.0,1317.9,1321.8,1332.8,1345.5,1326.2,1322.3,1319.5,1330.4,1318.6,1320.9,1325.3,2.237,0.038,0.2789999999999999,-0.035,624.002,394.349,-22.516,-25.088,-6.987,-2.249,-3.913,-1.409,-9.055,12.414,-6.736000000000001,-11.212,-18.152,-1.714,1.374,-6.121,-0.06,2.595,-3.455,-2.844,-5.763999999999999,-6.212000000000001,2.112,-0.6729999999999999,2.6460000000000004,-6.105,-1.055,1.156,2.693,-0.8370000000000001,0.05,0.2739999999999999,0.805,-0.109,0.237,0.695,0.96,2.18,0.0,0.0,0.9,1.81,0.95,1.44,1.29,0.47,0.46,0.16,0.0,0.08,1.56,0.74,2.08,1.0,1.0,0.0,0.0,1.0,0.0,0.0,1.0,1.0,0.0,1.0,0.0,0.0,0.0,1.0,1.0,0.0,1.0,
93.0,3.07,0.93,-0.041886,0.2234159999999999,-0.973823,-0.2573789999999999,0.247255,-0.934142,-0.156,0.242,541.5,544.7,554.5,565.2,570.6,568.3,557.6,546.9,528.6,534.8,542.7,552.2,562.5,572.0,579.7,572.9,563.2,552.9,543.1,534.8,551.8,557.0,561.9,563.4,560.8,555.6,550.7,549.2,676.2,680.2,690.3,700.7,705.2,701.2,691.1,680.1,667.4,674.4,683.5,694.3,704.7,713.8,720.5,714.4,705.5,695.0,684.0,674.2,686.3,690.9,695.4,697.2,695.1,690.5,686.0,684.3,317.1,306.6,301.1,303.8,313.1,324.5,329.2,326.5,321.3,316.8,312.8,310.5,310.3,312.0,314.8,318.0,319.3,320.7,321.9,322.4,321.4,322.7,320.0,314.9,310.3,308.9,311.6,316.8,304.9,294.5,290.0,294.0,304.2,314.6,319.1,315.9,308.3,305.1,302.2,300.4,300.9,302.8,305.5,307.9,309.0,309.3,309.6,310.1,309.5,311.3,309.3,304.7,300.2,298.4,300.4,305.0,-42.1,-40.8,-36.6,-32.0,-29.7,-30.6,-35.1,-39.7,-47.8,-45.0,-41.6,-37.5,-33.1,-29.1,-25.8,-28.6,-32.7,-37.1,-41.4,-45.0,-37.7,-35.4,-33.4,-32.7,-33.9,-36.1,-38.2,-38.8,15.4,17.1,21.4,25.8,27.7,26.0,21.7,17.0,11.7,14.6,18.5,23.1,27.5,31.4,34.4,31.7,27.8,23.3,18.7,14.5,19.7,21.6,23.6,24.3,23.5,21.5,19.6,18.8,-18.3,-22.8,-25.2,-24.0,-20.0,-15.2,-13.1,-14.3,-16.6,-18.5,-20.2,-21.1,-21.2,-20.5,-19.3,-17.9,-17.4,-16.7,-16.2,-16.1,-16.5,-15.9,-17.1,-19.3,-21.3,-21.9,-20.7,-18.5,-23.4,-27.8,-29.8,-28.1,-23.7,-19.3,-17.4,-18.7,-22.0,-23.3,-24.6,-25.3,-25.1,-24.4,-23.3,-22.2,-21.7,-21.5,-21.4,-21.2,-21.5,-20.7,-21.6,-23.5,-25.5,-26.2,-25.4,-23.4,1282.1,1283.4,1283.6,1282.7,1281.2,1280.0,1279.6,1280.5,1287.1,1284.4,1282.0,1280.6,1280.5,1281.2,1282.4,1280.4,1279.1,1279.1,1280.7,1283.6,1281.9,1281.4,1281.6,1282.2,1283.0,1283.4,1283.3,1282.7,1275.4,1275.9,1276.1,1275.9,1275.4,1274.9,1274.6,1275.1,1277.5,1275.9,1274.5,1274.3,1275.6,1278.3,1281.2,1277.9,1275.2,1273.9,1274.1,1275.6,1276.0,1275.9,1276.0,1276.2,1276.5,1276.6,1276.5,1276.2,-6.4,14.3,1330.8,0.004,0.25,-0.024,494.5,494.3,499.5,509.5,523.1,543.0,564.1,591.5,626.9,665.0,704.6,741.8,772.9,791.9,799.6,804.5,809.4,500.5,512.3,530.4,551.7,571.6,650.4,680.8,707.8,734.2,757.2,612.1,610.5,608.2,605.9,582.0,597.7,614.1,632.7,650.7,528.2,543.3,562.0,579.8,561.9,543.9,664.6,682.8,703.4,722.8,704.9,684.7,567.6,581.7,600.5,616.9,635.6,664.9,694.7,667.0,639.0,618.2,600.7,582.6,576.4,601.1,617.9,636.7,683.9,636.8,617.5,600.5,318.6,359.1,399.6,440.1,477.9,512.8,541.0,563.1,570.3,567.4,554.5,533.8,502.5,460.8,410.5,358.4,307.8,279.0,259.1,251.0,251.0,254.0,247.8,238.8,236.5,242.6,258.6,299.7,324.8,349.5,375.3,398.3,403.3,407.0,400.8,395.5,320.3,312.1,310.1,314.2,321.2,323.3,307.7,300.5,300.1,304.5,310.6,311.7,462.2,444.9,436.5,439.0,434.2,440.6,453.7,474.3,483.4,486.3,485.6,479.1,462.3,452.0,452.2,449.3,455.0,462.7,465.2,464.5,-67.5,-67.6,-65.1,-60.5,-54.0,-44.5,-34.5,-21.7,-5.8,11.2,29.0,46.1,60.3,68.9,72.2,74.3,76.7,-63.5,-57.9,-49.3,-39.5,-30.4,4.6,18.0,29.9,41.6,51.8,-12.4,-13.0,-13.9,-14.9,-25.6,-18.6,-11.4,-3.2,4.7,-50.6,-43.6,-35.1,-27.0,-35.1,-43.3,10.9,19.0,28.0,36.6,28.7,19.8,-32.5,-25.8,-17.4,-10.1,-1.9,11.0,24.2,11.8,-0.4,-9.6,-17.3,-25.4,-28.4,-17.1,-9.7,-1.4,19.4,-1.4,-9.9,-17.4,-19.2,-0.4,18.4,37.1,54.4,70.1,82.1,91.1,93.8,92.6,87.5,78.7,64.7,45.7,22.9,-0.7,-23.6,-36.9,-45.7,-49.1,-48.8,-47.1,-49.4,-53.4,-54.5,-51.9,-44.9,-26.7,-15.5,-4.6,6.7,16.9,19.1,20.6,17.9,15.6,-18.0,-21.6,-22.5,-20.5,-17.4,-16.5,-23.2,-26.4,-26.5,-24.5,-21.8,-21.3,45.8,37.6,33.7,34.7,32.5,35.5,41.5,50.2,54.0,55.3,55.2,52.8,45.7,40.5,40.5,39.2,42.0,45.0,46.2,46.0,1392.9,1391.0,1391.4,1391.2,1385.8,1376.0,1361.4,1345.8,1338.2,1339.9,1349.5,1358.6,1361.3,1359.6,1356.7,1355.4,1357.5,1366.2,1359.5,1350.7,1342.6,1334.2,1320.0,1322.6,1324.3,1325.4,1326.8,1326.6,1320.7,1314.5,1308.6,1326.5,1321.7,1317.3,1317.4,1318.1,1357.5,1352.0,1348.6,1344.6,1347.2,1350.7,1329.3,1328.5,1327.1,1327.3,1325.7,1326.9,1345.3,1328.7,1320.6,1316.7,1314.3,1318.8,1328.9,1317.7,1312.1,1313.9,1317.7,1328.5,1341.2,1322.1,1318.3,1315.6,1326.8,1314.9,1317.0,1321.3,2.2430000000000003,0.02,0.267,-0.025,626.025,392.203,-22.094,-23.695,-5.862,-0.478,-4.213,-0.913,-7.588999999999999,13.216,-6.372000000000001,-11.302,-18.38,-1.815,1.4580000000000002,-5.925,0.351,2.716,-3.196,-2.804,-5.78,-6.642,1.716,-0.612,2.632,-5.781000000000001,-0.745,1.022,2.73,-0.765,0.103,0.245,0.7170000000000001,-0.079,0.295,0.6459999999999999,1.02,2.24,0.0,0.0,0.89,1.91,0.92,1.45,1.27,0.46,0.48,0.11,0.0,0.07,1.6,0.67,1.88,1.0,1.0,0.0,0.0,1.0,1.0,0.0,1.0,1.0,0.0,1.0,0.0,0.0,0.0,1.0,1.0,0.0,1.0,
94.0,3.103,0.93,-0.0277709999999999,0.2124469999999999,-0.976778,-0.239869,0.218356,-0.94593,-0.138,0.22,544.6,547.6,557.2,567.8,573.2,571.0,560.6,550.0,531.1,537.2,545.2,554.5,564.8,574.2,582.0,575.5,566.1,555.9,545.9,537.5,554.7,559.9,564.6,566.1,563.5,558.3,553.5,552.0,678.6,682.7,693.2,704.1,708.9,704.9,694.3,682.7,669.6,676.8,686.1,696.8,707.2,716.2,723.3,717.3,708.5,698.1,687.1,676.9,689.0,694.0,698.8,700.6,698.4,693.4,688.6,686.8,313.6,303.0,297.6,300.4,309.8,321.1,325.8,323.0,317.5,313.2,309.3,306.9,306.7,308.5,311.3,314.5,315.9,317.4,318.6,319.0,317.8,319.2,316.5,311.3,306.6,305.3,307.9,313.1,301.6,291.4,287.1,291.1,301.1,311.3,315.7,312.7,305.9,302.2,298.9,297.2,297.8,300.3,303.7,305.5,306.1,306.4,306.8,307.6,306.9,308.7,306.7,302.1,297.5,295.7,297.7,302.3,-41.1,-39.9,-35.7,-31.1,-28.8,-29.7,-34.2,-38.8,-47.2,-44.4,-40.9,-36.8,-32.4,-28.3,-25.0,-27.8,-31.8,-36.2,-40.5,-44.2,-36.8,-34.5,-32.5,-31.9,-33.0,-35.3,-37.3,-37.9,16.0,17.7,22.1,26.6,28.5,26.8,22.4,17.7,12.3,15.2,19.1,23.5,27.8,31.6,34.6,32.0,28.3,24.0,19.4,15.3,20.3,22.3,24.3,25.1,24.2,22.2,20.2,19.4,-20.0,-24.6,-26.9,-25.7,-21.6,-16.7,-14.7,-15.9,-18.4,-20.2,-21.9,-22.9,-22.9,-22.2,-21.0,-19.6,-19.0,-18.3,-17.8,-17.7,-18.2,-17.6,-18.8,-21.0,-23.0,-23.6,-22.5,-20.2,-24.1,-28.4,-30.2,-28.6,-24.4,-20.1,-18.3,-19.6,-22.4,-23.9,-25.3,-26.0,-25.7,-24.8,-23.4,-22.6,-22.3,-22.2,-22.0,-21.7,-22.0,-21.2,-22.0,-24.0,-25.9,-26.7,-25.8,-23.9,1293.5,1294.5,1294.7,1294.1,1292.9,1292.2,1291.8,1292.4,1298.9,1296.1,1293.6,1292.2,1292.2,1293.1,1294.4,1292.5,1291.2,1291.1,1292.5,1295.3,1293.7,1293.4,1293.4,1293.9,1294.5,1294.8,1294.7,1294.2,1241.3,1243.1,1243.9,1243.4,1241.9,1240.2,1239.3,1239.9,1242.6,1241.4,1240.6,1240.7,1241.9,1244.2,1246.8,1243.4,1240.6,1239.1,1239.2,1240.6,1241.6,1241.4,1241.7,1242.5,1243.2,1243.5,1243.1,1242.3,-5.5,13.0,1327.4,-0.013,0.242,-0.015,495.8,495.3,500.4,510.0,523.4,543.2,564.6,592.6,628.4,666.5,705.8,742.6,773.4,792.4,800.3,805.6,810.8,502.6,514.8,533.2,554.6,574.6,654.1,684.3,711.0,737.2,759.9,615.2,613.5,611.3,608.8,584.4,600.1,616.5,635.2,653.2,530.5,545.8,564.7,582.6,564.5,546.3,667.2,685.5,706.2,725.6,707.6,687.4,569.1,583.2,602.4,618.9,637.4,666.6,696.2,668.6,640.8,620.0,602.6,584.1,578.0,603.0,619.8,638.5,685.2,638.8,619.6,602.6,314.7,355.8,397.0,438.0,476.3,511.5,539.6,561.1,568.1,565.6,553.6,533.8,503.0,461.4,411.1,358.7,308.0,275.9,255.5,247.1,247.1,250.2,244.4,235.7,233.7,239.8,256.2,296.0,321.0,345.6,371.3,394.6,399.5,403.1,397.0,391.9,316.8,308.4,306.4,310.9,317.7,319.8,304.9,297.5,297.2,302.0,307.9,309.0,459.2,441.0,432.2,434.7,430.0,437.1,451.3,471.7,480.5,483.3,482.7,476.3,459.1,447.8,448.0,445.2,452.4,459.9,462.3,461.7,-66.8,-67.0,-64.6,-60.1,-53.7,-44.3,-34.1,-21.2,-5.1,11.8,29.5,46.3,60.4,68.9,72.3,74.7,77.2,-62.4,-56.6,-48.0,-38.1,-29.0,6.2,19.5,31.3,42.9,53.0,-10.9,-11.6,-12.6,-13.6,-24.5,-17.5,-10.3,-2.1,5.8,-49.4,-42.4,-33.8,-25.7,-33.8,-42.1,12.0,20.1,29.2,37.8,29.8,20.9,-31.7,-25.1,-16.5,-9.2,-1.1,11.7,24.8,12.5,0.3,-8.7,-16.4,-24.7,-27.6,-16.3,-8.9,-0.7,19.9,-0.5,-9.0,-16.4,-21.0,-2.0,17.1,36.1,53.6,69.3,81.3,89.9,92.5,91.5,86.9,78.5,64.7,45.9,23.1,-0.6,-23.5,-38.2,-47.2,-50.7,-50.4,-48.7,-50.8,-54.7,-55.7,-53.0,-45.8,-28.3,-17.2,-6.3,4.9,15.2,17.4,18.9,16.2,14.0,-19.5,-23.2,-24.0,-21.9,-18.9,-18.1,-24.4,-27.6,-27.7,-25.6,-23.0,-22.5,44.3,35.7,31.7,32.7,30.6,33.8,40.4,48.9,52.6,53.9,53.7,51.4,44.2,38.6,38.6,37.3,40.8,43.7,44.8,44.7,1390.3,1388.1,1388.1,1387.5,1381.9,1372.0,1357.2,1341.3,1333.6,1335.5,1345.6,1355.2,1358.2,1356.8,1354.1,1353.0,1355.4,1363.0,1356.6,1348.0,1340.1,1331.7,1317.9,1320.8,1322.5,1323.8,1325.2,1324.1,1318.1,1311.8,1305.7,1323.3,1318.5,1314.0,1314.2,1315.0,1354.2,1348.8,1345.6,1341.5,1344.1,1347.5,1327.0,1326.3,1325.0,1325.2,1323.5,1324.6,1341.4,1324.8,1316.9,1313.1,1310.7,1315.3,1325.5,1314.0,1308.3,1310.0,1313.8,1324.5,1337.3,1318.2,1314.5,1311.9,1323.3,1311.4,1313.5,1317.7,2.248,0.003,0.259,-0.015,628.008,389.384,-22.197,-22.323,-5.513999999999999,0.08,-5.125,-1.212,-6.1610000000000005,14.493,-6.607,-11.886,-18.913,-1.943,1.534,-5.64,0.629,3.194,-2.664,-2.19,-6.171,-6.071000000000001,1.861,-0.589,2.389,-5.8870000000000005,-0.72,0.847,2.468,-0.723,-0.069,0.151,0.748,-0.12,0.268,0.633,1.09,2.25,0.0,0.0,0.89,1.97,0.91,1.43,1.27,0.38,0.51,0.08,0.0,0.06,1.63,0.55,1.78,1.0,1.0,0.0,0.0,1.0,1.0,0.0,1.0,1.0,0.0,1.0,0.0,0.0,0.0,1.0,1.0,0.0,1.0,
95.0,3.136,0.93,0.012114,0.193821,-0.980962,-0.257659,0.2095679999999999,-0.943235,-0.127,0.207,548.1,550.9,560.4,570.9,576.3,574.2,564.0,553.5,532.6,539.2,547.6,557.1,567.3,576.5,584.0,577.8,568.8,558.8,548.6,539.7,557.9,563.0,567.6,569.0,566.4,561.3,556.7,555.3,680.9,685.1,695.6,706.2,710.7,706.4,695.9,684.6,672.5,679.4,688.6,699.4,709.9,719.1,726.2,719.8,710.8,700.3,689.3,679.4,691.1,695.9,700.6,702.5,700.5,695.7,691.0,689.1,309.8,299.4,294.1,297.0,306.4,317.6,322.1,319.2,313.9,309.5,305.5,303.2,303.2,305.2,308.3,311.2,312.4,313.8,314.9,315.2,314.0,315.4,312.9,307.8,303.2,301.8,304.3,309.4,298.9,288.6,284.3,288.4,298.6,308.9,313.3,310.1,303.1,299.3,296.0,294.2,295.0,297.6,301.0,303.0,303.6,303.9,304.2,304.8,304.1,305.9,304.0,299.3,294.8,292.9,294.9,299.5,-39.8,-38.6,-34.5,-30.0,-27.6,-28.5,-32.9,-37.5,-46.7,-43.8,-40.1,-35.9,-31.5,-27.5,-24.3,-26.9,-30.8,-35.1,-39.6,-43.5,-35.6,-33.4,-31.4,-30.8,-31.9,-34.2,-36.2,-36.7,17.0,18.8,23.2,27.6,29.5,27.7,23.3,18.6,13.6,16.4,20.2,24.7,29.1,33.0,36.1,33.3,29.5,25.1,20.5,16.4,21.3,23.3,25.3,26.1,25.2,23.3,21.3,20.5,-21.8,-26.3,-28.6,-27.3,-23.2,-18.4,-16.4,-17.7,-20.1,-21.9,-23.6,-24.6,-24.6,-23.8,-22.5,-21.1,-20.6,-20.0,-19.5,-19.4,-19.9,-19.3,-20.4,-22.6,-24.6,-25.3,-24.1,-21.9,-25.5,-29.8,-31.6,-29.9,-25.6,-21.3,-19.4,-20.8,-23.8,-25.3,-26.7,-27.4,-27.1,-26.1,-24.7,-23.8,-23.5,-23.4,-23.2,-23.0,-23.3,-22.5,-23.4,-25.3,-27.2,-28.0,-27.2,-25.2,1300.1,1301.1,1301.8,1301.6,1300.8,1300.0,1299.1,1299.2,1305.2,1302.5,1300.3,1299.2,1299.5,1300.7,1302.3,1300.2,1298.6,1298.2,1299.3,1301.8,1300.7,1300.6,1300.9,1301.4,1301.8,1301.9,1301.6,1301.1,1250.8,1252.0,1252.5,1251.8,1250.5,1249.3,1248.9,1249.7,1252.4,1250.9,1249.8,1249.6,1250.7,1253.0,1255.6,1252.3,1249.7,1248.4,1248.7,1250.3,1251.0,1250.7,1250.9,1251.5,1252.0,1252.3,1252.1,1251.6,-4.7,11.7,1325.3,-0.0289999999999999,0.233,-0.005,496.7,496.0,501.0,510.2,523.5,543.3,565.0,593.1,629.0,666.9,706.0,742.5,773.3,792.5,800.9,806.9,812.7,504.4,516.8,535.8,558.0,578.6,657.1,687.3,714.4,740.9,763.2,618.4,616.6,614.3,611.8,586.6,602.4,618.8,637.6,655.6,532.6,548.2,567.2,585.1,566.9,548.5,669.6,688.0,708.8,728.1,710.3,689.9,569.9,584.2,603.8,620.5,639.4,668.5,697.6,670.2,642.6,621.5,603.7,584.9,578.9,604.3,621.3,640.3,686.5,640.8,621.2,603.9,310.0,352.0,394.2,436.0,474.8,510.0,537.5,558.1,565.0,562.9,552.0,533.2,503.0,461.8,411.6,359.1,308.4,274.2,252.7,243.5,243.2,246.6,241.0,232.6,230.9,237.6,254.9,292.3,317.1,341.5,367.0,390.8,395.6,399.1,393.2,388.3,313.3,304.8,303.0,307.7,314.3,316.2,302.2,294.6,294.4,299.6,305.2,306.2,456.0,436.8,427.6,430.3,425.7,433.6,449.0,469.1,477.7,480.4,479.7,473.3,455.8,443.4,443.8,441.1,449.9,456.9,459.3,458.6,-66.4,-66.6,-64.2,-59.9,-53.6,-44.1,-33.9,-20.9,-4.9,11.9,29.5,46.2,60.3,68.9,72.6,75.2,78.0,-61.5,-55.7,-46.8,-36.6,-27.2,7.5,20.8,32.8,44.5,54.4,-9.5,-10.3,-11.2,-12.2,-23.5,-16.5,-9.3,-1.1,6.8,-48.4,-41.2,-32.6,-24.5,-32.7,-41.0,13.1,21.2,30.4,38.9,31.0,22.0,-31.3,-24.6,-15.9,-8.5,-0.3,12.5,25.4,13.2,1.1,-8.1,-15.9,-24.3,-27.2,-15.7,-8.2,0.1,20.5,0.3,-8.2,-15.8,-23.2,-3.7,15.8,35.1,52.8,68.4,80.1,88.4,90.9,90.1,85.9,78.1,64.6,46.0,23.2,-0.4,-23.3,-38.9,-48.5,-52.3,-52.1,-50.3,-52.2,-56.1,-56.9,-54.0,-46.4,-29.9,-18.8,-8.1,3.1,13.5,15.6,17.1,14.5,12.4,-21.0,-24.8,-25.5,-23.3,-20.5,-19.6,-25.6,-28.9,-29.0,-26.7,-24.1,-23.8,42.9,33.8,29.6,30.7,28.7,32.2,39.3,47.7,51.2,52.5,52.3,49.9,42.6,36.6,36.6,35.4,39.6,42.3,43.4,43.2,1389.0,1386.5,1386.2,1385.3,1379.4,1369.1,1354.2,1338.2,1330.6,1332.7,1343.0,1352.9,1356.2,1355.3,1352.9,1352.3,1355.2,1361.4,1355.4,1346.8,1338.8,1330.4,1317.3,1320.2,1322.1,1323.7,1325.3,1322.9,1316.8,1310.4,1304.3,1321.6,1316.8,1312.1,1312.4,1313.3,1352.1,1346.8,1343.7,1339.7,1342.2,1345.4,1325.9,1325.4,1324.1,1324.3,1322.6,1323.6,1338.8,1322.4,1314.6,1310.8,1308.6,1313.2,1323.4,1311.9,1306.2,1307.8,1311.5,1322.1,1334.8,1315.9,1312.2,1309.7,1321.2,1309.4,1311.4,1315.6,2.251,-0.015,0.249,-0.005,629.784,386.479,-22.09,-21.16,-4.75,0.3289999999999999,-5.153,-1.679,-4.704,14.874,-6.464,-12.04,-19.693,-2.055,2.091,-4.159,0.433,4.188,-2.577,-1.859,-6.433,-5.727,2.16,-0.831,2.512,-5.856,-0.509,0.441,2.305,-0.685,-0.175,0.12,0.758,-0.165,0.235,0.645,1.07,2.25,0.0,0.0,0.83,2.0,0.9,1.45,1.25,0.23,0.55,0.02,0.0,0.02,1.73,0.61,1.7,1.0,1.0,0.0,0.0,0.0,1.0,0.0,1.0,1.0,0.0,1.0,0.0,0.0,0.0,1.0,1.0,0.0,1.0,
96.0,3.17,0.93,0.045763,0.187629,-0.981173,-0.242657,0.196928,-0.949914,-0.102,0.1969999999999999,551.5,554.3,563.7,574.3,579.7,577.7,567.4,556.9,535.4,541.8,550.2,559.7,569.9,579.2,586.8,580.6,571.5,561.5,551.3,542.3,561.7,566.3,570.4,571.7,569.3,564.7,560.6,559.3,683.5,687.7,698.5,709.6,714.4,710.2,699.4,687.6,675.1,682.2,691.6,702.5,713.0,722.1,729.2,723.1,714.3,703.9,692.7,682.5,694.1,699.1,704.0,705.9,703.7,698.7,693.8,691.9,306.9,296.5,291.2,294.2,303.6,314.8,319.4,316.4,310.9,306.5,302.4,300.1,300.3,302.5,306.0,308.7,309.7,310.9,312.0,312.3,310.6,311.9,309.6,305.1,301.0,299.7,302.0,306.5,296.7,286.3,281.9,286.1,296.3,306.6,311.0,307.9,301.0,296.9,293.5,291.8,292.7,295.4,299.3,301.0,301.5,301.7,302.1,302.7,302.1,303.9,301.9,297.3,292.6,290.8,292.8,297.4,-38.5,-37.3,-33.2,-28.6,-26.2,-27.1,-31.5,-36.1,-45.6,-42.7,-39.0,-34.8,-30.4,-26.4,-23.2,-25.8,-29.7,-34.1,-38.5,-42.5,-34.0,-32.0,-30.2,-29.7,-30.8,-32.8,-34.5,-35.1,17.7,19.5,23.9,28.4,30.3,28.5,24.1,19.4,14.3,17.2,21.0,25.5,29.8,33.5,36.5,33.9,30.3,26.0,21.4,17.3,22.0,24.1,26.1,26.9,26.0,24.0,22.0,21.2,-23.1,-27.6,-29.9,-28.6,-24.5,-19.6,-17.6,-18.9,-21.4,-23.3,-25.0,-26.0,-25.9,-25.0,-23.5,-22.3,-21.8,-21.3,-20.8,-20.7,-21.4,-20.9,-21.9,-23.9,-25.7,-26.2,-25.2,-23.2,-25.8,-30.0,-31.9,-30.2,-26.0,-21.7,-19.9,-21.2,-24.1,-25.7,-27.1,-27.8,-27.4,-26.4,-24.8,-24.1,-23.8,-23.7,-23.5,-23.3,-23.6,-22.8,-23.7,-25.6,-27.5,-28.2,-27.4,-25.5,1302.7,1303.9,1304.6,1304.6,1303.7,1302.8,1301.8,1301.8,1307.7,1305.2,1302.9,1301.9,1302.2,1303.4,1304.9,1302.9,1301.3,1300.8,1301.9,1304.5,1303.4,1303.4,1303.8,1304.3,1304.7,1304.7,1304.3,1303.8,1222.0,1223.7,1224.6,1224.0,1222.4,1220.6,1219.8,1220.5,1223.1,1222.0,1221.2,1221.2,1222.4,1224.7,1227.1,1223.8,1221.0,1219.5,1219.6,1221.1,1222.2,1221.9,1222.3,1223.1,1223.8,1224.1,1223.7,1222.9,-3.8,10.5,1322.3,-0.039,0.216,0.006,498.1,496.6,501.1,509.9,523.0,542.8,565.1,593.9,630.2,668.0,706.5,742.5,773.1,792.6,801.5,808.0,814.2,507.4,519.7,539.0,561.4,582.5,661.3,691.0,717.8,744.0,765.7,621.7,619.8,617.3,614.7,589.0,604.8,621.2,640.0,658.0,534.9,550.8,569.9,588.0,569.7,551.1,672.4,691.2,712.0,731.2,713.5,693.0,571.4,586.2,606.0,622.5,641.1,669.8,698.6,671.4,644.1,623.3,605.7,586.6,580.6,606.4,623.2,641.9,687.6,642.3,623.1,606.0,305.0,347.2,389.9,432.2,471.9,507.7,535.6,556.2,563.1,561.3,550.8,532.5,502.7,461.8,411.9,359.4,308.7,272.4,250.1,240.3,239.9,243.2,237.9,229.7,228.3,235.5,253.5,289.0,313.6,337.9,363.2,387.5,392.2,395.8,390.1,385.4,310.4,301.7,300.1,305.1,311.5,313.4,299.9,292.2,292.1,297.6,303.2,304.0,453.0,433.4,424.1,426.9,422.5,430.9,447.0,467.0,475.4,478.0,477.2,470.7,452.6,440.1,440.5,438.1,447.7,454.6,456.8,456.1,-65.6,-66.1,-64.0,-59.9,-53.7,-44.3,-33.7,-20.5,-4.3,12.4,29.7,46.2,60.1,68.9,72.8,75.7,78.7,-60.1,-54.3,-45.3,-35.0,-25.5,9.3,22.4,34.3,45.9,55.5,-8.0,-8.8,-9.9,-11.0,-22.4,-15.4,-8.2,-0.0,7.9,-47.3,-40.0,-31.3,-23.2,-31.4,-39.8,14.3,22.6,31.7,40.2,32.4,23.3,-30.5,-23.7,-14.8,-7.6,0.5,13.0,25.8,13.7,1.8,-7.3,-14.9,-23.5,-26.4,-14.7,-7.3,0.8,20.9,1.0,-7.4,-14.9,-25.4,-5.9,13.8,33.3,51.3,67.3,79.1,87.3,89.9,89.3,85.3,77.7,64.5,46.0,23.4,-0.3,-23.2,-39.7,-49.6,-53.7,-53.5,-51.7,-53.6,-57.3,-58.0,-54.9,-47.0,-31.3,-20.3,-9.6,1.4,12.1,14.1,15.6,13.2,11.1,-22.3,-26.1,-26.8,-24.5,-21.7,-20.9,-26.5,-29.9,-29.9,-27.5,-25.0,-24.7,41.4,32.3,28.0,29.2,27.2,31.0,38.3,46.7,50.1,51.3,51.1,48.7,41.1,35.0,35.1,34.0,38.5,41.2,42.2,42.0,1386.0,1383.2,1382.9,1381.9,1376.4,1366.5,1351.7,1335.8,1328.4,1330.7,1341.2,1351.4,1355.1,1354.7,1352.6,1352.3,1355.5,1358.6,1353.1,1344.7,1336.9,1328.7,1316.2,1319.1,1321.3,1322.9,1324.5,1321.0,1314.7,1308.1,1301.7,1318.7,1314.1,1309.4,1310.0,1311.2,1349.3,1344.1,1341.2,1337.1,1339.6,1342.7,1324.2,1323.8,1322.7,1323.0,1321.0,1321.9,1335.5,1319.1,1311.3,1307.8,1305.8,1310.5,1321.0,1309.3,1303.4,1304.9,1308.3,1318.8,1331.6,1312.7,1309.2,1307.0,1318.7,1306.8,1308.6,1312.5,2.255,-0.025,0.231,0.006,631.751,383.924,-20.306,-21.479,-4.644,2.544,-6.698,-2.937,-3.5380000000000003,14.853,-7.207999999999999,-12.317,-20.371,-1.457,2.947,-4.305,0.1159999999999999,4.374,-2.782,-0.4679999999999999,-6.61,-4.971,2.551,-0.898,2.511,-5.5760000000000005,-0.2019999999999999,0.33,2.335,-0.75,-0.305,0.07,0.696,-0.157,0.1669999999999999,0.604,1.08,2.3,0.0,0.0,0.77,1.97,0.89,1.44,1.25,0.07,0.55,0.0,0.09,0.0,1.86,0.69,1.63,1.0,1.0,0.0,0.0,1.0,1.0,0.0,1.0,1.0,0.0,1.0,0.0,0.0,0.0,1.0,1.0,0.0,1.0,
97.0,3.2030000000000003,0.93,0.0599769999999999,0.188644,-0.980212,-0.240546,0.190844,-0.951691,-0.093,0.1939999999999999,554.0,557.0,566.5,577.1,582.5,580.3,570.0,559.4,537.8,544.4,552.9,562.3,572.4,581.8,589.2,583.2,574.1,564.0,553.8,544.7,564.4,568.9,572.9,574.1,571.8,567.4,563.4,562.2,686.0,690.3,701.0,711.9,716.6,712.2,701.5,689.9,677.6,684.7,694.0,705.1,715.8,724.9,732.0,725.7,716.8,706.2,695.0,684.9,696.5,701.4,706.2,708.1,706.0,701.1,696.3,694.4,304.4,294.1,289.0,292.1,301.6,312.7,317.0,313.9,308.5,303.9,299.9,297.6,297.8,300.2,303.8,306.6,307.5,308.7,309.7,309.9,308.2,309.5,307.4,303.0,299.1,297.8,299.9,304.2,295.2,284.7,280.3,284.6,294.9,305.4,309.8,306.5,299.6,295.3,291.8,290.1,291.2,294.1,298.1,299.8,300.2,300.3,300.6,301.2,300.5,302.4,300.4,295.7,291.1,289.2,291.2,295.8,-37.3,-36.1,-32.0,-27.4,-25.0,-25.9,-30.4,-35.0,-44.5,-41.6,-37.8,-33.7,-29.3,-25.3,-22.1,-24.7,-28.6,-32.9,-37.4,-41.4,-32.8,-30.9,-29.2,-28.7,-29.7,-31.6,-33.3,-33.8,18.7,20.5,24.9,29.4,31.2,29.4,25.0,20.3,15.3,18.2,22.0,26.5,30.9,34.7,37.6,35.0,31.3,26.9,22.4,18.3,23.0,25.0,27.0,27.8,27.0,25.0,23.0,22.2,-24.1,-28.6,-30.9,-29.5,-25.4,-20.5,-18.7,-20.0,-22.4,-24.4,-26.1,-27.1,-27.0,-26.0,-24.4,-23.2,-22.8,-22.3,-21.8,-21.8,-22.5,-21.9,-22.9,-24.8,-26.5,-27.1,-26.1,-24.2,-26.4,-30.7,-32.5,-30.8,-26.5,-22.2,-20.4,-21.8,-24.7,-26.4,-27.8,-28.5,-28.1,-26.9,-25.3,-24.6,-24.4,-24.3,-24.2,-24.0,-24.3,-23.5,-24.3,-26.2,-28.1,-28.9,-28.1,-26.2,1302.9,1304.3,1305.2,1305.2,1304.1,1302.9,1301.7,1301.8,1307.6,1305.3,1303.2,1302.2,1302.6,1303.7,1305.2,1303.1,1301.4,1300.8,1301.9,1304.5,1303.6,1303.6,1304.0,1304.6,1305.0,1305.0,1304.6,1304.0,1222.9,1224.4,1225.0,1224.5,1223.0,1221.6,1221.0,1221.7,1224.1,1222.9,1222.0,1222.0,1223.2,1225.5,1228.0,1224.7,1222.0,1220.5,1220.7,1222.1,1223.1,1222.9,1223.2,1223.8,1224.5,1224.7,1224.4,1223.8,-3.0,9.5,1321.8,-0.044,0.198,0.016,498.8,496.8,500.8,509.1,521.9,541.7,564.5,594.0,630.8,668.5,706.6,742.2,772.7,792.5,802.0,809.0,815.6,509.6,522.3,541.7,564.3,585.4,665.1,694.6,721.1,746.9,768.4,624.8,622.9,620.6,617.9,591.5,607.4,623.9,642.7,660.7,537.1,553.2,572.5,590.7,572.3,553.5,674.8,693.6,714.5,733.7,716.1,695.5,572.4,587.8,608.3,625.0,643.7,672.3,700.5,673.6,646.3,625.4,607.7,587.9,581.8,608.5,625.5,644.3,689.6,644.6,625.3,607.9,300.1,342.2,385.1,427.9,468.2,504.9,533.5,554.4,561.7,560.2,550.3,532.4,502.9,462.2,412.2,359.7,308.8,268.9,246.9,237.3,237.0,240.4,235.6,227.9,226.7,234.0,252.0,286.9,311.4,335.5,360.6,384.8,389.6,393.2,387.7,383.3,307.8,299.2,297.8,303.0,309.2,310.9,298.4,290.7,290.7,296.4,301.9,302.5,450.4,430.1,420.6,423.5,419.2,428.1,445.2,465.7,474.0,476.5,475.7,469.0,450.1,436.8,437.2,434.9,445.8,453.2,455.3,454.5,-65.2,-65.9,-64.1,-60.2,-54.1,-44.8,-34.0,-20.5,-4.1,12.6,29.8,46.0,60.0,68.9,73.1,76.3,79.5,-59.0,-53.0,-44.0,-33.7,-24.2,11.0,24.0,35.7,47.2,56.8,-6.7,-7.5,-8.5,-9.6,-21.3,-14.3,-7.0,1.2,9.1,-46.2,-38.9,-30.1,-21.9,-30.2,-38.7,15.4,23.7,32.9,41.4,33.5,24.4,-30.1,-22.9,-13.9,-6.6,1.6,14.1,26.7,14.6,2.7,-6.3,-14.1,-22.9,-25.8,-13.8,-6.3,1.9,21.8,2.0,-6.4,-14.0,-27.7,-8.2,11.6,31.3,49.6,65.9,78.2,86.6,89.3,88.8,85.1,77.7,64.6,46.2,23.6,-0.1,-23.2,-41.2,-51.0,-55.0,-54.8,-53.0,-54.6,-58.1,-58.8,-55.6,-47.7,-32.2,-21.3,-10.7,0.3,10.9,13.0,14.5,12.1,10.2,-23.5,-27.2,-27.8,-25.4,-22.7,-22.0,-27.2,-30.6,-30.6,-28.1,-25.6,-25.3,40.2,30.8,26.5,27.7,25.8,29.8,37.5,46.1,49.5,50.6,50.4,47.9,40.0,33.6,33.7,32.6,37.7,40.6,41.6,41.3,1384.8,1381.8,1381.3,1380.3,1375.2,1365.8,1351.3,1335.4,1328.2,1330.6,1341.3,1351.9,1356.0,1355.8,1353.9,1353.7,1357.2,1357.3,1352.1,1344.1,1336.6,1328.6,1316.6,1320.0,1322.3,1324.3,1325.9,1321.2,1314.9,1308.3,1301.9,1318.5,1314.0,1309.4,1310.1,1311.5,1348.4,1343.3,1340.5,1336.5,1338.9,1341.8,1324.6,1324.4,1323.4,1323.9,1321.7,1322.4,1334.9,1318.5,1310.8,1307.4,1305.6,1310.5,1321.4,1309.1,1302.9,1304.3,1307.6,1318.0,1331.2,1312.2,1308.8,1306.6,1319.0,1306.4,1308.2,1312.0,2.255,-0.03,0.211,0.016,633.607,381.773,-20.773000000000003,-21.907,-3.909,3.035,-8.26,-4.227,-2.872,15.698,-7.816,-12.501,-21.57,-0.7240000000000001,2.574,-3.858,0.311,4.947,-2.474,-0.076,-6.823,-4.934,2.716,-0.76,2.258,-5.482,-0.175,0.885,2.616,-0.825,-0.1969999999999999,0.001,0.767,-0.089,0.118,0.536,1.16,2.43,0.0,0.0,0.73,1.97,0.86,1.39,1.28,0.0,0.52,0.0,0.09,0.0,2.09,0.9,1.56,1.0,1.0,0.0,0.0,1.0,1.0,0.0,1.0,1.0,0.0,1.0,0.0,0.0,0.0,1.0,1.0,0.0,1.0,
98.0,3.237,0.93,0.063782,0.180615,-0.981484,-0.245801,0.179008,-0.952648,-0.094,0.184,555.6,558.8,568.4,578.9,584.1,581.7,571.3,560.8,539.5,545.9,554.3,563.8,574.1,583.5,591.1,584.7,575.4,565.2,555.1,546.2,566.1,570.4,574.4,575.6,573.5,569.2,565.2,563.9,687.9,692.5,703.4,714.3,718.8,714.3,703.4,691.7,679.9,686.9,696.1,707.4,718.2,727.4,734.5,728.2,719.2,708.6,697.3,687.1,698.5,703.4,708.3,710.3,708.3,703.4,698.5,696.4,302.3,291.9,286.9,290.1,299.6,310.8,315.1,311.9,306.5,301.9,297.9,295.5,295.8,298.2,301.9,304.6,305.6,306.7,307.7,307.9,306.0,307.3,305.2,301.0,297.0,295.7,297.8,302.1,293.8,283.3,279.0,283.4,293.8,304.2,308.6,305.2,298.0,293.7,290.4,288.7,289.9,293.0,297.2,298.7,299.0,299.1,299.2,299.7,299.3,301.2,299.3,294.6,289.9,287.9,289.9,294.6,-36.4,-35.1,-31.0,-26.4,-24.2,-25.2,-29.6,-34.2,-43.6,-40.7,-37.0,-32.9,-28.4,-24.4,-21.1,-23.9,-27.9,-32.2,-36.6,-40.6,-31.9,-30.1,-28.4,-27.8,-28.8,-30.6,-32.3,-32.9,19.4,21.3,25.7,30.1,31.9,30.0,25.6,20.9,16.2,19.0,22.7,27.3,31.7,35.5,38.4,35.8,32.1,27.8,23.2,19.1,23.7,25.7,27.7,28.5,27.7,25.7,23.7,22.9,-24.9,-29.4,-31.6,-30.2,-26.1,-21.2,-19.4,-20.8,-23.2,-25.2,-26.8,-27.8,-27.7,-26.7,-25.1,-23.9,-23.5,-23.0,-22.6,-22.5,-23.3,-22.8,-23.7,-25.5,-27.2,-27.8,-26.9,-25.0,-26.8,-31.1,-32.9,-31.1,-26.8,-22.6,-20.8,-22.2,-25.2,-26.9,-28.2,-28.9,-28.4,-27.2,-25.5,-24.9,-24.7,-24.6,-24.6,-24.4,-24.6,-23.8,-24.6,-26.5,-28.5,-29.3,-28.5,-26.5,1295.7,1296.9,1297.6,1297.4,1296.4,1295.4,1294.5,1294.6,1300.8,1298.2,1295.9,1294.7,1294.9,1296.0,1297.4,1295.4,1293.8,1293.5,1294.8,1297.5,1296.3,1296.2,1296.5,1297.0,1297.4,1297.5,1297.2,1296.7,1215.7,1217.2,1217.7,1217.1,1215.5,1214.1,1213.5,1214.4,1216.8,1215.7,1214.8,1214.7,1215.8,1218.0,1220.4,1217.2,1214.5,1213.1,1213.3,1214.8,1215.8,1215.5,1215.7,1216.4,1217.1,1217.4,1217.1,1216.5,-2.2,8.7,1317.5,-0.055,0.186,0.025,500.1,497.7,501.2,509.2,521.8,541.4,564.3,594.0,631.1,669.1,707.3,742.9,773.4,793.2,802.9,810.1,816.7,511.8,525.5,545.1,567.5,588.4,668.3,697.6,724.0,749.7,771.0,627.5,625.6,623.2,620.5,593.3,609.3,625.9,644.8,662.9,538.4,554.7,574.2,592.6,573.8,554.8,677.0,696.0,717.0,736.2,718.4,697.7,573.1,588.6,609.6,626.6,645.8,674.5,702.3,675.7,648.3,626.9,608.8,588.5,582.6,609.8,627.0,646.3,691.4,646.7,626.9,609.2,296.4,338.8,382.5,426.0,466.9,503.8,532.5,553.4,560.9,559.7,550.1,532.4,503.1,462.4,412.5,360.1,309.5,264.6,243.5,234.5,234.5,238.2,233.7,226.2,225.3,232.8,250.8,285.1,309.1,332.6,357.2,381.9,386.7,390.3,385.1,380.9,305.6,297.0,295.7,301.2,307.1,308.6,297.1,289.5,289.6,295.5,300.6,301.2,448.4,426.7,416.9,419.8,415.7,425.4,443.8,464.9,473.6,476.0,475.2,467.8,447.9,433.4,433.8,431.6,444.3,452.7,454.8,453.9,-64.4,-65.3,-63.7,-60.0,-54.0,-44.7,-34.0,-20.4,-3.9,12.9,30.0,46.2,60.1,69.1,73.3,76.6,79.8,-57.8,-51.4,-42.4,-32.2,-22.8,12.4,25.3,37.0,48.4,57.8,-5.5,-6.3,-7.3,-8.4,-20.5,-13.4,-6.1,2.1,10.0,-45.5,-38.1,-29.3,-21.0,-29.4,-38.0,16.3,24.7,33.9,42.4,34.5,25.4,-29.7,-22.5,-13.2,-5.8,2.5,15.0,27.4,15.5,3.6,-5.7,-13.6,-22.5,-25.4,-13.2,-5.6,2.7,22.5,2.9,-5.7,-13.4,-29.3,-9.7,10.3,30.3,48.9,65.3,77.5,85.8,88.6,88.3,84.7,77.5,64.5,46.2,23.7,0.0,-22.8,-43.0,-52.4,-56.1,-55.8,-53.8,-55.3,-58.7,-59.3,-56.1,-48.2,-32.9,-22.3,-11.9,-1.2,9.6,11.7,13.2,10.9,9.1,-24.4,-28.1,-28.6,-26.1,-23.6,-22.9,-27.7,-31.1,-31.0,-28.4,-26.1,-25.9,39.2,29.2,24.8,26.0,24.1,28.5,36.8,45.6,49.2,50.3,50.0,47.2,38.9,32.0,32.1,31.1,36.9,40.2,41.2,40.9,1380.4,1377.3,1376.8,1375.8,1370.9,1361.7,1347.4,1331.4,1323.9,1326.2,1337.1,1348.0,1352.2,1352.3,1350.6,1351.0,1355.0,1352.7,1347.9,1340.1,1332.9,1325.3,1313.8,1317.5,1320.2,1322.5,1324.3,1317.9,1311.5,1304.7,1298.1,1314.5,1310.0,1305.3,1306.2,1307.7,1344.3,1339.2,1336.6,1332.7,1334.9,1337.6,1321.7,1321.7,1320.9,1321.5,1319.0,1319.6,1330.4,1313.8,1306.2,1302.8,1301.1,1306.4,1317.5,1305.2,1298.7,1300.1,1303.3,1313.6,1326.7,1307.5,1304.1,1302.2,1315.3,1302.3,1304.0,1307.7,2.261,-0.0409999999999999,0.198,0.025,635.262,379.986,-20.939,-20.744,-2.426,4.273,-9.852,-6.736000000000001,-2.3080000000000003,16.691,-8.294,-12.353,-20.969,0.326,2.209,-3.2880000000000003,0.473,5.659,-2.772,-0.471,-7.366,-5.204,2.562,0.149,2.153,-5.027,0.196,1.155,2.629,-1.123,-0.301,-0.081,0.695,-0.01,0.125,0.537,1.19,2.46,0.0,0.0,0.79,1.76,0.87,1.34,1.33,0.0,0.57,0.0,0.13,0.0,2.46,0.96,1.56,1.0,1.0,0.0,0.0,1.0,1.0,0.0,1.0,1.0,0.0,1.0,0.0,0.0,0.0,1.0,1.0,0.0,1.0,
99.0,3.27,0.93,0.059065,0.175065,-0.982784,-0.243244,0.172423,-0.954517,-0.095,0.177,557.6,560.7,570.4,581.1,586.3,583.9,573.4,562.8,541.3,548.0,556.6,566.1,576.4,585.8,593.4,587.1,577.9,567.8,557.5,548.3,568.0,572.5,576.6,577.9,575.7,571.2,567.1,565.8,690.4,695.0,705.7,716.3,720.6,716.1,705.4,694.0,682.2,689.0,698.1,709.4,720.5,729.7,736.7,730.2,721.2,710.6,699.4,689.3,700.7,705.5,710.4,712.4,710.4,705.6,700.8,698.7,300.1,289.7,284.7,288.0,297.7,308.9,313.1,309.8,304.2,299.6,295.7,293.4,293.7,296.1,299.8,302.6,303.5,304.6,305.5,305.7,304.1,305.5,303.4,299.0,294.9,293.5,295.6,300.0,292.3,281.8,277.5,282.0,292.5,303.1,307.3,303.8,296.1,292.1,288.9,287.4,288.7,291.7,295.9,297.5,297.9,297.8,297.8,298.0,297.7,299.8,297.8,293.0,288.3,286.2,288.2,293.0,-35.4,-34.1,-29.9,-25.3,-23.1,-24.1,-28.5,-33.1,-42.5,-39.5,-35.8,-31.7,-27.3,-23.3,-20.0,-22.7,-26.6,-30.9,-35.4,-39.4,-30.9,-29.0,-27.2,-26.7,-27.7,-29.6,-31.3,-31.9,20.6,22.5,26.9,31.2,33.0,31.1,26.7,22.1,17.3,20.1,23.7,28.4,32.9,36.8,39.7,36.9,33.2,28.8,24.3,20.2,24.8,26.8,28.8,29.6,28.9,26.9,24.9,24.0,-25.7,-30.2,-32.4,-31.0,-26.8,-21.9,-20.1,-21.5,-24.1,-26.0,-27.6,-28.6,-28.4,-27.4,-25.9,-24.6,-24.2,-23.7,-23.4,-23.4,-24.0,-23.4,-24.3,-26.2,-28.0,-28.6,-27.7,-25.8,-27.7,-32.0,-33.8,-31.9,-27.6,-23.3,-21.5,-23.0,-26.2,-27.8,-29.1,-29.7,-29.2,-28.0,-26.3,-25.6,-25.4,-25.4,-25.4,-25.4,-25.5,-24.7,-25.5,-27.4,-29.4,-30.2,-29.4,-27.5,1287.6,1288.9,1289.8,1289.7,1288.6,1287.5,1286.4,1286.5,1292.4,1289.9,1287.7,1286.7,1287.0,1288.2,1289.7,1287.6,1285.9,1285.4,1286.5,1289.1,1288.3,1288.2,1288.6,1289.2,1289.6,1289.6,1289.3,1288.7,1227.7,1228.7,1229.0,1228.4,1227.3,1226.3,1226.0,1226.8,1229.1,1227.7,1226.6,1226.3,1227.4,1229.7,1232.3,1229.1,1226.6,1225.3,1225.5,1227.1,1227.9,1227.6,1227.8,1228.2,1228.7,1229.0,1228.8,1228.4,-1.5,8.1,1311.5,-0.068,0.184,0.033,500.8,498.3,502.0,509.7,522.2,541.8,564.7,594.4,631.8,670.0,708.3,743.6,773.7,793.4,803.2,811.0,818.2,513.5,527.5,547.4,570.0,591.1,671.7,700.9,727.0,752.4,773.3,630.3,628.2,625.8,623.0,595.2,611.3,627.8,646.7,664.8,540.4,557.1,576.6,594.9,576.1,557.0,679.1,698.2,719.1,738.3,720.6,699.8,574.1,588.9,610.3,627.8,647.7,676.3,703.0,677.2,649.8,627.7,608.9,588.4,583.7,610.4,628.1,648.1,692.0,648.6,628.0,609.7,291.5,335.4,380.5,425.2,467.3,505.0,534.2,555.0,562.6,561.6,552.2,534.3,504.4,463.2,412.9,360.0,309.2,263.1,241.2,232.0,231.8,235.5,231.3,224.4,223.6,231.3,249.6,282.9,306.6,329.9,354.3,379.0,383.7,387.3,382.2,378.1,303.4,294.8,293.8,299.2,304.9,306.2,295.7,288.1,288.2,294.2,299.1,299.6,447.0,422.9,412.4,415.4,411.4,422.1,443.0,465.4,474.7,477.2,476.2,468.1,446.4,429.0,429.5,427.5,443.3,453.8,456.0,455.0,-63.8,-64.8,-63.1,-59.4,-53.5,-44.4,-33.7,-20.1,-3.6,13.2,30.3,46.3,59.9,68.8,73.1,76.6,80.1,-56.8,-50.3,-41.2,-31.0,-21.5,13.8,26.6,38.1,49.4,58.6,-4.2,-5.1,-6.2,-7.3,-19.6,-12.5,-5.3,2.9,10.8,-44.4,-36.8,-28.1,-19.9,-28.3,-36.8,17.1,25.5,34.7,43.1,35.3,26.2,-29.1,-22.3,-12.9,-5.3,3.3,15.7,27.5,16.1,4.2,-5.3,-13.4,-22.5,-24.8,-12.9,-5.1,3.5,22.7,3.7,-5.2,-13.2,-31.4,-11.2,9.4,29.8,48.8,65.5,77.9,86.1,88.9,88.6,85.2,77.9,64.7,46.2,23.7,0.0,-22.9,-43.5,-53.1,-57.0,-56.7,-54.8,-56.2,-59.3,-59.8,-56.5,-48.6,-33.8,-23.2,-13.0,-2.5,8.3,10.3,11.8,9.6,7.8,-25.2,-28.9,-29.4,-26.9,-24.4,-23.9,-28.2,-31.5,-31.5,-28.8,-26.7,-26.4,38.4,27.4,22.7,24.0,22.2,26.9,36.3,45.6,49.4,50.6,50.3,47.1,38.0,29.9,30.0,29.2,36.3,40.5,41.5,41.2,1374.8,1371.4,1370.5,1369.1,1364.0,1354.8,1340.8,1324.7,1317.3,1319.5,1330.1,1340.8,1344.9,1344.9,1343.3,1344.2,1348.8,1346.6,1342.3,1334.7,1327.6,1320.2,1308.9,1312.5,1315.1,1317.6,1319.3,1312.6,1306.3,1299.7,1293.2,1309.1,1304.4,1299.6,1300.3,1301.9,1337.8,1332.9,1330.5,1326.5,1328.8,1331.3,1316.2,1316.1,1315.4,1315.8,1313.4,1313.9,1323.7,1307.4,1300.0,1296.4,1294.9,1299.9,1310.8,1298.8,1292.5,1294.0,1297.2,1307.2,1320.2,1301.1,1297.7,1295.7,1308.7,1296.4,1298.1,1301.9,2.272,-0.054,0.1969999999999999,0.032,636.773,378.616,-24.666,-18.948,-0.45,4.899,-11.457,-9.608,-0.2789999999999999,16.601,-8.298,-14.099,-22.166,0.187,2.6060000000000003,-1.493,0.865,6.0920000000000005,-2.408,0.122,-8.281,-5.059,2.805,0.618,2.014,-5.3260000000000005,0.701,1.237,2.798,-0.8740000000000001,-0.173,-0.015,0.743,0.066,0.139,0.436,1.1,2.46,0.0,0.06,0.84,1.87,0.91,1.27,1.38,0.0,0.54,0.0,0.04,0.0,2.95,1.01,1.5,1.0,1.0,0.0,0.0,1.0,1.0,0.0,1.0,1.0,0.0,1.0,0.0,0.0,0.0,1.0,1.0,0.0,1.0,
100.0,3.303,0.93,0.061673,0.164633,-0.984425,-0.212278,0.1554019999999999,-0.964774,-0.077,0.163,559.8,562.8,572.5,583.1,588.4,586.1,575.7,565.1,542.7,549.9,558.8,568.4,578.6,588.1,595.7,589.6,580.5,570.4,559.8,550.2,570.2,574.6,578.5,579.8,577.6,573.2,569.3,568.0,692.4,696.8,708.1,719.6,724.6,720.2,708.9,696.6,683.8,691.1,700.7,712.1,722.8,731.9,738.9,732.7,724.0,713.5,702.1,691.5,703.2,708.6,713.8,715.9,713.5,708.2,702.9,700.9,298.8,288.5,283.6,286.9,296.6,307.7,311.8,308.5,302.9,298.3,294.2,292.0,292.3,294.8,298.4,301.3,302.2,303.3,304.2,304.5,302.8,304.2,302.1,297.9,294.0,292.6,294.6,298.9,291.4,281.0,276.7,281.1,291.6,302.1,306.3,303.0,295.8,291.1,287.8,286.5,287.9,291.3,295.9,297.3,297.3,297.2,297.3,297.6,297.4,299.5,297.5,292.6,287.7,285.7,287.7,292.5,-34.2,-32.9,-28.8,-24.3,-22.0,-23.0,-27.4,-31.9,-41.7,-38.5,-34.6,-30.5,-26.2,-22.2,-18.9,-21.5,-25.4,-29.7,-34.2,-38.3,-29.8,-27.9,-26.2,-25.7,-26.7,-28.5,-30.2,-30.7,20.6,22.4,26.8,31.3,33.3,31.5,27.0,22.2,17.2,20.1,23.8,28.3,32.6,36.2,39.0,36.5,33.0,28.8,24.3,20.2,24.8,26.9,29.0,29.8,28.9,26.8,24.8,23.9,-26.1,-30.5,-32.6,-31.2,-27.1,-22.3,-20.5,-21.9,-24.4,-26.4,-28.1,-29.0,-28.9,-27.8,-26.3,-25.0,-24.6,-24.2,-23.8,-23.7,-24.4,-23.8,-24.7,-26.5,-28.2,-28.8,-27.9,-26.1,-26.9,-31.1,-32.8,-31.1,-26.9,-22.7,-21.0,-22.4,-25.2,-27.0,-28.4,-28.9,-28.3,-27.1,-25.3,-24.7,-24.6,-24.6,-24.6,-24.5,-24.6,-23.8,-24.6,-26.5,-28.5,-29.3,-28.5,-26.5,1279.4,1280.9,1282.0,1282.0,1280.9,1279.6,1278.3,1278.3,1284.0,1281.6,1279.5,1278.7,1279.1,1280.5,1282.3,1279.9,1278.0,1277.3,1278.2,1280.7,1280.2,1280.2,1280.7,1281.3,1281.7,1281.7,1281.2,1280.6,1178.4,1180.5,1181.6,1181.1,1179.2,1177.1,1176.0,1176.7,1179.0,1178.2,1177.8,1177.9,1179.1,1181.2,1183.4,1180.2,1177.4,1175.7,1175.8,1177.1,1178.5,1178.3,1178.8,1179.8,1180.7,1180.9,1180.4,1179.4,-0.6,7.9,1303.0,-0.083,0.177,0.035,501.0,498.7,502.7,510.8,523.7,543.4,566.2,596.4,634.0,671.8,709.5,743.9,773.6,793.2,803.4,812.0,819.6,514.8,529.3,549.4,572.2,593.3,674.1,703.3,729.4,754.7,775.5,632.3,630.4,628.3,625.7,596.9,613.5,630.4,649.7,668.3,542.0,559.0,579.0,597.6,578.4,559.0,681.0,700.5,721.7,740.8,723.2,702.2,574.9,589.5,612.0,630.7,652.1,681.7,707.9,683.0,654.9,631.2,611.0,589.2,585.2,612.2,631.1,652.5,696.7,653.4,631.3,611.5,290.4,334.8,380.4,425.4,468.2,507.5,539.3,561.9,570.1,569.0,558.7,539.2,507.5,464.7,413.2,359.9,308.8,261.8,239.5,230.1,229.7,233.5,229.4,222.8,222.6,230.7,249.3,281.3,305.0,328.2,352.5,377.6,382.2,385.8,380.2,376.2,302.3,293.4,292.5,298.0,303.7,305.0,294.9,287.4,287.6,293.6,298.4,298.8,446.3,418.9,407.5,410.5,406.4,417.8,441.5,466.4,477.1,480.0,479.0,469.8,445.6,425.3,425.7,423.7,441.7,455.0,457.6,456.4,-63.3,-64.1,-62.3,-58.5,-52.4,-43.3,-32.7,-19.1,-2.6,13.9,30.6,46.1,59.4,68.2,72.6,76.5,80.2,-55.8,-49.2,-40.1,-29.8,-20.4,14.8,27.5,39.0,50.1,59.2,-3.3,-4.1,-5.1,-6.1,-18.7,-11.5,-4.1,4.2,12.2,-43.4,-35.7,-26.9,-18.6,-27.1,-35.7,17.9,26.4,35.6,44.0,36.2,27.1,-28.5,-21.9,-12.1,-4.0,5.2,17.9,29.5,18.5,6.4,-3.8,-12.4,-22.0,-24.0,-12.0,-3.8,5.4,24.5,5.8,-3.8,-12.3,-31.7,-11.4,9.2,29.6,48.8,66.1,79.6,88.6,91.7,91.3,87.5,79.5,65.6,46.6,23.6,-0.0,-22.9,-43.8,-53.6,-57.4,-57.3,-55.4,-56.6,-59.7,-59.9,-56.5,-48.4,-34.2,-23.8,-13.7,-3.2,7.6,9.6,11.1,8.7,7.0,-25.6,-29.4,-29.8,-27.2,-24.8,-24.3,-28.4,-31.7,-31.6,-28.9,-26.8,-26.6,37.8,25.5,20.4,21.7,19.9,24.9,35.4,45.8,50.1,51.4,51.1,47.5,37.4,28.1,28.2,27.3,35.4,40.8,41.9,41.5,1365.8,1362.1,1360.6,1358.5,1353.1,1344.1,1331.2,1315.6,1308.7,1310.9,1321.0,1331.3,1334.8,1334.7,1333.2,1334.8,1339.8,1337.6,1333.7,1326.4,1319.8,1313.0,1301.6,1305.3,1307.8,1310.3,1311.6,1305.1,1298.7,1292.3,1285.7,1301.2,1296.3,1291.4,1292.3,1294.1,1329.3,1324.6,1322.5,1318.3,1320.7,1323.1,1308.5,1308.5,1307.7,1307.9,1305.6,1306.1,1315.1,1298.2,1290.9,1287.2,1285.6,1290.6,1301.7,1289.8,1283.2,1284.8,1288.1,1298.1,1311.8,1292.2,1288.6,1286.5,1299.8,1287.4,1289.2,1293.0,2.287,-0.069,0.19,0.035,639.0,378.3080000000001,-30.5,-18.541,4.39,6.332000000000001,-14.791,-12.352,0.632,17.719,-9.44,-18.071,-23.908,-0.69,1.008,0.214,1.5490000000000002,4.305,-2.52,0.345,-6.122999999999999,-6.005,2.741,0.769,1.636,-5.794,0.737,0.979,2.321,-0.465,-0.282,-0.1889999999999999,0.7240000000000001,0.012,0.076,0.41,1.03,2.46,0.0,0.2,1.0,1.95,0.99,1.31,1.5,0.03,0.47,0.0,0.04,0.0,3.29,1.12,1.39,1.0,1.0,0.0,0.0,1.0,1.0,0.0,1.0,1.0,0.0,1.0,0.0,0.0,0.0,1.0,1.0,0.0,1.0,
101.0,3.337,0.98,0.072257,0.158029,-0.984787,-0.174979,0.146644,-0.97359,-0.052,0.154,561.0,564.0,573.8,584.5,590.0,587.7,577.2,566.4,543.9,551.1,560.1,569.7,579.9,589.5,597.2,591.1,582.1,572.0,561.3,551.5,571.6,576.0,579.9,581.1,578.9,574.6,570.6,569.4,694.9,699.2,710.4,721.9,727.0,722.7,711.5,699.2,685.6,693.1,702.9,714.4,725.2,734.1,741.1,734.9,726.2,715.7,704.2,693.5,705.8,711.0,716.1,718.1,715.7,710.5,705.4,703.4,299.9,289.5,284.5,287.9,297.6,308.9,313.0,309.6,304.2,299.6,295.4,293.1,293.4,296.0,300.0,302.7,303.5,304.5,305.4,305.7,303.9,305.2,303.2,299.0,295.0,293.6,295.7,299.9,292.7,282.1,277.8,282.3,292.9,303.5,307.8,304.4,297.0,292.3,289.0,287.8,289.4,292.8,297.4,298.8,298.8,298.6,298.5,298.8,298.6,300.6,298.7,293.9,289.0,287.0,288.9,293.7,-33.4,-32.2,-28.1,-23.5,-21.2,-22.2,-26.6,-31.1,-40.8,-37.7,-33.8,-29.7,-25.4,-21.4,-18.2,-20.7,-24.5,-28.8,-33.3,-37.5,-29.0,-27.1,-25.5,-25.0,-25.9,-27.8,-29.4,-29.9,21.5,23.2,27.6,32.1,34.0,32.3,27.9,23.1,17.8,20.7,24.6,29.1,33.3,36.9,39.7,37.1,33.7,29.5,25.0,20.9,25.7,27.8,29.8,30.6,29.7,27.6,25.6,24.8,-25.4,-29.9,-32.0,-30.6,-26.4,-21.6,-19.9,-21.3,-23.7,-25.6,-27.4,-28.3,-28.2,-27.1,-25.5,-24.3,-23.9,-23.5,-23.1,-23.0,-23.8,-23.2,-24.1,-25.9,-27.6,-28.1,-27.3,-25.5,-26.3,-30.5,-32.2,-30.4,-26.2,-22.1,-20.4,-21.7,-24.6,-26.4,-27.7,-28.2,-27.6,-26.3,-24.6,-24.0,-23.9,-23.9,-24.0,-23.9,-24.0,-23.2,-24.0,-25.9,-27.8,-28.6,-27.8,-25.9,1269.9,1271.5,1272.7,1272.7,1271.7,1270.3,1268.9,1268.8,1274.2,1272.0,1270.0,1269.3,1269.8,1271.2,1272.9,1270.6,1268.7,1267.9,1268.7,1271.1,1270.8,1270.8,1271.3,1272.0,1272.4,1272.4,1271.9,1271.2,1172.2,1174.2,1175.4,1175.1,1173.3,1171.3,1170.1,1170.5,1172.7,1171.9,1171.4,1171.7,1173.0,1175.2,1177.6,1174.2,1171.3,1169.6,1169.6,1170.8,1172.5,1172.3,1172.9,1173.8,1174.6,1174.8,1174.2,1173.3,1.3,8.4,1294.7,-0.096,0.147,0.021,500.8,498.8,503.2,512.7,528.2,550.4,574.4,605.3,642.3,678.7,714.2,747.9,777.5,797.0,806.3,812.3,816.5,516.8,530.6,550.8,573.8,594.7,678.1,706.9,733.4,758.2,776.9,635.7,634.7,633.5,632.0,602.0,619.1,636.4,655.3,673.6,543.2,560.2,580.3,599.7,580.1,560.3,682.9,702.7,724.0,742.9,725.5,704.3,579.8,595.3,618.5,637.4,658.2,688.5,714.4,690.3,662.1,638.8,618.6,595.7,590.5,619.1,638.0,659.0,703.0,660.1,638.3,618.6,296.9,340.2,385.3,430.4,472.5,511.5,544.4,569.3,578.4,576.5,563.5,542.3,510.0,466.6,414.1,360.0,308.4,261.4,239.3,229.6,230.0,235.1,230.5,223.3,223.6,233.7,254.1,283.1,306.8,330.0,354.4,379.3,383.7,387.4,381.7,377.9,303.3,294.4,293.6,299.0,304.9,306.3,296.0,288.9,289.5,295.2,299.8,300.0,445.4,417.4,405.4,408.5,404.0,415.8,440.3,467.9,478.8,481.6,480.3,470.1,445.0,425.9,426.1,423.9,440.5,453.8,456.2,454.9,-62.9,-63.7,-61.7,-57.4,-50.1,-39.9,-28.9,-15.1,1.0,16.8,32.6,47.7,61.0,69.6,73.6,76.3,78.4,-54.5,-48.3,-39.2,-29.0,-19.7,16.4,29.0,40.6,51.5,59.7,-1.9,-2.3,-2.8,-3.4,-16.4,-9.0,-1.6,6.5,14.4,-42.6,-35.0,-26.2,-17.6,-26.2,-34.9,18.6,27.2,36.5,44.7,37.1,27.9,-26.2,-19.2,-9.2,-1.1,7.7,20.7,32.1,21.5,9.4,-0.5,-9.1,-19.0,-21.5,-8.9,-0.8,8.1,27.2,8.6,-0.7,-9.1,-28.5,-8.9,11.4,31.7,50.5,67.4,81.3,91.2,94.8,94.2,89.2,80.6,66.5,47.3,24.0,-0.0,-22.9,-43.6,-53.3,-57.3,-56.9,-54.4,-56.0,-59.3,-59.3,-55.0,-46.2,-33.3,-22.9,-12.8,-2.4,8.3,10.2,11.7,9.3,7.7,-25.0,-28.8,-29.1,-26.7,-24.1,-23.6,-27.8,-30.9,-30.6,-28.2,-26.1,-26.0,37.2,24.7,19.4,20.7,18.7,23.9,34.7,46.1,50.5,51.7,51.3,47.3,36.9,28.2,28.2,27.2,34.7,40.0,41.1,40.6,1356.2,1354.0,1353.5,1351.6,1345.3,1335.0,1321.7,1307.2,1302.0,1305.3,1315.8,1326.7,1330.4,1330.2,1328.6,1329.3,1332.6,1328.0,1325.0,1318.6,1313.1,1307.7,1296.1,1300.5,1303.6,1306.2,1307.5,1298.7,1291.4,1284.2,1277.0,1292.1,1287.6,1283.3,1284.8,1287.1,1320.9,1316.9,1314.9,1311.0,1313.2,1315.4,1303.0,1303.3,1302.8,1303.2,1300.7,1300.9,1306.3,1288.7,1281.3,1278.2,1277.0,1283.0,1295.7,1282.7,1275.1,1275.9,1278.6,1288.4,1303.1,1283.4,1280.3,1278.7,1293.4,1279.4,1280.4,1283.7,2.299,-0.08,0.156,0.021,643.222,379.821,-27.494,-13.665,6.416,9.303,-19.291,-12.416,0.523,20.695,-11.869000000000002,-22.45,-23.444000000000003,-2.244,2.715,-3.091,3.313,2.08,-4.346,-1.964,-2.385,-6.551,-0.536,-0.118,3.175,-3.785,0.033,1.295,2.446,-0.669,-0.204,-0.5329999999999999,0.654,-0.02,-0.28,0.187,1.03,2.42,0.0,0.22,1.14,2.19,1.06,1.33,1.67,0.23,0.25,0.0,0.0,0.0,3.39,1.14,1.24,1.0,1.0,0.0,0.0,1.0,1.0,0.0,1.0,1.0,0.0,1.0,0.0,0.0,0.0,1.0,1.0,0.0,1.0,
102.0,3.37,0.93,0.0615059999999999,0.1591119999999999,-0.985343,-0.1583109999999999,0.1380849999999999,-0.977686,-0.049,0.15,561.7,564.9,574.8,585.6,590.9,588.4,577.8,567.1,545.1,552.3,561.1,570.7,580.9,590.5,598.2,591.9,582.8,572.7,562.2,552.6,572.4,576.8,580.9,582.2,580.0,575.5,571.5,570.1,696.1,700.4,711.8,723.5,728.8,724.5,713.1,700.5,686.5,694.0,703.8,715.3,726.1,735.2,742.3,735.9,727.2,716.7,705.2,694.5,707.0,712.6,717.9,720.0,717.5,711.9,706.5,704.5,302.9,292.6,287.7,291.1,300.8,312.0,316.0,312.6,307.2,302.2,297.8,295.5,296.0,299.0,303.4,306.0,306.7,307.6,308.4,308.7,307.1,308.5,306.5,302.2,298.2,296.8,298.8,303.1,295.7,285.2,281.0,285.5,296.0,306.5,310.7,307.3,300.2,295.2,291.8,290.7,292.4,295.9,300.8,302.1,302.2,302.0,301.9,302.1,301.9,304.0,302.0,297.1,292.1,290.0,292.0,296.9,-33.1,-31.7,-27.6,-23.0,-20.7,-21.8,-26.2,-30.8,-40.2,-37.1,-33.3,-29.3,-25.0,-20.9,-17.7,-20.3,-24.1,-28.4,-32.8,-37.0,-28.6,-26.7,-25.0,-24.4,-25.4,-27.3,-29.0,-29.5,21.6,23.3,27.8,32.3,34.3,32.6,28.2,23.3,18.0,20.8,24.6,29.1,33.3,36.8,39.6,37.1,33.6,29.5,25.1,21.0,25.9,28.0,30.1,30.9,30.0,27.8,25.7,24.9,-24.1,-28.5,-30.6,-29.2,-25.0,-20.3,-18.5,-20.0,-22.4,-24.4,-26.3,-27.2,-27.0,-25.8,-23.9,-22.8,-22.5,-22.1,-21.8,-21.7,-22.4,-21.8,-22.6,-24.4,-26.2,-26.7,-25.9,-24.1,-24.8,-28.9,-30.6,-28.8,-24.7,-20.6,-19.0,-20.3,-23.1,-25.0,-26.3,-26.7,-26.1,-24.8,-23.0,-22.4,-22.3,-22.3,-22.4,-22.3,-22.4,-21.6,-22.4,-24.3,-26.3,-27.1,-26.3,-24.4,1266.8,1268.5,1269.6,1269.4,1268.1,1266.6,1265.3,1265.5,1271.1,1268.9,1266.9,1266.0,1266.4,1267.6,1269.2,1266.9,1265.1,1264.4,1265.4,1267.9,1267.4,1267.4,1267.8,1268.5,1269.1,1269.1,1268.7,1268.0,1157.7,1160.0,1161.4,1161.0,1159.0,1156.7,1155.3,1155.8,1158.1,1157.5,1157.1,1157.3,1158.4,1160.5,1162.7,1159.4,1156.6,1154.9,1154.9,1156.2,1157.9,1157.7,1158.3,1159.4,1160.4,1160.6,1159.9,1158.8,2.4,9.9,1289.0,-0.093,0.1669999999999999,-0.004,500.9,500.6,506.2,516.7,534.0,558.3,583.5,614.5,652.1,689.1,724.5,756.6,783.1,799.6,807.3,812.5,816.0,515.7,530.6,550.9,573.7,594.9,678.9,708.3,734.8,759.6,777.8,637.6,636.3,635.1,633.9,603.5,620.9,638.5,657.6,676.2,544.3,561.2,581.5,600.6,580.9,560.9,683.8,704.0,725.3,743.9,726.5,705.2,580.6,596.1,620.0,639.6,661.5,692.6,719.9,695.5,666.8,642.4,621.4,597.3,591.0,621.4,641.0,663.2,708.3,665.0,642.0,621.6,305.6,350.8,397.2,443.0,484.9,523.4,556.2,579.8,586.8,581.9,564.0,538.6,503.4,459.3,408.7,358.3,310.5,264.6,242.8,232.5,232.4,237.9,232.8,226.6,227.4,237.4,257.3,286.2,310.2,333.6,358.3,384.5,388.4,392.0,385.6,381.1,306.4,297.0,296.2,302.2,308.0,309.4,299.5,292.0,292.3,298.4,302.9,303.2,448.8,421.2,409.4,412.2,407.3,417.5,440.9,468.8,480.6,484.2,483.4,473.7,448.6,429.7,429.7,426.8,441.5,455.9,459.2,458.4,-62.8,-62.8,-60.3,-55.4,-47.3,-36.2,-24.8,-11.1,5.2,21.3,36.9,51.3,63.0,70.2,73.5,75.9,77.7,-54.8,-48.1,-39.0,-28.9,-19.5,16.7,29.5,41.0,51.8,59.8,-1.0,-1.6,-2.1,-2.6,-15.7,-8.1,-0.7,7.5,15.4,-41.9,-34.4,-25.5,-17.1,-25.7,-34.5,18.9,27.7,36.9,44.9,37.3,28.2,-25.8,-18.8,-8.5,-0.2,9.1,22.4,34.4,23.6,11.3,1.0,-7.9,-18.2,-21.2,-7.9,0.4,9.8,29.3,10.6,0.9,-7.8,-24.5,-4.2,16.8,37.3,55.8,72.4,86.1,95.3,98.0,96.1,89.0,78.5,63.1,43.7,21.4,-0.7,-21.9,-42.0,-51.5,-55.8,-55.5,-52.9,-54.7,-57.5,-57.3,-53.2,-44.6,-31.8,-21.3,-11.2,-0.7,10.5,12.1,13.6,10.9,9.0,-23.5,-27.5,-27.8,-25.1,-22.6,-22.1,-26.2,-29.4,-29.3,-26.6,-24.7,-24.5,38.5,26.2,21.0,22.1,20.0,24.5,34.8,46.3,51.0,52.6,52.3,48.6,38.4,29.7,29.6,28.4,35.0,40.7,42.1,41.9,1353.9,1352.0,1350.9,1347.6,1339.9,1328.8,1315.6,1300.9,1295.9,1299.2,1309.1,1318.5,1320.7,1319.4,1317.9,1319.5,1323.7,1322.0,1318.5,1311.8,1306.2,1300.8,1289.1,1293.8,1297.2,1300.3,1302.1,1292.2,1284.6,1277.1,1269.7,1285.9,1281.0,1276.4,1277.7,1280.2,1314.2,1310.2,1308.2,1304.5,1306.3,1308.6,1297.2,1297.4,1296.7,1297.2,1294.6,1294.8,1301.5,1283.3,1275.5,1272.3,1271.1,1277.1,1290.5,1277.2,1269.2,1269.7,1272.6,1282.5,1298.6,1277.5,1274.4,1273.1,1288.0,1273.7,1274.3,1277.6,2.311,-0.076,0.178,-0.005,645.962,383.375,-29.458,-1.296,10.311,6.898,-17.117,-11.069,-1.924,17.718,-13.492,-22.071,-22.546,-1.3130000000000002,0.299,-2.657,5.608,-0.149,-5.579,-1.55,-0.216,-7.317,-0.6,-0.357,1.921,-4.048,-0.15,0.9,1.511,-0.185,-0.248,-0.484,0.652,-0.204,-0.284,0.077,1.12,2.38,0.0,0.25,1.29,2.19,1.04,1.39,1.88,0.53,0.16,0.0,0.0,0.0,3.41,1.11,1.17,1.0,1.0,0.0,0.0,1.0,1.0,0.0,1.0,1.0,0.0,0.0,0.0,0.0,0.0,1.0,1.0,0.0,1.0,
103.0,3.403,0.93,0.062388,0.180998,-0.981503,-0.158276,0.166221,-0.973303,-0.049,0.176,562.0,565.3,575.2,585.9,591.1,588.5,577.9,567.2,545.5,552.5,561.3,571.1,581.5,591.0,598.5,592.1,582.7,572.4,562.0,552.6,572.5,577.0,581.1,582.5,580.3,575.9,571.8,570.4,697.2,701.1,712.4,724.4,730.1,726.2,715.0,702.1,687.3,694.9,704.9,716.5,727.3,736.2,743.1,737.2,728.7,718.3,706.6,695.5,708.4,713.9,719.1,720.9,718.3,712.8,707.6,705.8,307.2,296.8,291.9,295.4,305.2,316.4,320.5,317.0,311.2,306.2,302.1,299.9,300.3,303.1,307.1,310.4,311.4,312.5,313.3,313.2,311.3,312.8,310.7,306.4,302.3,300.9,302.9,307.3,300.3,289.6,285.1,289.5,300.1,310.9,315.3,312.1,304.2,299.3,296.0,294.9,296.5,300.0,304.8,306.6,306.8,306.7,306.5,306.5,306.3,308.3,306.2,301.3,296.4,294.4,296.5,301.4,-32.9,-31.5,-27.3,-22.8,-20.6,-21.7,-26.2,-30.6,-40.0,-36.9,-33.2,-29.0,-24.6,-20.7,-17.5,-20.2,-24.1,-28.4,-32.8,-36.8,-28.4,-26.6,-24.8,-24.3,-25.2,-27.1,-28.8,-29.4,21.9,23.4,27.8,32.4,34.5,32.9,28.6,23.7,18.1,21.0,24.8,29.2,33.4,36.9,39.6,37.2,33.9,29.9,25.4,21.2,26.2,28.3,30.3,31.0,30.0,27.9,25.9,25.2,-22.2,-26.7,-28.7,-27.3,-23.1,-18.4,-16.6,-18.1,-20.6,-22.7,-24.4,-25.3,-25.1,-24.0,-22.3,-20.9,-20.4,-20.0,-19.7,-19.7,-20.5,-19.9,-20.8,-22.6,-24.3,-24.9,-24.1,-22.2,-22.8,-27.0,-28.7,-27.0,-22.9,-18.8,-17.0,-18.3,-21.3,-23.2,-24.5,-24.9,-24.3,-23.0,-21.2,-20.5,-20.3,-20.3,-20.4,-20.4,-20.5,-19.8,-20.6,-22.5,-24.4,-25.1,-24.3,-22.4,1263.9,1265.4,1266.3,1266.1,1265.0,1263.8,1262.7,1262.8,1268.6,1266.2,1264.1,1263.1,1263.4,1264.6,1266.2,1264.0,1262.2,1261.7,1262.8,1265.3,1264.6,1264.5,1264.9,1265.5,1266.0,1266.0,1265.6,1265.0,1146.4,1148.8,1150.4,1150.2,1148.4,1146.0,1144.5,1144.7,1146.9,1146.3,1146.1,1146.5,1147.8,1150.0,1152.2,1148.9,1145.9,1144.0,1143.8,1145.0,1146.9,1146.8,1147.5,1148.6,1149.4,1149.5,1148.8,1147.7,1.7,11.8,1301.8,-0.057,0.171,0.016,500.9,499.8,504.6,513.7,529.4,552.3,576.3,607.0,643.8,679.9,715.7,748.3,776.8,795.9,805.6,813.4,819.8,515.8,531.8,552.3,574.9,596.2,678.5,707.7,733.4,758.5,779.5,636.4,635.3,634.0,632.5,601.4,618.9,636.7,656.5,675.7,543.8,561.4,582.1,601.1,581.0,561.0,684.6,704.8,726.3,745.1,727.8,706.5,575.3,592.2,616.9,637.8,661.6,693.8,722.1,695.7,665.0,638.6,616.3,592.0,586.1,617.2,638.3,662.3,710.6,663.4,638.5,616.6,298.7,343.7,389.7,435.3,478.8,520.0,556.2,582.9,591.6,588.3,572.7,547.6,511.6,466.1,413.3,360.0,308.7,268.4,247.2,238.8,238.7,243.0,238.8,231.8,231.9,239.8,257.8,290.7,315.6,340.4,366.4,389.6,394.4,398.6,391.9,387.5,310.4,301.3,300.7,306.7,312.6,313.7,304.0,296.2,296.2,302.2,307.4,307.9,450.9,425.4,415.4,418.5,414.0,423.2,445.1,473.7,486.0,489.4,488.2,477.5,451.5,434.2,435.0,432.1,446.0,462.5,465.6,464.1,-63.2,-63.5,-61.3,-57.1,-49.8,-39.2,-28.2,-14.5,1.7,17.5,33.3,48.0,60.7,69.1,73.3,76.9,80.0,-55.2,-47.9,-38.6,-28.5,-19.1,16.7,29.4,40.6,51.7,60.8,-1.6,-2.0,-2.6,-3.2,-16.7,-9.1,-1.4,7.1,15.4,-42.5,-34.6,-25.5,-17.1,-25.9,-34.8,19.4,28.2,37.6,45.7,38.2,28.9,-28.4,-20.7,-9.9,-1.0,9.3,23.1,35.6,23.9,10.7,-0.6,-10.2,-20.8,-23.6,-9.8,-0.7,9.6,30.6,10.0,-0.6,-10.1,-27.8,-7.4,13.4,34.0,53.4,71.5,87.0,97.8,101.2,99.9,93.7,83.2,67.3,47.1,23.6,0.0,-22.8,-40.7,-50.0,-53.4,-53.2,-51.1,-52.5,-55.7,-55.7,-52.4,-44.6,-30.1,-19.2,-8.4,2.7,12.8,14.8,16.6,13.7,11.8,-21.9,-25.8,-26.1,-23.4,-20.8,-20.4,-24.4,-27.8,-27.8,-25.2,-22.9,-22.6,39.9,28.3,23.8,25.1,23.1,27.2,37.0,48.9,53.8,55.4,55.0,50.8,40.1,31.9,32.2,30.9,37.3,44.0,45.3,44.8,1362.4,1359.5,1358.2,1355.6,1349.4,1340.6,1330.3,1316.2,1310.9,1313.1,1322.0,1330.6,1331.8,1330.2,1328.4,1330.1,1334.2,1332.7,1328.8,1321.8,1316.2,1310.8,1299.0,1302.7,1305.2,1307.6,1308.6,1302.8,1296.3,1289.9,1283.7,1299.8,1294.4,1289.5,1290.5,1292.8,1325.5,1321.4,1319.5,1315.3,1317.5,1319.8,1306.7,1306.6,1305.6,1305.3,1303.4,1304.0,1317.2,1298.4,1290.2,1286.5,1284.8,1290.3,1303.0,1290.3,1282.3,1283.5,1287.0,1297.9,1314.1,1291.8,1288.1,1286.1,1300.9,1286.8,1288.1,1292.1,2.29,-0.04,0.183,0.015,644.19,387.272,-39.547,-13.419,12.925,2.6630000000000003,-17.587,-8.795,-4.615,15.513,-13.152,-24.449,-26.302,0.407,-2.964,1.372,2.461,0.225,-5.227,0.995,-0.934,-7.999,-0.3979999999999999,0.1989999999999999,1.546,-4.512,0.322,1.18,1.118,-0.218,0.085,-0.3989999999999999,0.7929999999999999,-0.308,0.186,0.294,1.16,2.3,0.0,0.18,1.39,1.96,1.02,1.39,2.1,0.92,0.11,0.0,0.0,0.0,3.43,1.0,1.11,1.0,1.0,0.0,0.0,1.0,1.0,0.0,1.0,1.0,0.0,0.0,0.0,0.0,0.0,1.0,1.0,0.0,1.0,
104.0,3.437,0.98,0.06876,0.191992,-0.978985,-0.121375,0.177398,-0.976626,-0.027,0.187,562.7,566.1,575.9,586.5,591.6,589.0,578.4,567.8,546.3,553.2,562.1,571.9,582.2,591.6,599.1,592.8,583.6,573.5,563.1,553.6,573.3,577.5,581.5,582.9,580.8,576.5,572.5,571.2,699.8,703.7,714.5,725.9,731.3,727.5,716.6,704.3,689.3,696.3,705.9,717.6,728.7,737.4,744.0,738.4,730.1,720.1,708.4,697.4,711.0,715.7,720.1,721.7,719.5,714.8,710.4,708.8,312.7,302.1,297.2,300.7,310.7,322.0,326.2,322.6,316.2,311.2,307.1,304.9,305.6,308.7,313.4,316.5,317.5,318.5,319.0,318.5,316.6,318.0,316.0,311.8,307.8,306.3,308.3,312.6,306.3,295.5,291.0,295.5,306.3,317.1,321.6,318.2,310.4,305.3,301.7,300.2,301.9,305.2,310.3,312.4,313.0,313.1,312.9,312.9,311.6,313.5,311.6,307.2,302.8,300.9,302.8,307.2,-32.7,-31.3,-27.1,-22.6,-20.5,-21.6,-26.0,-30.5,-39.7,-36.7,-32.9,-28.8,-24.4,-20.4,-17.3,-19.9,-23.8,-28.1,-32.5,-36.6,-28.2,-26.4,-24.7,-24.2,-25.1,-26.9,-28.5,-29.1,23.4,25.0,29.2,33.7,35.8,34.3,30.0,25.2,19.3,22.0,25.8,30.4,34.8,38.3,40.9,38.6,35.3,31.3,26.7,22.4,27.8,29.6,31.4,32.0,31.2,29.4,27.6,27.0,-20.0,-24.5,-26.6,-25.1,-20.9,-16.0,-14.3,-15.8,-18.6,-20.6,-22.4,-23.3,-23.0,-21.7,-19.7,-18.4,-17.9,-17.5,-17.3,-17.5,-18.3,-17.7,-18.6,-20.4,-22.1,-22.7,-21.9,-20.0,-21.0,-25.3,-27.1,-25.3,-21.1,-16.8,-15.0,-16.3,-19.4,-21.4,-22.8,-23.4,-22.8,-21.5,-19.5,-18.7,-18.4,-18.3,-18.4,-18.4,-19.0,-18.2,-19.0,-20.7,-22.5,-23.2,-22.5,-20.7,1267.6,1268.8,1269.6,1269.6,1268.7,1267.8,1266.8,1266.8,1272.2,1269.7,1267.5,1266.5,1267.0,1268.3,1269.9,1267.9,1266.1,1265.5,1266.5,1269.0,1268.4,1268.4,1268.8,1269.2,1269.6,1269.6,1269.2,1268.8,1174.8,1176.7,1178.1,1178.2,1176.8,1174.9,1173.5,1173.5,1175.2,1174.6,1174.1,1174.5,1176.0,1178.3,1180.7,1177.5,1174.5,1172.6,1172.3,1173.5,1175.6,1175.6,1176.2,1177.0,1177.5,1177.5,1176.9,1176.1,2.9,14.3,1312.3,-0.039,0.145,0.006,500.0,499.5,504.3,513.6,530.3,554.8,580.5,613.5,650.6,685.9,719.8,751.2,779.2,797.6,806.0,811.3,815.1,516.4,531.7,552.7,575.6,596.9,681.9,710.8,736.4,761.0,780.4,638.9,638.7,638.3,637.8,605.5,623.4,641.4,660.8,679.6,545.0,562.2,582.9,601.8,581.9,561.8,686.5,706.2,727.7,745.8,729.4,708.3,578.7,597.6,622.4,642.9,665.9,697.7,725.8,699.6,669.3,643.9,622.2,597.7,589.5,622.6,643.3,666.5,714.4,667.5,643.6,622.1,306.2,349.8,394.2,439.0,481.7,523.2,560.4,588.5,597.0,592.6,575.6,550.4,515.1,470.1,417.0,363.0,310.9,273.5,252.1,244.0,244.9,250.4,246.6,238.7,238.8,247.5,267.0,298.2,323.6,349.0,375.6,396.5,401.8,406.5,399.4,394.4,315.5,306.3,305.8,312.5,318.6,319.5,310.0,301.9,301.9,308.3,313.6,314.2,454.7,432.2,423.7,426.6,422.1,429.8,449.3,477.6,488.8,491.9,490.5,480.1,455.6,441.0,441.9,438.7,450.2,467.1,470.0,468.4,-64.0,-64.1,-61.9,-57.6,-49.7,-38.3,-26.6,-11.7,4.6,20.2,35.5,49.8,62.4,70.6,74.2,76.5,78.4,-55.2,-48.2,-38.7,-28.5,-19.0,18.3,31.0,42.3,53.1,61.8,-0.5,-0.6,-0.7,-0.9,-15.1,-7.2,0.6,9.0,17.2,-42.2,-34.5,-25.3,-16.9,-25.7,-34.6,20.4,29.1,38.5,46.4,39.2,29.9,-27.1,-18.5,-7.7,1.3,11.2,25.1,37.6,25.9,12.7,1.7,-7.7,-18.4,-22.3,-7.6,1.4,11.5,32.6,11.9,1.6,-7.8,-24.6,-4.6,15.6,36.0,55.2,73.5,89.5,101.0,104.4,102.7,95.9,85.3,69.5,49.3,25.5,1.3,-22.0,-38.6,-48.0,-51.4,-50.8,-48.2,-49.5,-53.1,-53.2,-49.4,-40.9,-27.1,-15.8,-4.8,6.7,15.9,18.2,20.1,17.1,15.0,-19.8,-23.8,-24.0,-21.0,-18.3,-17.9,-22.0,-25.5,-25.5,-22.7,-20.3,-20.1,41.9,31.5,27.6,28.8,26.9,30.3,39.2,51.1,55.6,56.9,56.4,52.4,42.2,35.2,35.5,34.1,39.5,46.4,47.7,47.1,1370.5,1369.1,1368.5,1366.3,1359.9,1350.6,1340.0,1326.1,1321.5,1324.7,1334.3,1343.6,1345.3,1343.2,1340.7,1340.6,1342.7,1339.6,1336.0,1329.7,1324.9,1320.5,1308.7,1312.8,1315.3,1318.0,1319.9,1312.3,1305.7,1299.4,1293.4,1309.3,1304.3,1299.9,1301.2,1303.6,1333.6,1330.5,1328.8,1325.2,1326.9,1329.0,1317.2,1317.6,1317.1,1317.2,1315.1,1315.2,1327.8,1309.0,1301.3,1298.1,1296.7,1303.3,1317.0,1303.0,1294.0,1294.4,1297.4,1308.0,1325.1,1302.6,1299.5,1298.0,1314.3,1298.7,1299.3,1302.8,2.272,-0.02,0.155,0.005,646.9630000000001,392.817,-40.318000000000005,-9.543,11.815,-0.34,-18.073,-4.135,-6.796,17.45,-11.552,-25.132,-27.046,-1.055,-3.661,-2.103,3.983,0.391,-5.992999999999999,0.057,0.1969999999999999,-5.973,-3.993,0.735,1.628,-4.508,-0.142,1.3630000000000002,1.643,-0.368,-0.03,-0.431,0.674,-0.318,-0.085,0.093,1.16,2.22,0.0,0.19,1.44,1.78,0.98,1.51,2.38,1.21,0.11,0.0,0.0,0.0,3.47,0.98,1.07,1.0,1.0,0.0,0.0,1.0,1.0,0.0,1.0,1.0,1.0,0.0,0.0,0.0,0.0,1.0,1.0,0.0,0.0,
105.0,3.47,0.98,0.0753799999999999,0.203101,-0.976252,-0.109162,0.200052,-0.973685,-0.017,0.204,563.4,566.8,576.7,587.2,592.2,589.4,578.8,568.3,546.9,554.0,563.0,572.6,582.8,592.1,599.5,593.1,583.9,573.9,563.5,554.1,573.8,578.1,582.1,583.5,581.5,577.2,573.2,571.8,700.9,704.7,715.3,726.4,731.5,727.7,717.1,705.2,690.0,697.0,706.5,718.0,729.0,737.7,744.2,738.5,730.1,720.1,708.6,697.8,711.8,716.2,720.5,722.1,720.0,715.6,711.3,709.7,317.8,307.4,302.6,306.2,316.2,327.5,331.5,327.8,320.4,315.8,312.1,310.2,311.1,314.4,318.9,322.2,323.2,324.0,324.2,323.3,321.9,323.4,321.5,317.2,313.2,311.7,313.6,317.9,312.8,301.9,297.2,301.6,312.5,323.4,328.0,324.6,316.2,311.3,307.8,306.3,307.9,310.9,315.7,318.2,319.1,319.4,319.2,318.9,317.7,319.5,317.6,313.2,308.9,307.1,308.9,313.4,-32.5,-31.1,-26.9,-22.4,-20.3,-21.5,-25.9,-30.4,-39.7,-36.5,-32.7,-28.6,-24.2,-20.3,-17.2,-19.9,-23.8,-28.0,-32.4,-36.5,-28.1,-26.3,-24.6,-24.0,-24.9,-26.7,-28.4,-29.0,24.4,26.0,30.2,34.7,36.7,35.1,30.8,26.1,20.0,22.8,26.6,31.2,35.7,39.2,41.9,39.5,36.1,32.0,27.4,23.1,28.8,30.6,32.3,32.9,32.1,30.3,28.6,27.9,-17.9,-22.4,-24.4,-22.8,-18.6,-13.8,-12.1,-13.7,-16.8,-18.8,-20.3,-21.1,-20.7,-19.4,-17.5,-16.0,-15.6,-15.2,-15.2,-15.6,-16.2,-15.5,-16.4,-18.2,-19.9,-20.5,-19.7,-17.9,-18.9,-23.3,-25.2,-23.4,-19.1,-14.7,-12.8,-14.2,-17.6,-19.5,-20.9,-21.5,-20.9,-19.7,-17.8,-16.8,-16.4,-16.2,-16.3,-16.4,-16.9,-16.2,-17.0,-18.8,-20.5,-21.2,-20.5,-18.7,1272.7,1273.9,1274.7,1274.7,1273.8,1272.8,1271.8,1271.8,1277.2,1274.7,1272.6,1271.6,1272.0,1273.3,1275.0,1272.8,1271.1,1270.5,1271.5,1274.0,1273.5,1273.5,1273.8,1274.3,1274.7,1274.6,1274.3,1273.8,1201.1,1202.7,1203.8,1204.0,1203.0,1201.5,1200.3,1200.3,1202.1,1201.1,1200.5,1200.7,1202.2,1204.6,1207.2,1204.0,1201.1,1199.2,1199.0,1200.3,1202.1,1202.2,1202.7,1203.3,1203.7,1203.6,1203.1,1202.5,3.7,17.0,1316.9,-0.013,0.149,-0.016,499.8,500.8,506.5,516.2,534.0,559.8,586.3,618.2,655.3,691.6,726.0,756.9,782.5,798.6,805.7,810.2,813.3,514.8,530.6,551.9,575.0,596.8,683.1,712.1,737.7,762.1,780.6,641.2,640.7,640.2,639.8,607.0,624.9,643.0,662.4,680.9,545.8,563.0,583.6,602.0,582.3,562.3,687.2,706.9,728.1,745.9,729.5,708.7,579.5,599.4,624.7,645.0,668.0,699.2,727.6,701.5,671.7,646.4,624.8,599.4,589.7,625.3,645.8,669.1,716.5,670.4,646.4,625.2,315.5,361.1,407.1,452.7,495.0,534.3,568.3,593.5,600.1,593.7,573.4,545.8,509.5,465.1,414.8,364.6,316.0,279.9,258.9,250.2,251.1,256.9,253.3,246.2,246.0,254.2,272.8,304.8,331.2,357.5,384.8,404.5,409.9,414.8,407.4,401.6,320.6,311.4,311.1,318.3,323.9,324.7,316.2,307.8,307.6,314.2,319.4,320.0,459.0,439.6,432.4,435.3,430.6,436.1,452.1,481.2,493.8,497.4,496.3,485.7,460.3,448.4,449.3,445.8,453.9,472.7,476.4,475.1,-64.3,-63.8,-61.2,-56.6,-48.3,-36.3,-24.1,-9.7,6.8,22.9,38.4,52.5,64.1,71.2,74.2,76.2,77.8,-56.0,-48.8,-39.1,-28.7,-19.0,18.8,31.6,42.9,53.8,62.1,0.5,0.3,0.1,-0.1,-14.4,-6.6,1.3,9.7,17.8,-41.9,-34.2,-25.0,-16.8,-25.6,-34.5,20.8,29.4,38.8,46.7,39.3,30.2,-26.9,-17.8,-6.7,2.2,12.2,25.8,38.6,26.8,13.7,2.8,-6.6,-17.8,-22.3,-6.4,2.5,12.6,33.7,13.2,2.8,-6.5,-20.4,0.5,21.6,42.4,61.5,78.8,93.4,103.6,106.2,103.6,95.3,83.5,67.2,47.1,24.6,2.0,-19.7,-35.9,-45.1,-48.7,-48.2,-45.4,-46.6,-49.9,-50.1,-46.6,-38.5,-24.2,-12.6,-1.1,10.7,19.5,21.7,23.8,20.6,18.1,-17.5,-21.6,-21.7,-18.5,-16.0,-15.7,-19.3,-23.0,-23.0,-20.2,-17.9,-17.6,44.0,34.9,31.5,32.7,30.6,33.2,40.6,52.9,58.0,59.6,59.2,55.0,44.5,38.5,38.8,37.3,41.3,49.0,50.6,50.2,1376.2,1375.6,1375.2,1372.9,1366.1,1356.6,1345.6,1331.7,1327.0,1330.4,1340.0,1348.2,1349.0,1346.0,1343.3,1343.7,1346.4,1343.1,1338.6,1331.9,1326.4,1321.3,1310.6,1315.3,1318.3,1321.6,1324.5,1314.9,1308.2,1301.8,1295.7,1312.6,1307.4,1303.0,1304.1,1306.7,1335.7,1332.4,1330.6,1327.6,1328.8,1330.9,1320.8,1321.1,1320.5,1321.0,1318.7,1318.7,1333.3,1314.8,1306.3,1303.3,1302.2,1309.0,1323.0,1309.3,1300.2,1300.3,1303.1,1313.8,1330.9,1307.7,1304.8,1303.8,1320.3,1304.6,1304.8,1308.1,2.264,0.008,0.159,-0.017,648.639,398.721,-39.71,0.217,14.147,-2.902,-12.589,-1.167,-8.914,13.18,-12.334,-21.487,-23.976,0.026,-2.514,-1.843,6.184,-0.973,-5.992999999999999,-1.101,-0.515,-5.388,-2.555,0.363,0.529,-3.955,0.113,1.423,1.129,-0.37,-0.023,-0.3989999999999999,0.736,-0.672,-0.073,0.1989999999999999,1.13,2.09,0.0,0.1,1.57,1.69,0.91,1.8,2.68,1.41,0.02,0.0,0.0,0.0,3.49,0.99,1.05,1.0,1.0,0.0,0.0,1.0,1.0,0.0,1.0,1.0,1.0,0.0,0.0,0.0,0.0,1.0,1.0,0.0,0.0,
106.0,3.504,0.98,0.084587,0.225501,-0.970564,-0.097443,0.217207,-0.97125,-0.0069999999999999,0.2239999999999999,564.1,567.8,577.8,588.3,593.2,590.2,579.4,568.9,547.8,554.9,563.9,573.6,584.0,593.4,600.9,594.3,584.9,574.7,564.3,554.9,574.6,578.9,583.0,584.5,582.5,578.2,574.1,572.6,702.1,705.7,716.1,727.2,732.4,728.8,718.4,706.5,691.3,698.2,707.5,719.0,729.8,738.3,744.6,739.2,731.1,721.3,710.0,699.2,712.8,717.3,721.6,723.0,720.9,716.4,712.2,710.7,323.2,312.6,307.8,311.6,321.8,333.2,337.2,333.4,325.3,320.9,317.4,315.7,316.8,320.2,324.9,328.1,329.0,329.7,329.6,328.4,327.4,328.9,327.0,322.6,318.5,316.9,318.9,323.2,318.8,307.9,303.2,307.5,318.3,329.1,333.8,330.5,322.7,317.5,313.8,312.1,313.6,316.6,321.4,323.9,325.0,325.4,325.3,325.2,323.7,325.4,323.5,319.1,314.7,313.0,314.9,319.3,-31.9,-30.4,-26.2,-21.7,-19.7,-20.9,-25.5,-29.9,-38.9,-35.9,-32.0,-27.9,-23.5,-19.6,-16.5,-19.2,-23.1,-27.4,-31.8,-35.8,-27.5,-25.7,-24.0,-23.4,-24.2,-26.0,-27.7,-28.4,25.0,26.5,30.7,35.2,37.3,35.8,31.6,26.8,20.7,23.4,27.2,31.8,36.2,39.7,42.4,40.1,36.7,32.7,28.1,23.8,29.4,31.2,32.9,33.5,32.7,30.9,29.1,28.5,-15.5,-20.0,-22.0,-20.4,-16.1,-11.3,-9.6,-11.2,-14.6,-16.5,-17.9,-18.6,-18.2,-16.8,-14.8,-13.4,-13.0,-12.7,-12.8,-13.3,-13.7,-13.1,-13.9,-15.7,-17.5,-18.1,-17.3,-15.5,-16.6,-21.0,-22.9,-21.2,-16.8,-12.4,-10.5,-11.9,-15.0,-17.1,-18.6,-19.3,-18.7,-17.5,-15.6,-14.6,-14.1,-13.9,-14.0,-14.0,-14.7,-14.0,-14.7,-16.5,-18.3,-19.0,-18.2,-16.4,1261.6,1262.5,1263.1,1263.0,1262.4,1261.7,1260.9,1261.0,1266.5,1263.8,1261.4,1260.2,1260.5,1261.9,1263.6,1261.6,1260.0,1259.5,1260.7,1263.2,1262.4,1262.4,1262.6,1263.0,1263.3,1263.3,1263.0,1262.7,1208.7,1210.3,1211.6,1211.9,1211.0,1209.4,1208.1,1207.9,1209.4,1208.6,1208.1,1208.5,1210.1,1212.6,1215.3,1212.0,1209.0,1207.1,1206.7,1207.9,1209.8,1209.9,1210.5,1211.1,1211.5,1211.3,1210.8,1210.2,4.1,19.5,1329.8,0.032,0.135,-0.022,498.7,500.3,505.9,515.7,533.8,560.1,587.1,618.8,655.7,692.1,726.3,757.0,782.3,798.3,805.0,809.4,812.5,514.7,530.8,552.5,576.0,598.4,684.6,713.4,739.0,763.3,781.4,643.1,642.7,642.3,642.1,608.4,626.4,644.7,664.0,682.2,546.7,564.2,584.7,602.9,583.3,563.3,688.4,707.9,729.0,746.7,730.4,709.8,578.9,600.4,626.2,646.7,669.9,700.9,729.0,703.0,673.3,647.9,626.1,599.9,588.8,626.6,647.3,670.8,718.5,672.2,648.0,626.6,319.9,366.1,412.2,457.6,499.1,537.2,569.7,594.3,600.8,593.9,572.9,544.6,508.3,464.3,415.2,365.9,317.8,286.2,265.5,257.1,258.0,264.0,261.1,253.5,253.1,260.9,279.0,311.7,339.0,366.2,394.4,411.3,417.3,422.8,415.2,409.1,325.7,316.8,316.5,324.3,329.5,330.0,322.5,313.7,313.4,320.1,325.4,326.2,461.5,445.4,440.0,443.1,438.5,442.5,455.3,486.6,500.6,504.3,502.9,490.8,463.2,454.5,455.8,452.3,457.6,480.2,483.9,482.4,-65.3,-64.6,-61.9,-57.4,-48.8,-36.5,-24.0,-9.5,7.0,23.4,39.0,53.2,64.7,71.7,74.6,76.6,78.1,-56.5,-49.1,-39.1,-28.5,-18.5,19.6,32.4,43.8,54.7,62.9,1.4,1.2,1.0,0.9,-13.9,-6.0,2.1,10.6,18.6,-41.9,-33.9,-24.7,-16.5,-25.3,-34.3,21.5,30.1,39.5,47.4,40.1,30.9,-27.4,-17.5,-6.1,2.9,13.1,26.9,39.7,27.8,14.6,3.5,-6.1,-17.8,-23.0,-5.9,3.2,13.5,34.9,14.2,3.5,-5.9,-18.5,2.8,24.1,45.0,64.0,81.0,95.1,105.2,107.7,105.0,96.2,83.9,67.4,47.3,25.0,2.6,-19.1,-33.3,-42.5,-46.0,-45.4,-42.5,-43.5,-47.0,-47.3,-44.0,-36.0,-21.3,-9.2,2.7,15.0,22.7,25.2,27.5,24.2,21.6,-15.4,-19.3,-19.4,-15.9,-13.6,-13.4,-16.6,-20.5,-20.7,-17.7,-15.3,-15.0,45.6,37.8,35.2,36.5,34.4,36.4,42.5,55.9,61.7,63.3,62.8,57.9,46.3,41.7,42.1,40.5,43.5,52.9,54.5,54.0,1386.2,1386.1,1386.3,1384.8,1379.0,1370.6,1360.2,1346.9,1342.5,1346.1,1355.7,1363.3,1363.4,1359.8,1356.5,1356.6,1359.0,1353.1,1348.1,1341.2,1335.3,1329.8,1320.4,1325.0,1328.2,1331.8,1335.2,1325.2,1319.1,1313.1,1307.6,1324.5,1319.5,1315.4,1316.5,1319.0,1345.6,1342.2,1340.6,1337.9,1338.9,1340.9,1331.6,1331.7,1331.2,1331.9,1329.6,1329.6,1347.6,1329.4,1320.3,1317.3,1316.4,1323.6,1337.7,1324.7,1315.6,1315.6,1318.4,1329.0,1345.6,1321.8,1318.9,1318.0,1335.2,1319.6,1319.7,1323.0,2.2430000000000003,0.054,0.144,-0.023,649.516,403.984,-42.145,0.475,16.645,-6.068,-8.493,0.664,-10.619000000000002,9.724,-12.287,-19.014,-22.476,-0.555,-1.108,-1.492,5.806,-0.956,-4.972,-1.474,-1.4880000000000002,-4.597,-2.0,0.596,-0.04,-3.405,0.501,1.75,0.74,-0.44,0.031,-0.292,0.682,-0.773,0.006,0.187,1.1,1.86,0.0,0.06,1.64,1.89,0.82,2.14,2.91,1.44,0.0,0.0,0.11,0.0,3.61,0.97,1.12,1.0,1.0,0.0,0.0,1.0,1.0,0.0,1.0,1.0,1.0,0.0,0.0,0.0,0.0,1.0,1.0,0.0,0.0,
107.0,3.537,0.98,0.086515,0.251557,-0.963968,-0.099933,0.250591,-0.962921,-0.0069999999999999,0.255,564.7,568.5,578.5,588.8,593.5,590.4,579.7,569.3,548.5,555.4,564.4,574.5,585.0,594.4,601.8,595.1,585.8,575.6,565.1,555.6,575.0,579.2,583.3,584.9,583.0,578.7,574.6,573.1,702.9,706.6,717.0,727.8,732.8,729.1,718.8,707.1,692.2,699.1,708.4,719.9,730.8,739.2,745.4,740.0,731.9,722.1,710.8,700.0,713.6,717.9,721.9,723.4,721.4,717.2,713.1,711.7,327.5,316.8,312.0,315.9,326.2,337.6,341.7,337.8,329.1,325.0,321.8,320.2,321.3,324.6,329.3,332.6,333.8,334.6,334.4,332.8,331.5,333.1,331.1,326.8,322.5,320.9,322.9,327.3,324.2,313.3,308.5,312.8,323.6,334.6,339.3,335.9,327.4,322.5,319.0,317.5,319.0,321.8,326.5,329.2,330.3,330.8,330.5,330.2,328.8,330.4,328.6,324.3,320.1,318.4,320.3,324.5,-31.6,-30.0,-25.8,-21.5,-19.5,-20.8,-25.3,-29.6,-38.5,-35.5,-31.7,-27.4,-23.0,-19.1,-16.0,-18.8,-22.7,-27.0,-31.4,-35.4,-27.3,-25.5,-23.8,-23.1,-23.9,-25.7,-27.4,-28.1,25.5,27.1,31.3,35.7,37.8,36.2,32.0,27.3,21.2,24.0,27.8,32.4,36.9,40.4,43.0,40.7,37.3,33.3,28.7,24.3,29.9,31.7,33.3,33.9,33.1,31.4,29.7,29.1,-13.6,-18.1,-20.1,-18.5,-14.2,-9.4,-7.7,-9.3,-13.0,-14.7,-16.0,-16.7,-16.2,-14.8,-12.9,-11.5,-11.0,-10.6,-10.7,-11.4,-12.0,-11.3,-12.1,-13.9,-15.7,-16.4,-15.6,-13.7,-14.5,-19.0,-20.9,-19.2,-14.8,-10.3,-8.4,-9.8,-13.3,-15.2,-16.6,-17.3,-16.7,-15.6,-13.7,-12.6,-12.1,-11.9,-11.9,-12.1,-12.7,-12.0,-12.8,-14.5,-16.2,-16.9,-16.2,-14.4,1257.2,1257.5,1257.7,1257.8,1257.7,1257.7,1257.1,1257.0,1262.2,1259.3,1256.6,1255.3,1255.7,1257.3,1259.2,1257.4,1255.9,1255.5,1256.6,1259.1,1258.1,1258.2,1258.3,1258.4,1258.4,1258.4,1258.3,1258.2,1218.2,1219.4,1220.5,1220.9,1220.3,1219.1,1217.9,1217.7,1219.0,1218.0,1217.3,1217.6,1219.3,1221.9,1224.8,1221.5,1218.6,1216.6,1216.2,1217.4,1219.4,1219.5,1220.0,1220.5,1220.7,1220.5,1220.1,1219.6,4.4,21.8,1336.8,0.085,0.119,-0.024,497.7,499.5,505.2,515.0,533.3,560.0,587.3,618.6,655.4,691.9,725.9,756.4,781.6,797.5,804.1,808.4,811.4,514.7,531.4,553.8,577.8,600.6,685.9,714.7,740.3,764.6,782.3,644.9,644.5,644.2,644.0,609.7,627.6,646.0,665.3,683.1,547.3,565.1,585.6,603.7,584.1,564.1,689.5,708.8,729.8,747.5,731.1,710.7,578.5,601.0,627.7,648.1,671.4,702.2,729.6,704.4,674.9,649.5,627.5,600.3,588.2,628.0,648.6,672.2,719.6,673.9,649.6,628.1,320.9,368.0,414.9,460.6,502.0,539.2,570.5,594.9,601.4,594.3,572.5,543.7,507.8,464.6,416.6,367.8,319.9,290.3,270.4,262.9,264.0,270.5,268.3,260.4,259.8,267.1,284.6,317.7,345.8,373.7,402.4,417.1,423.7,429.7,422.1,415.6,329.7,321.1,321.0,329.2,333.9,334.2,327.9,318.9,318.6,325.3,330.7,331.5,463.9,450.5,446.6,450.0,445.5,448.3,458.6,493.4,509.7,513.6,511.8,497.4,466.0,460.2,461.8,458.3,461.6,488.9,492.8,490.9,-65.9,-65.1,-62.5,-58.0,-49.3,-36.8,-24.1,-9.7,7.0,23.5,39.1,53.3,64.8,71.8,74.6,76.5,78.0,-56.6,-48.9,-38.6,-27.7,-17.5,20.2,33.1,44.5,55.5,63.6,2.2,2.0,1.8,1.8,-13.4,-5.5,2.7,11.2,19.1,-41.7,-33.6,-24.4,-16.2,-25.0,-34.0,22.0,30.6,40.0,47.9,40.5,31.5,-27.8,-17.4,-5.5,3.6,13.9,27.6,40.2,28.7,15.4,4.2,-5.5,-17.7,-23.4,-5.3,3.8,14.3,35.6,15.0,4.2,-5.3,-18.1,3.7,25.5,46.7,65.7,82.4,96.1,106.2,108.9,106.0,96.8,84.1,67.6,47.7,25.7,3.6,-18.2,-31.5,-40.3,-43.5,-42.8,-39.7,-40.5,-44.1,-44.5,-41.4,-33.7,-18.7,-6.3,6.0,18.6,25.3,28.2,30.7,27.4,24.6,-13.6,-17.4,-17.5,-13.8,-11.7,-11.6,-14.3,-18.3,-18.5,-15.5,-13.0,-12.7,47.0,40.4,38.3,39.7,37.7,39.2,44.2,59.3,66.2,67.9,67.2,61.3,47.8,44.4,45.0,43.5,45.5,57.1,58.8,58.1,1389.1,1390.2,1391.7,1391.4,1386.8,1379.4,1369.3,1356.8,1353.0,1356.9,1366.5,1373.2,1372.4,1368.1,1363.9,1363.3,1365.1,1356.2,1350.6,1343.7,1337.7,1331.9,1324.0,1328.8,1332.2,1336.0,1340.2,1329.2,1323.8,1318.4,1313.6,1330.3,1325.6,1321.9,1323.1,1325.5,1349.1,1345.6,1344.1,1342.0,1342.8,1344.5,1336.3,1336.4,1336.0,1337.0,1334.6,1334.6,1355.6,1337.6,1328.1,1325.3,1324.6,1332.1,1346.3,1334.7,1326.0,1325.9,1328.6,1338.8,1353.9,1329.8,1327.1,1326.4,1344.2,1329.3,1329.3,1332.4,2.232,0.108,0.126,-0.024,650.224,408.787,-45.331,1.4469999999999998,19.411,-6.852,-5.2170000000000005,0.612,-10.465,7.95,-11.21,-16.771,-20.337,-1.266,0.735,-1.192,4.948,-0.248,-4.355,-2.271,-2.747,-4.02,-0.629,0.8590000000000001,-0.504,-2.36,0.5770000000000001,1.976,0.603,-0.805,0.2289999999999999,-0.289,0.574,-0.752,0.104,0.231,1.06,1.64,0.0,0.02,1.79,2.11,0.75,2.47,3.1,1.5,0.0,0.0,0.12,0.0,3.77,0.9,1.15,1.0,1.0,0.0,0.0,1.0,1.0,0.0,1.0,1.0,1.0,0.0,0.0,0.0,0.0,1.0,1.0,0.0,0.0,
108.0,3.57,0.98,0.085515,0.272236,-0.958423,-0.1155359999999999,0.26843,-0.956346,-0.016,0.275,564.7,569.2,579.6,589.9,594.0,590.2,579.1,568.8,548.4,555.8,565.2,575.7,586.3,595.5,602.7,596.1,586.6,576.2,565.5,555.8,574.8,579.1,583.6,585.5,583.7,579.3,574.9,573.0,703.3,707.0,717.3,728.1,733.1,729.3,719.0,707.4,692.8,699.9,709.4,721.0,731.8,740.0,745.9,740.9,733.2,723.6,712.2,701.0,713.9,718.1,722.1,723.6,721.6,717.4,713.4,711.9,330.6,320.1,315.9,320.5,331.2,342.5,345.9,341.3,332.8,328.8,325.7,324.3,325.6,329.1,333.9,337.3,338.3,338.9,338.5,336.7,335.6,337.5,335.7,331.3,326.7,324.8,326.5,331.0,329.0,318.1,313.5,317.9,328.7,339.7,344.3,340.8,331.9,327.4,324.2,322.7,324.2,327.0,331.7,334.5,335.7,336.1,335.8,335.2,333.7,335.5,333.7,329.4,325.1,323.4,325.2,329.5,-31.0,-29.2,-24.9,-20.7,-19.0,-20.5,-25.1,-29.3,-37.9,-34.8,-30.8,-26.5,-22.1,-18.3,-15.4,-18.1,-22.0,-26.3,-30.7,-34.8,-26.9,-25.1,-23.3,-22.5,-23.2,-25.0,-26.9,-27.7,25.4,26.9,31.0,35.4,37.4,35.8,31.7,27.0,21.2,24.0,27.8,32.5,36.9,40.2,42.7,40.6,37.4,33.5,28.9,24.4,29.6,31.3,33.0,33.6,32.8,31.1,29.5,28.9,-12.1,-16.5,-18.2,-16.3,-11.9,-7.2,-5.8,-7.7,-11.2,-12.9,-14.1,-14.7,-14.2,-12.7,-10.8,-9.4,-8.9,-8.7,-8.9,-9.6,-10.1,-9.3,-10.0,-11.9,-13.7,-14.5,-13.8,-12.0,-12.4,-16.8,-18.7,-16.9,-12.6,-8.1,-6.3,-7.7,-11.3,-13.0,-14.3,-14.9,-14.4,-13.3,-11.4,-10.3,-9.7,-9.6,-9.7,-9.9,-10.5,-9.8,-10.6,-12.3,-14.0,-14.7,-14.0,-12.3,1237.1,1237.6,1238.1,1238.2,1237.9,1237.6,1236.9,1236.8,1241.7,1238.9,1236.6,1235.5,1236.1,1237.7,1239.7,1237.7,1236.0,1235.4,1236.4,1238.7,1238.0,1238.0,1238.2,1238.5,1238.6,1238.5,1238.4,1238.1,1202.5,1203.7,1205.0,1205.5,1205.0,1203.7,1202.5,1202.1,1203.0,1202.1,1201.6,1202.2,1204.2,1207.0,1210.1,1206.6,1203.5,1201.3,1200.6,1201.6,1203.8,1204.0,1204.5,1205.0,1205.2,1205.0,1204.5,1204.0,4.6,23.8,1344.3,0.131,0.098,-0.02,496.6,498.5,503.9,513.1,531.0,557.3,584.9,617.1,654.4,691.1,725.0,755.1,780.3,796.2,802.8,807.4,810.4,514.9,532.0,554.7,579.1,602.3,687.1,716.0,741.7,766.0,783.7,646.3,646.1,645.9,645.9,610.4,628.6,647.3,666.7,684.5,547.7,565.7,586.3,604.5,584.8,564.8,690.5,709.8,730.8,748.5,732.2,711.8,577.2,601.2,628.5,649.0,672.4,702.9,729.8,704.8,675.5,650.1,627.9,600.1,586.9,628.6,649.4,673.1,720.0,674.3,650.0,628.4,321.8,368.5,414.7,459.7,500.7,537.7,569.3,594.5,601.4,594.0,571.6,542.5,506.9,464.2,417.2,369.1,321.4,293.7,274.9,268.3,270.0,276.8,275.5,267.4,266.5,273.4,290.2,323.8,352.7,381.5,410.9,422.9,430.1,436.7,428.9,422.1,333.4,325.1,325.2,333.7,338.3,338.4,333.0,323.9,323.7,330.4,336.0,336.7,466.3,455.1,452.6,456.2,451.8,453.6,462.1,497.6,514.6,518.3,516.3,501.1,468.5,465.6,467.6,464.2,465.3,493.7,497.4,495.2,-66.6,-65.8,-63.4,-59.1,-50.7,-38.3,-25.3,-10.4,6.6,23.3,39.0,53.1,64.7,71.8,74.5,76.5,78.0,-56.7,-48.7,-38.3,-27.2,-16.8,20.9,33.8,45.3,56.3,64.5,2.8,2.7,2.6,2.6,-13.2,-5.1,3.3,11.9,19.8,-41.6,-33.4,-24.1,-15.9,-24.8,-33.8,22.6,31.2,40.6,48.6,41.2,32.1,-28.6,-17.4,-5.1,4.0,14.4,28.1,40.6,29.0,15.8,4.5,-5.4,-17.9,-24.1,-5.1,4.2,14.7,36.1,15.3,4.5,-5.2,-17.8,3.9,25.5,46.5,65.4,82.3,96.2,106.9,109.7,106.7,97.2,84.2,67.7,47.9,26.2,4.2,-17.6,-30.0,-38.4,-41.2,-40.3,-37.0,-37.4,-41.2,-41.7,-38.7,-31.3,-16.1,-3.2,9.5,22.4,28.0,31.2,34.0,30.6,27.6,-12.0,-15.7,-15.6,-11.8,-9.7,-9.7,-12.1,-16.1,-16.2,-13.3,-10.7,-10.4,48.3,42.7,41.2,42.8,40.8,41.9,46.1,61.6,68.8,70.5,69.7,63.4,49.3,47.1,47.9,46.4,47.5,59.6,61.3,60.4,1393.0,1394.8,1397.1,1397.9,1394.8,1388.8,1379.4,1367.0,1363.4,1367.6,1377.6,1384.3,1383.3,1378.3,1373.1,1371.6,1372.5,1360.2,1354.2,1347.2,1341.2,1335.4,1328.8,1333.8,1337.5,1341.7,1346.4,1334.5,1329.7,1325.0,1320.9,1337.4,1333.0,1329.6,1330.9,1333.3,1353.7,1350.3,1349.0,1347.2,1347.8,1349.4,1342.3,1342.4,1342.2,1343.6,1341.1,1340.9,1363.8,1345.9,1336.4,1333.7,1333.1,1341.1,1355.7,1344.2,1335.3,1335.1,1337.6,1347.7,1362.3,1338.3,1335.7,1335.1,1353.5,1338.2,1338.1,1341.1,2.22,0.155,0.103,-0.02,650.471,412.687,-44.514,0.581,19.146,-8.201,-4.611000000000001,1.482,-12.706,6.891,-10.942,-15.056,-19.503,-1.42,1.125,-0.6759999999999999,4.7330000000000005,0.607,-3.172,-2.406,-2.692,-3.716,-0.344,1.223,-0.828,-2.3040000000000003,0.104,2.757,0.391,-0.7959999999999999,0.428,-0.29,0.631,-0.7490000000000001,0.181,0.192,1.11,1.46,0.0,0.02,1.86,2.22,0.74,2.58,3.21,1.53,0.0,0.0,0.15,0.0,3.87,0.91,1.15,1.0,1.0,0.0,0.0,1.0,1.0,0.0,1.0,1.0,1.0,0.0,0.0,0.0,0.0,1.0,1.0,0.0,0.0,
109.0,3.604,0.98,0.077915,0.287179,-0.954703,-0.106296,0.275024,-0.955543,-0.015,0.286,565.5,570.1,580.6,590.7,594.7,590.8,579.7,569.5,549.7,556.8,566.3,577.2,588.1,597.2,603.9,597.3,587.7,577.1,566.4,556.9,575.7,579.8,584.1,585.9,584.3,580.2,576.0,574.1,704.3,707.9,718.1,728.9,734.1,730.6,720.3,708.6,693.8,700.9,710.4,721.9,732.6,740.7,746.6,741.9,734.4,725.1,713.6,702.1,715.1,719.2,723.0,724.4,722.4,718.3,714.5,713.1,334.1,323.6,319.5,324.2,334.9,346.1,349.5,344.8,335.7,331.9,329.4,328.1,329.5,332.9,337.6,341.1,342.4,343.0,342.3,340.0,338.7,340.6,338.9,334.7,330.3,328.4,330.1,334.3,333.4,322.6,318.0,322.4,333.2,344.0,348.5,345.1,335.9,331.8,328.8,327.4,328.8,331.5,336.1,339.4,340.7,341.2,340.6,339.9,338.0,339.7,338.0,333.9,329.9,328.2,329.9,334.0,-30.7,-28.8,-24.5,-20.3,-18.7,-20.3,-24.9,-29.1,-37.3,-34.3,-30.3,-25.8,-21.4,-17.7,-14.9,-17.6,-21.5,-25.9,-30.3,-34.3,-26.5,-24.8,-23.1,-22.3,-23.0,-24.7,-26.4,-27.2,25.7,27.2,31.3,35.7,37.7,36.2,32.1,27.4,21.5,24.4,28.2,32.8,37.1,40.4,42.9,40.9,37.8,34.0,29.4,24.8,30.1,31.7,33.3,33.8,33.0,31.4,29.8,29.3,-10.7,-15.0,-16.7,-14.8,-10.3,-5.7,-4.3,-6.2,-10.1,-11.6,-12.6,-13.1,-12.6,-11.2,-9.3,-7.8,-7.2,-7.0,-7.3,-8.3,-8.8,-8.0,-8.7,-10.5,-12.2,-13.0,-12.3,-10.6,-10.6,-15.0,-16.8,-15.1,-10.7,-6.4,-4.6,-6.0,-9.6,-11.3,-12.5,-13.0,-12.5,-11.5,-9.6,-8.3,-7.7,-7.5,-7.7,-8.0,-8.8,-8.1,-8.8,-10.5,-12.1,-12.7,-12.1,-10.4,1236.1,1236.0,1236.2,1236.5,1236.8,1237.2,1236.7,1236.4,1240.8,1237.8,1235.3,1234.1,1234.8,1236.7,1238.9,1237.1,1235.4,1234.9,1235.9,1238.1,1237.3,1237.4,1237.5,1237.4,1237.3,1237.2,1237.1,1237.1,1199.7,1201.4,1202.8,1203.3,1202.5,1200.9,1199.4,1199.1,1200.1,1199.4,1199.0,1199.7,1201.7,1204.4,1207.5,1203.9,1200.6,1198.4,1197.6,1198.6,1201.1,1201.3,1201.8,1202.4,1202.7,1202.5,1202.0,1201.4,4.8,25.5,1350.6,0.1639999999999999,0.081,-0.0139999999999999,495.7,497.6,502.7,511.4,528.9,555.2,583.1,615.7,653.4,690.4,724.2,754.1,779.1,795.0,801.7,806.3,809.4,515.4,532.7,555.9,580.8,604.6,688.8,717.6,743.2,767.5,784.8,648.2,648.0,647.9,647.9,611.2,629.6,648.6,668.2,686.0,548.9,567.0,587.6,605.6,586.0,566.0,691.7,710.9,731.8,749.3,733.1,712.9,575.9,601.2,628.9,649.8,673.6,703.6,730.0,704.9,675.8,650.1,627.7,599.6,585.6,628.8,650.0,674.1,720.3,674.8,650.2,628.3,322.3,369.0,414.9,459.7,500.6,537.7,569.5,595.2,602.2,594.5,571.5,541.9,506.4,464.4,418.3,370.8,323.4,298.0,279.5,273.3,275.5,283.0,282.4,274.0,272.8,279.4,296.1,329.3,358.8,388.2,418.3,427.9,435.8,442.9,434.9,427.9,336.6,328.6,328.9,337.9,342.2,342.0,337.7,328.4,328.2,335.1,340.7,341.4,468.2,459.3,458.0,462.0,457.7,458.6,465.3,500.5,517.7,521.3,519.0,503.2,470.7,470.4,472.7,469.4,468.7,497.2,500.9,498.3,-67.2,-66.4,-64.2,-60.2,-51.9,-39.5,-26.3,-11.1,6.1,23.1,38.9,53.0,64.5,71.6,74.4,76.4,77.8,-56.7,-48.6,-37.8,-26.5,-15.8,21.7,34.6,46.2,57.2,65.2,3.7,3.6,3.5,3.5,-12.9,-4.6,3.9,12.6,20.5,-41.2,-32.9,-23.6,-15.5,-24.3,-33.4,23.2,31.9,41.2,49.2,41.8,32.7,-29.3,-17.5,-5.0,4.4,15.0,28.6,40.9,29.3,16.0,4.5,-5.5,-18.2,-24.8,-5.0,4.5,15.3,36.4,15.6,4.6,-5.3,-17.6,4.2,25.7,46.7,65.7,82.7,96.9,107.8,110.7,107.6,97.7,84.5,68.0,48.3,26.8,5.0,-16.8,-28.2,-36.4,-39.0,-37.9,-34.4,-34.5,-38.4,-39.0,-36.2,-28.8,-13.7,-0.5,12.5,25.8,30.4,33.8,36.9,33.4,30.3,-10.6,-14.2,-14.0,-10.0,-8.0,-8.1,-10.0,-14.2,-14.3,-11.2,-8.6,-8.3,49.4,44.8,43.9,45.6,43.7,44.3,47.9,63.3,70.6,72.2,71.3,64.7,50.5,49.5,50.5,49.0,49.3,61.6,63.2,62.2,1396.9,1399.4,1402.3,1403.8,1401.5,1396.4,1387.4,1375.1,1371.5,1376.0,1386.3,1393.1,1392.1,1386.7,1380.7,1378.4,1378.9,1363.9,1357.4,1350.4,1344.5,1338.9,1333.4,1338.5,1342.2,1346.8,1352.1,1339.2,1334.9,1330.7,1327.1,1343.7,1339.4,1336.2,1337.5,1339.9,1357.5,1354.1,1353.0,1351.6,1352.0,1353.3,1347.6,1347.6,1347.6,1349.2,1346.8,1346.4,1370.6,1352.9,1343.6,1341.1,1340.6,1349.0,1363.8,1352.1,1342.9,1342.5,1344.9,1354.8,1369.2,1345.4,1343.1,1342.6,1361.5,1345.7,1345.4,1348.3,2.21,0.1889999999999999,0.085,-0.0139999999999999,650.808,416.287,-43.515,1.3019999999999998,18.752,-10.089,-4.437,3.74,-14.265,5.351,-10.469,-13.492,-19.252,-1.197,1.48,0.201,4.593,1.36,-2.41,-2.298,-2.638,-3.457,-0.5539999999999999,1.268,-1.079,-2.523,0.275,3.024,0.3229999999999999,-0.74,0.568,-0.19,0.628,-0.767,0.271,0.133,1.13,1.33,0.0,0.0,1.97,2.19,0.67,2.67,3.36,1.51,0.0,0.0,0.05,0.0,3.85,0.9,1.14,1.0,1.0,0.0,0.0,1.0,1.0,0.0,1.0,1.0,1.0,0.0,0.0,0.0,0.0,1.0,1.0,0.0,0.0,
110.0,3.637,0.98,0.07815,0.307712,-0.948265,-0.097081,0.302885,-0.94807,-0.01,0.312,566.1,570.8,581.2,591.3,595.1,591.1,580.0,569.9,550.2,557.4,567.0,578.4,589.6,598.3,604.6,597.9,588.2,577.4,566.8,557.3,576.1,580.2,584.5,586.4,584.9,580.7,576.5,574.5,705.1,708.8,719.0,729.6,734.5,730.8,720.6,709.2,694.3,701.6,711.1,722.5,733.1,741.3,747.4,742.4,734.6,725.1,713.6,702.3,715.7,719.7,723.6,725.0,723.2,719.1,715.2,713.8,337.8,327.4,323.4,328.2,338.9,350.0,353.2,348.5,339.2,335.4,332.9,331.8,333.4,337.0,341.7,345.2,346.4,346.9,346.0,343.6,342.4,344.4,342.7,338.5,334.1,332.1,333.8,338.0,338.1,327.3,322.7,327.1,337.7,348.5,353.0,349.6,339.4,335.9,333.2,331.9,333.3,335.7,340.0,343.6,345.2,345.6,344.9,343.8,342.5,344.2,342.4,338.3,334.3,332.6,334.4,338.5,-30.3,-28.4,-24.1,-20.0,-18.4,-20.1,-24.6,-28.7,-36.9,-33.9,-29.9,-25.2,-20.6,-17.1,-14.5,-17.3,-21.2,-25.6,-30.0,-34.0,-26.2,-24.5,-22.8,-22.0,-22.6,-24.3,-26.1,-26.9,26.4,28.0,32.1,36.4,38.4,36.9,32.7,28.1,22.0,25.0,28.8,33.5,37.8,41.3,43.8,41.7,38.4,34.5,29.8,25.2,30.7,32.4,34.0,34.6,33.8,32.2,30.6,30.0,-9.1,-13.4,-15.0,-13.0,-8.7,-4.1,-2.8,-4.7,-8.5,-10.1,-11.1,-11.5,-10.9,-9.4,-7.5,-6.1,-5.6,-5.4,-5.7,-6.7,-7.2,-6.4,-7.1,-8.8,-10.6,-11.4,-10.8,-9.0,-8.9,-13.3,-15.1,-13.4,-9.1,-4.7,-2.8,-4.2,-8.4,-9.8,-10.9,-11.4,-10.9,-9.9,-8.2,-6.7,-6.0,-5.8,-6.1,-6.6,-7.1,-6.4,-7.1,-8.8,-10.5,-11.1,-10.4,-8.7,1229.2,1229.0,1229.1,1229.5,1229.9,1230.4,1230.0,1229.7,1234.0,1230.9,1228.4,1227.2,1228.0,1229.9,1232.2,1230.5,1228.7,1228.2,1229.2,1231.3,1230.4,1230.6,1230.6,1230.5,1230.3,1230.2,1230.2,1230.2,1217.2,1218.5,1219.6,1220.1,1219.6,1218.3,1217.2,1216.9,1218.2,1217.1,1216.4,1216.9,1218.9,1221.6,1224.8,1221.3,1218.1,1216.0,1215.4,1216.5,1218.6,1218.7,1219.2,1219.6,1219.8,1219.7,1219.2,1218.8,4.9,27.1,1352.5,0.196,0.065,-0.008,494.6,496.5,501.3,509.7,527.3,553.7,581.8,614.4,652.1,689.1,722.8,752.6,777.6,793.9,801.2,806.0,809.1,515.7,533.8,557.3,582.3,606.2,690.3,719.1,744.5,768.8,785.9,649.8,649.6,649.4,649.4,611.2,630.0,649.5,669.4,687.3,549.6,567.9,588.5,606.3,586.7,566.6,692.4,711.6,732.3,749.7,733.5,713.5,574.7,601.2,629.3,650.3,674.4,703.8,729.8,704.7,675.8,650.0,627.4,599.1,584.2,629.0,650.3,674.7,720.3,675.1,650.3,628.2,323.1,369.7,415.8,460.6,501.6,538.7,570.5,596.2,603.2,595.2,571.4,541.4,506.2,464.9,419.8,372.9,325.7,301.1,283.7,278.1,280.9,288.8,288.6,280.0,278.6,284.8,301.0,334.6,364.6,394.5,424.9,432.5,441.0,448.5,440.5,433.1,340.0,332.3,332.8,341.9,346.0,345.7,342.0,332.7,332.5,339.3,345.0,345.7,470.4,463.2,463.0,467.3,463.0,463.0,468.1,503.0,520.4,524.1,521.4,505.3,473.0,474.9,477.4,474.1,471.7,500.5,504.2,501.3,-67.7,-67.0,-64.9,-61.1,-52.8,-40.3,-27.0,-11.8,5.6,22.6,38.4,52.4,64.0,71.3,74.4,76.5,77.9,-56.4,-48.0,-37.2,-25.9,-15.1,22.4,35.3,46.8,57.9,65.8,4.4,4.3,4.2,4.2,-12.9,-4.5,4.2,13.1,21.2,-40.9,-32.5,-23.2,-15.2,-24.0,-33.1,23.6,32.2,41.5,49.4,42.0,33.0,-29.9,-17.5,-4.8,4.6,15.4,28.8,41.0,29.2,16.1,4.5,-5.6,-18.5,-25.5,-4.9,4.6,15.6,36.5,15.8,4.6,-5.3,-17.2,4.5,26.1,47.2,66.3,83.4,97.6,108.6,111.5,108.2,98.0,84.5,68.0,48.6,27.6,5.9,-15.8,-26.7,-34.5,-36.8,-35.4,-31.8,-31.8,-35.7,-36.5,-33.8,-26.6,-11.4,2.1,15.3,28.8,32.5,36.2,39.5,36.0,32.7,-9.1,-12.5,-12.3,-8.1,-6.3,-6.4,-8.1,-12.3,-12.4,-9.3,-6.7,-6.4,50.5,46.6,46.2,48.0,46.1,46.4,49.3,64.6,72.0,73.6,72.5,65.8,51.7,51.6,52.7,51.2,50.8,63.1,64.8,63.6,1397.0,1400.1,1403.6,1405.8,1404.3,1400.0,1391.5,1379.3,1375.5,1379.9,1390.3,1397.1,1396.1,1390.4,1384.1,1381.4,1381.7,1362.7,1355.9,1349.0,1343.4,1338.0,1333.5,1339.1,1343.1,1348.1,1354.1,1339.4,1335.6,1331.7,1328.6,1345.2,1340.9,1337.9,1339.3,1341.8,1356.9,1353.5,1352.6,1351.6,1351.6,1352.7,1348.5,1348.6,1348.8,1350.8,1348.0,1347.4,1373.0,1355.4,1346.1,1343.8,1343.5,1352.4,1367.7,1355.6,1345.9,1345.3,1347.7,1357.6,1371.7,1347.9,1345.7,1345.5,1365.4,1348.5,1348.1,1350.9,2.207,0.222,0.068,-0.009,650.948,419.733,-41.265,2.877,19.492,-11.152,-3.372,5.665,-14.77,3.915,-10.632,-11.994000000000002,-18.355,0.742,1.399,0.4479999999999999,5.145,2.298,-1.973,-2.767,-2.5780000000000003,-3.672,-0.648,1.497,-1.104,-3.028,0.2739999999999999,3.097,0.345,-0.985,0.765,-0.216,0.556,-0.7509999999999999,0.294,0.107,1.1,1.26,0.0,0.06,2.02,2.09,0.62,2.71,3.46,1.38,0.0,0.0,0.06,0.0,3.79,0.93,1.12,1.0,1.0,0.0,0.0,1.0,1.0,0.0,1.0,1.0,1.0,0.0,0.0,0.0,0.0,1.0,1.0,0.0,0.0,
111.0,3.67,0.98,0.063453,0.324477,-0.943763,-0.0843889999999999,0.295552,-0.951592,-0.011,0.316,565.9,570.7,581.3,591.5,595.3,591.1,579.8,569.7,551.7,558.0,567.2,578.7,590.2,598.9,604.9,597.9,588.3,577.5,567.3,558.3,576.2,580.3,584.6,586.6,585.0,580.9,576.6,574.7,705.9,709.4,719.4,729.9,734.9,731.4,721.5,710.2,694.9,701.9,711.2,722.5,733.5,742.0,748.2,742.8,734.7,725.0,713.5,702.4,716.4,720.6,724.5,725.9,723.9,719.7,715.8,714.4,341.4,331.4,327.8,332.5,343.0,353.5,356.6,351.8,341.6,338.3,336.8,336.1,337.5,340.9,346.2,349.1,350.6,350.9,349.3,346.1,345.5,347.4,345.9,341.9,337.7,335.8,337.2,341.3,342.3,331.6,326.7,330.5,340.8,351.5,356.4,353.5,343.0,339.9,337.4,336.2,337.5,339.7,343.8,347.8,349.6,350.1,349.3,347.8,346.3,347.8,345.8,341.6,337.5,336.0,338.0,342.2,-30.4,-28.4,-24.0,-19.9,-18.4,-20.1,-24.7,-28.9,-36.4,-33.7,-29.8,-25.1,-20.4,-16.9,-14.4,-17.3,-21.2,-25.6,-29.9,-33.6,-26.2,-24.5,-22.8,-22.0,-22.6,-24.2,-26.0,-26.8,27.1,28.5,32.6,37.0,39.0,37.6,33.5,28.8,22.6,25.4,29.2,33.9,38.4,42.0,44.7,42.3,38.9,34.9,30.1,25.6,31.4,33.1,34.8,35.3,34.5,32.8,31.2,30.6,-7.6,-11.7,-13.2,-11.3,-7.0,-2.7,-1.4,-3.4,-7.6,-8.9,-9.5,-9.8,-9.2,-7.8,-5.7,-4.5,-3.9,-3.7,-4.4,-5.7,-6.0,-5.2,-5.8,-7.4,-9.2,-9.9,-9.3,-7.7,-7.3,-11.7,-13.7,-12.1,-7.9,-3.5,-1.5,-2.7,-7.0,-8.3,-9.3,-9.8,-9.3,-8.3,-6.7,-5.0,-4.3,-4.1,-4.4,-5.0,-5.6,-5.0,-5.8,-7.6,-9.3,-9.9,-9.1,-7.3,1231.4,1230.0,1229.4,1230.0,1231.4,1233.1,1233.4,1232.8,1236.0,1232.6,1229.7,1228.2,1228.9,1231.0,1233.7,1232.4,1231.0,1230.8,1231.9,1233.9,1232.8,1233.0,1232.8,1232.2,1231.6,1231.4,1231.6,1232.2,1232.0,1232.8,1233.7,1234.0,1233.7,1232.8,1232.0,1231.8,1233.5,1232.2,1231.1,1231.3,1233.1,1235.7,1238.9,1235.5,1232.7,1230.8,1230.4,1231.8,1233.2,1233.3,1233.6,1234.0,1234.1,1234.0,1233.6,1233.3,4.9,28.8,1357.1,0.2189999999999999,0.055,-0.003,493.4,495.4,500.2,508.4,525.7,552.0,580.3,613.2,651.4,688.7,722.4,752.1,776.7,792.9,800.4,805.5,808.9,515.7,534.1,557.9,583.0,607.3,691.3,719.8,745.1,769.2,786.2,651.0,650.7,650.5,650.5,611.6,630.5,650.1,670.1,688.1,550.2,568.6,589.0,606.6,587.2,567.2,693.0,712.0,732.5,749.8,733.7,713.9,573.9,601.1,629.5,650.4,674.4,703.5,729.7,704.1,675.4,649.8,627.4,598.9,583.3,629.3,650.5,674.7,720.2,674.8,650.2,628.3,325.1,371.2,416.7,460.9,501.4,538.3,570.0,596.1,603.5,595.4,571.3,541.4,507.0,467.1,423.5,377.8,331.5,304.8,287.9,282.7,286.0,294.5,294.7,285.7,283.8,289.3,304.9,339.6,370.1,400.5,431.3,437.1,446.0,453.8,445.8,438.1,343.3,336.0,336.6,345.9,349.8,349.3,346.2,336.8,336.5,343.4,349.1,349.8,472.4,466.9,467.8,472.1,468.0,467.2,470.9,505.3,522.9,526.5,523.8,507.4,475.2,479.2,481.9,478.6,474.6,503.2,506.9,504.0,-68.5,-67.7,-65.6,-61.9,-53.7,-41.2,-27.8,-12.4,5.2,22.5,38.3,52.4,63.9,71.1,74.3,76.5,78.1,-56.6,-47.9,-37.0,-25.5,-14.6,22.8,35.7,47.2,58.2,66.2,4.9,4.8,4.7,4.7,-12.8,-4.2,4.5,13.5,21.6,-40.7,-32.3,-23.0,-15.1,-23.9,-32.9,23.9,32.4,41.7,49.6,42.2,33.3,-30.4,-17.6,-4.7,4.7,15.5,28.8,41.1,29.1,15.9,4.4,-5.7,-18.7,-26.0,-4.8,4.7,15.6,36.6,15.7,4.6,-5.3,-16.3,5.3,26.6,47.5,66.5,83.5,97.8,109.0,112.1,108.7,98.3,84.9,68.7,49.9,29.4,8.2,-13.2,-25.1,-32.7,-34.8,-33.2,-29.2,-29.1,-33.3,-34.2,-31.9,-24.9,-9.1,4.5,18.0,31.7,34.7,38.6,42.0,38.4,35.1,-7.6,-10.8,-10.6,-6.3,-4.6,-4.8,-6.2,-10.5,-10.6,-7.5,-4.9,-4.6,51.6,48.5,48.5,50.4,48.5,48.5,50.8,65.9,73.4,74.9,73.8,67.0,52.9,53.8,54.9,53.4,52.4,64.6,66.3,65.1,1400.9,1404.3,1408.1,1410.6,1409.6,1405.6,1397.2,1384.8,1380.7,1385.1,1395.9,1403.0,1402.0,1396.2,1389.7,1386.9,1387.2,1365.1,1358.1,1351.3,1345.6,1340.2,1336.5,1342.3,1346.5,1352.0,1358.3,1342.7,1339.3,1335.9,1333.2,1349.9,1345.7,1342.7,1344.1,1346.6,1359.9,1356.5,1355.7,1355.0,1354.8,1355.8,1352.6,1352.6,1352.9,1355.1,1352.3,1351.6,1378.1,1360.6,1351.3,1349.2,1348.9,1358.0,1373.7,1361.2,1351.3,1350.5,1352.8,1362.7,1376.8,1353.2,1351.1,1351.0,1371.3,1353.7,1353.2,1355.9,2.2,0.244,0.0579999999999999,-0.003,650.9259999999999,423.1230000000001,-39.114,3.815,18.984,-13.275,-1.655,7.46,-15.136,5.047,-10.334,-9.481,-17.912,1.635,0.841,1.003,5.787000000000001,2.842,-1.19,-2.173,-2.559,-3.4130000000000003,-0.418,1.276,-0.5589999999999999,-3.307,0.177,3.247,0.2689999999999999,-1.125,0.904,0.087,0.377,-0.958,0.299,0.071,0.99,1.19,0.0,0.19,2.11,2.16,0.54,2.83,3.57,1.33,0.0,0.0,0.06,0.0,3.7,0.85,1.08,1.0,1.0,0.0,0.0,1.0,1.0,0.0,1.0,1.0,1.0,0.0,0.0,0.0,0.0,1.0,1.0,0.0,0.0,
112.0,3.704,0.98,0.058758,0.327459,-0.943037,-0.090251,0.304507,-0.948225,-0.017,0.322,565.9,570.7,581.4,591.7,595.5,591.5,580.1,569.8,552.2,558.3,567.4,578.9,590.6,599.5,605.8,598.7,588.9,577.9,567.5,558.6,576.5,580.6,584.8,586.7,585.2,581.1,576.9,574.9,706.0,709.4,719.2,729.5,734.5,731.1,721.4,710.3,695.5,701.9,710.8,722.3,733.7,742.3,748.6,743.0,734.7,725.1,713.7,702.9,716.5,720.6,724.3,725.6,723.7,719.7,715.9,714.6,344.4,334.4,330.8,335.6,346.1,356.7,359.7,354.9,344.5,341.4,340.1,339.4,340.8,344.2,349.3,352.4,354.0,354.3,352.7,349.3,348.5,350.4,349.0,345.0,340.8,338.9,340.3,344.3,346.4,335.7,330.7,334.3,344.4,355.1,360.1,357.4,347.3,343.9,341.3,340.0,341.3,343.4,347.5,351.4,353.3,354.0,353.3,351.9,350.0,351.3,349.4,345.2,341.3,339.9,341.9,346.1,-30.1,-28.1,-23.8,-19.6,-18.1,-19.7,-24.4,-28.6,-35.8,-33.2,-29.5,-24.8,-20.0,-16.4,-13.9,-16.8,-20.8,-25.2,-29.5,-33.2,-25.8,-24.2,-22.4,-21.7,-22.3,-23.9,-25.7,-26.4,27.4,28.8,32.9,37.2,39.3,37.9,33.8,29.2,23.1,25.7,29.4,34.1,38.9,42.6,45.3,42.9,39.4,35.3,30.6,26.1,31.8,33.5,35.1,35.6,34.8,33.1,31.6,31.0,-6.4,-10.4,-11.9,-9.9,-5.6,-1.4,-0.1,-2.1,-6.3,-7.6,-8.1,-8.3,-7.8,-6.4,-4.3,-3.1,-2.5,-2.3,-3.0,-4.3,-4.7,-3.9,-4.5,-6.1,-7.8,-8.6,-8.0,-6.4,-5.6,-10.1,-12.2,-10.7,-6.5,-2.0,0.0,-1.1,-5.3,-6.7,-7.7,-8.3,-7.8,-6.9,-5.2,-3.6,-2.8,-2.5,-2.8,-3.4,-4.2,-3.6,-4.4,-6.2,-7.8,-8.4,-7.5,-5.8,1219.1,1217.6,1216.8,1217.3,1218.6,1220.5,1220.9,1220.4,1223.9,1220.4,1217.4,1215.8,1216.4,1218.4,1221.0,1219.9,1218.5,1218.4,1219.7,1221.8,1220.3,1220.5,1220.2,1219.6,1219.0,1218.8,1219.1,1219.7,1246.4,1246.8,1247.3,1247.5,1247.4,1247.0,1246.5,1246.5,1248.0,1246.4,1245.1,1245.0,1246.7,1249.2,1252.5,1249.4,1246.7,1245.0,1244.7,1246.3,1247.5,1247.6,1247.7,1247.9,1248.0,1247.9,1247.7,1247.5,4.8,30.4,1358.0,0.242,0.046,0.002,492.5,494.4,499.1,507.1,524.2,550.4,579.0,612.4,650.8,688.1,721.4,750.6,775.1,791.4,799.1,804.4,807.9,515.9,534.6,558.7,584.0,608.2,691.9,720.3,745.6,769.7,786.5,651.5,651.2,650.9,650.9,611.5,630.5,650.2,670.3,688.2,550.6,569.0,589.4,607.0,587.6,567.6,693.1,712.2,732.7,749.9,733.9,714.1,573.2,600.8,629.2,650.2,674.3,703.1,728.8,703.5,675.1,649.4,626.9,598.4,582.6,628.8,650.2,674.5,719.4,674.5,649.8,627.8,326.8,372.7,417.9,461.8,502.0,538.7,570.8,597.3,604.8,596.7,572.4,542.8,508.6,469.3,426.2,380.6,334.1,308.2,291.8,287.2,291.1,300.1,300.6,291.1,288.9,294.2,309.6,344.3,375.4,406.4,437.7,441.4,450.8,458.9,450.8,442.9,346.3,339.2,339.9,349.5,353.2,352.6,350.2,340.6,340.3,347.2,353.1,353.8,474.6,470.4,472.0,476.5,472.5,471.2,474.0,508.6,526.5,530.0,527.0,510.1,477.4,482.9,485.9,482.6,477.8,507.0,510.6,507.4,-68.8,-68.2,-66.2,-62.5,-54.5,-42.1,-28.5,-12.8,5.0,22.2,37.9,51.8,63.3,70.6,73.8,76.1,77.7,-56.4,-47.7,-36.6,-25.1,-14.2,23.1,35.9,47.4,58.4,66.3,5.1,5.0,4.9,4.8,-12.8,-4.3,4.6,13.6,21.6,-40.5,-32.1,-22.8,-14.9,-23.7,-32.7,24.0,32.5,41.8,49.6,42.3,33.4,-30.7,-17.8,-4.9,4.6,15.4,28.6,40.7,28.9,15.8,4.2,-5.9,-18.9,-26.4,-5.0,4.6,15.6,36.3,15.6,4.4,-5.5,-15.5,6.0,27.2,47.9,66.8,83.9,98.3,109.7,112.8,109.5,99.1,85.7,69.6,51.0,30.7,9.5,-12.0,-23.6,-30.9,-32.8,-30.9,-26.7,-26.5,-30.8,-31.9,-29.7,-22.8,-7.0,6.9,20.7,34.5,36.7,40.7,44.3,40.7,37.2,-6.2,-9.4,-9.1,-4.7,-3.1,-3.3,-4.4,-8.7,-8.9,-5.8,-3.1,-2.8,52.7,50.1,50.5,52.5,50.6,50.4,52.2,67.5,75.1,76.6,75.4,68.3,53.9,55.5,56.7,55.3,53.9,66.4,68.0,66.7,1400.4,1404.2,1408.4,1411.4,1411.0,1407.5,1399.0,1386.6,1382.7,1387.5,1398.9,1406.1,1405.4,1399.4,1392.2,1388.6,1388.3,1364.2,1357.0,1350.2,1344.6,1339.1,1335.8,1341.6,1345.9,1351.8,1358.7,1342.4,1339.4,1336.3,1334.0,1350.6,1346.6,1343.7,1345.2,1347.7,1359.4,1356.1,1355.3,1354.8,1354.5,1355.5,1352.5,1352.6,1353.0,1355.4,1352.6,1351.8,1379.1,1361.7,1352.7,1350.6,1350.5,1359.7,1375.4,1363.0,1353.1,1352.3,1354.5,1364.2,1377.9,1354.5,1352.5,1352.5,1373.0,1355.5,1354.9,1357.5,2.198,0.268,0.048,0.002,650.6759999999999,426.55300000000005,-37.105,3.409,18.997,-13.434,-1.293,9.138,-14.681,5.391,-10.3,-8.985,-17.047,0.503,1.362,1.097,5.894,3.54,-0.384,-1.828,-2.84,-3.114,-0.429,1.6,-0.7609999999999999,-3.486,0.247,3.344,0.272,-1.117,0.972,0.128,0.381,-0.8959999999999999,0.402,0.072,0.89,1.11,0.01,0.24,2.14,2.28,0.52,2.84,3.62,1.33,0.0,0.0,0.09,0.0,3.66,0.89,0.97,1.0,1.0,0.0,0.0,1.0,1.0,0.0,1.0,1.0,1.0,0.0,0.0,0.0,0.0,1.0,1.0,0.0,0.0,
113.0,3.737,0.98,0.064403,0.326434,-0.943023,-0.082261,0.28796,-0.954103,-0.009,0.313,565.9,570.7,581.2,591.4,595.2,591.2,579.9,569.7,552.1,557.9,566.9,578.5,590.4,599.4,605.7,598.4,588.4,577.5,567.2,558.4,576.5,580.4,584.6,586.5,585.0,581.0,576.9,575.0,705.8,709.2,719.0,729.6,734.6,731.2,721.4,710.2,695.7,701.8,710.5,721.9,733.4,742.2,748.6,742.7,734.2,724.4,713.1,702.7,716.4,720.6,724.6,725.9,723.9,719.6,715.7,714.4,347.0,337.2,333.8,338.7,349.1,359.3,362.3,357.3,347.1,344.1,342.9,342.4,343.9,347.2,352.2,355.5,357.2,357.5,355.8,352.2,351.0,352.9,351.6,347.8,343.7,341.8,343.1,346.9,349.3,338.5,333.3,336.8,347.0,357.7,362.9,360.2,351.1,347.3,344.4,343.1,344.4,346.6,350.7,354.7,356.7,357.5,356.9,355.4,352.8,354.2,352.1,347.8,343.8,342.4,344.5,348.8,-30.0,-28.0,-23.7,-19.6,-18.1,-19.8,-24.4,-28.5,-35.7,-33.2,-29.5,-24.8,-20.0,-16.4,-13.9,-16.8,-20.9,-25.3,-29.5,-33.1,-25.7,-24.1,-22.4,-21.7,-22.3,-23.9,-25.5,-26.3,27.3,28.7,32.8,37.2,39.3,37.8,33.8,29.1,23.1,25.6,29.2,33.9,38.7,42.5,45.2,42.7,39.1,35.0,30.3,26.0,31.7,33.5,35.1,35.7,34.8,33.1,31.4,30.9,-5.3,-9.2,-10.6,-8.6,-4.4,-0.3,0.9,-1.1,-5.2,-6.4,-6.9,-7.1,-6.5,-5.2,-3.2,-1.8,-1.1,-1.0,-1.7,-3.2,-3.6,-2.9,-3.4,-4.9,-6.6,-7.4,-6.8,-5.3,-4.5,-8.9,-11.1,-9.6,-5.4,-0.9,1.2,0.1,-3.7,-5.3,-6.5,-7.0,-6.5,-5.6,-3.9,-2.2,-1.4,-1.0,-1.3,-1.9,-3.0,-2.4,-3.3,-5.1,-6.7,-7.3,-6.5,-4.7,1213.9,1212.3,1211.4,1211.8,1213.3,1215.3,1215.8,1215.4,1219.0,1215.3,1212.2,1210.3,1210.9,1212.9,1215.5,1214.5,1213.3,1213.3,1214.7,1216.8,1215.1,1215.3,1214.9,1214.3,1213.7,1213.5,1213.9,1214.5,1244.4,1244.7,1245.0,1245.1,1244.9,1244.7,1244.4,1244.5,1246.3,1244.6,1243.1,1242.7,1244.2,1246.5,1249.6,1246.9,1244.5,1243.0,1242.9,1244.6,1245.3,1245.4,1245.5,1245.6,1245.7,1245.6,1245.5,1245.4,4.5,31.8,1360.8,0.263,0.038,0.0069999999999999,491.6,493.5,498.1,505.8,522.6,548.5,577.1,610.7,649.3,686.8,720.1,749.3,773.8,790.1,797.8,803.1,806.4,515.7,534.9,559.3,584.6,608.9,692.1,720.2,745.3,769.2,785.9,652.0,651.7,651.5,651.5,611.5,630.6,650.3,670.4,688.2,550.4,568.9,589.3,606.8,587.3,567.4,693.1,711.9,732.4,749.5,733.6,713.9,572.0,600.1,628.8,649.8,673.8,702.4,728.0,702.6,674.1,648.4,626.0,597.4,581.3,628.3,649.6,673.9,718.6,673.7,649.0,627.0,328.1,373.8,418.7,462.3,502.3,539.0,571.1,598.0,605.9,597.8,573.2,543.4,509.6,471.1,428.9,383.9,337.9,310.9,295.1,291.0,295.4,304.9,305.6,295.8,293.3,298.0,312.9,348.4,379.7,411.0,442.5,445.1,454.7,463.1,455.0,447.0,349.1,342.0,342.9,352.8,356.4,355.6,353.7,343.8,343.5,350.5,356.4,357.1,476.5,473.3,475.5,480.2,476.2,474.6,476.6,511.3,529.4,532.8,529.6,512.3,479.5,486.3,489.4,486.2,480.5,510.0,513.5,510.2,-69.3,-68.7,-66.7,-63.2,-55.3,-43.0,-29.4,-13.6,4.3,21.7,37.4,51.4,62.9,70.2,73.4,75.7,77.2,-56.5,-47.5,-36.3,-24.8,-13.9,23.2,35.9,47.3,58.3,66.2,5.4,5.2,5.1,5.1,-12.8,-4.2,4.6,13.7,21.7,-40.6,-32.2,-22.9,-15.0,-23.8,-32.8,24.0,32.5,41.8,49.6,42.3,33.4,-31.3,-18.2,-5.1,4.4,15.3,28.4,40.5,28.5,15.4,3.8,-6.3,-19.4,-27.0,-5.3,4.4,15.3,36.1,15.3,4.1,-5.9,-14.9,6.5,27.6,48.2,67.1,84.2,98.7,110.3,113.6,110.3,99.7,86.2,70.3,52.0,32.0,11.1,-10.2,-22.3,-29.4,-31.0,-29.0,-24.6,-24.2,-28.8,-30.0,-28.0,-21.4,-5.2,8.8,22.8,36.8,38.4,42.6,46.3,42.7,39.2,-4.9,-8.1,-7.8,-3.3,-1.6,-2.0,-2.8,-7.3,-7.5,-4.3,-1.6,-1.3,53.7,51.6,52.2,54.2,52.5,52.1,53.6,68.9,76.6,78.1,76.8,69.4,55.0,57.2,58.5,57.1,55.3,67.9,69.5,68.1,1401.9,1406.1,1410.7,1414.2,1414.3,1411.0,1402.7,1390.2,1386.1,1390.9,1402.5,1410.0,1409.3,1403.1,1395.6,1391.6,1390.9,1364.7,1357.5,1350.9,1345.4,1340.2,1337.5,1343.2,1347.6,1353.5,1360.7,1344.1,1341.5,1338.8,1336.9,1353.5,1349.5,1346.7,1348.1,1350.6,1360.7,1357.4,1356.7,1356.4,1356.0,1356.9,1354.7,1354.7,1355.2,1357.8,1354.9,1354.0,1382.2,1364.9,1355.9,1354.0,1353.9,1363.3,1379.1,1366.7,1356.7,1355.8,1357.9,1367.5,1381.0,1357.8,1355.8,1356.0,1376.7,1359.0,1358.3,1360.9,2.194,0.289,0.04,0.0069999999999999,650.118,429.448,-36.962,4.115,18.699,-14.403,-0.8140000000000001,10.442,-14.603,6.158,-10.08,-7.574,-16.18,1.079,1.142,1.544,6.018,4.059,0.4,-1.853,-3.14,-2.802,-0.618,1.6969999999999998,-0.379,-3.482,0.1639999999999999,3.097,0.465,-1.063,0.936,0.135,0.354,-0.901,0.379,0.14,0.82,1.04,0.04,0.28,2.14,2.32,0.45,2.71,3.61,1.31,0.0,0.0,0.09,0.0,3.6,0.79,0.87,1.0,1.0,0.0,0.0,1.0,1.0,0.0,1.0,1.0,1.0,0.0,0.0,0.0,0.0,1.0,1.0,0.0,0.0,
114.0,3.77,0.98,0.046694,0.3227,-0.945349,-0.08016,0.281144,-0.956312,-0.018,0.307,565.4,570.3,580.7,590.7,594.4,590.3,579.1,569.1,551.9,557.9,567.1,578.6,590.2,599.2,605.4,598.5,588.6,577.6,567.1,558.1,575.8,579.7,583.8,585.7,584.3,580.4,576.3,574.4,705.4,708.8,718.6,729.1,734.0,730.5,720.7,709.6,695.9,701.5,710.0,721.3,732.6,741.5,747.7,741.9,733.4,723.7,712.6,702.6,715.9,720.1,724.0,725.4,723.4,719.2,715.3,713.9,348.8,339.1,335.7,340.6,351.0,361.3,364.2,359.2,349.2,346.1,344.8,344.4,346.1,349.6,354.4,357.8,359.4,359.6,358.1,354.5,353.0,355.0,353.7,349.9,345.8,343.8,345.1,349.0,351.2,340.6,335.5,339.1,349.1,359.7,364.8,362.0,354.1,349.7,346.6,345.2,346.4,348.7,353.0,356.9,358.9,359.7,359.2,357.9,354.8,356.2,354.1,349.8,345.8,344.4,346.5,350.7,-30.4,-28.4,-24.1,-20.1,-18.6,-20.3,-24.9,-28.9,-36.1,-33.5,-29.7,-24.9,-20.3,-16.6,-14.1,-16.9,-21.0,-25.4,-29.7,-33.5,-26.2,-24.6,-22.9,-22.1,-22.7,-24.3,-26.0,-26.8,27.5,28.9,33.1,37.5,39.5,38.1,33.9,29.3,23.5,25.9,29.4,34.1,38.9,42.7,45.5,42.9,39.3,35.1,30.5,26.3,31.9,33.7,35.4,35.9,35.1,33.3,31.7,31.1,-4.6,-8.5,-9.9,-7.9,-3.7,0.5,1.7,-0.3,-4.4,-5.7,-6.2,-6.3,-5.6,-4.2,-2.3,-0.9,-0.3,-0.1,-0.8,-2.2,-2.8,-2.0,-2.6,-4.1,-5.8,-6.6,-6.1,-4.5,-3.7,-8.2,-10.3,-8.8,-4.6,-0.1,2.0,0.9,-2.5,-4.3,-5.6,-6.2,-5.7,-4.8,-3.0,-1.3,-0.5,-0.1,-0.3,-0.9,-2.2,-1.6,-2.5,-4.3,-6.0,-6.6,-5.7,-3.9,1222.6,1221.2,1220.5,1220.8,1221.9,1223.6,1224.0,1223.7,1227.8,1224.3,1221.3,1219.6,1220.2,1222.3,1224.8,1223.6,1222.3,1222.2,1223.5,1225.6,1223.6,1223.7,1223.4,1222.9,1222.5,1222.3,1222.6,1223.2,1261.5,1261.7,1261.8,1261.8,1261.6,1261.5,1261.3,1261.6,1263.6,1261.8,1260.2,1259.7,1261.0,1263.3,1266.1,1263.7,1261.5,1260.1,1260.3,1261.9,1262.3,1262.3,1262.4,1262.4,1262.5,1262.5,1262.4,1262.4,4.3,32.8,1365.0,0.275,0.033,0.011,490.8,492.5,497.0,504.6,521.4,547.5,576.4,610.1,648.5,685.6,718.6,747.7,772.4,788.9,796.8,802.1,805.4,515.4,534.7,559.2,584.5,608.9,692.4,720.3,745.3,769.1,785.4,652.0,651.6,651.5,651.4,611.4,630.4,650.0,670.0,687.7,550.4,568.8,589.2,606.5,587.2,567.3,692.8,711.4,731.8,748.7,733.0,713.4,571.4,599.7,628.4,649.4,673.4,701.8,727.1,701.8,673.6,647.9,625.5,597.0,580.7,627.9,649.3,673.6,717.7,673.2,648.5,626.5,329.0,374.4,419.1,462.5,502.6,539.5,571.8,598.8,606.6,598.4,573.6,544.0,510.7,472.8,431.1,386.5,340.8,313.1,297.6,293.8,298.3,308.1,309.1,299.0,296.5,301.0,315.7,351.4,382.9,414.3,445.9,447.7,457.4,465.9,457.9,449.8,351.2,344.0,344.9,355.1,358.7,357.8,356.2,346.1,345.6,352.8,358.8,359.5,477.9,475.5,478.0,482.8,478.9,476.8,478.2,512.7,530.8,534.2,531.0,513.6,480.9,488.7,491.8,488.6,482.2,511.5,515.1,511.7,-69.9,-69.3,-67.4,-64.0,-56.1,-43.6,-29.8,-13.9,3.9,21.2,36.9,50.8,62.4,69.9,73.2,75.4,76.9,-56.8,-47.8,-36.5,-24.9,-13.9,23.4,36.1,47.4,58.4,66.1,5.4,5.2,5.1,5.1,-12.9,-4.3,4.5,13.5,21.6,-40.7,-32.3,-23.0,-15.2,-23.9,-33.0,23.9,32.3,41.6,49.4,42.1,33.2,-31.7,-18.4,-5.3,4.3,15.1,28.2,40.2,28.2,15.2,3.6,-6.6,-19.7,-27.4,-5.5,4.2,15.2,35.8,15.1,3.9,-6.1,-14.5,6.8,27.8,48.5,67.4,84.7,99.3,111.0,114.3,110.9,100.2,86.8,71.0,52.9,33.2,12.3,-8.9,-21.4,-28.3,-29.9,-27.7,-23.2,-22.8,-27.4,-28.6,-26.7,-20.1,-3.9,10.3,24.3,38.4,39.7,44.0,47.7,44.1,40.6,-4.0,-7.3,-6.8,-2.2,-0.6,-1.0,-1.7,-6.3,-6.5,-3.3,-0.6,-0.2,54.5,52.7,53.5,55.6,53.8,53.3,54.5,69.8,77.5,79.0,77.7,70.2,55.8,58.4,59.8,58.4,56.3,68.9,70.5,69.0,1404.9,1409.6,1414.6,1418.4,1418.6,1415.3,1406.9,1394.6,1390.7,1395.5,1407.2,1414.8,1414.1,1407.9,1400.1,1395.6,1394.5,1367.5,1360.3,1353.8,1348.5,1343.5,1341.1,1346.8,1351.1,1357.1,1364.5,1347.7,1345.4,1343.0,1341.4,1357.8,1353.9,1351.2,1352.6,1355.0,1363.7,1360.4,1359.8,1359.8,1359.3,1360.1,1358.3,1358.3,1358.9,1361.6,1358.7,1357.8,1386.4,1369.4,1360.6,1358.7,1358.8,1368.2,1383.9,1371.6,1361.6,1360.6,1362.6,1372.0,1385.2,1362.5,1360.6,1360.9,1381.4,1363.8,1363.0,1365.5,2.187,0.302,0.035,0.011,649.59,431.457,-37.548,4.637,17.93,-15.504,-0.231,11.757,-14.385,6.75,-9.485,-7.174,-16.258,1.129,1.444,1.727,6.422000000000001,4.619,0.204,-1.893,-2.866,-2.664,-0.847,1.432,-0.469,-3.378,0.317,3.13,0.62,-1.026,0.995,0.126,0.364,-0.858,0.427,0.077,0.73,1.0,0.04,0.27,2.11,2.21,0.44,2.54,3.59,1.28,0.0,0.0,0.06,0.0,3.56,0.68,0.81,1.0,1.0,0.0,0.0,1.0,1.0,0.0,1.0,1.0,1.0,0.0,0.0,0.0,0.0,1.0,1.0,0.0,0.0,
115.0,3.804,0.98,0.050448,0.289836,-0.955746,-0.082494,0.275006,-0.957897,-0.017,0.287,564.7,569.7,580.4,590.6,594.3,590.0,578.7,568.5,550.6,558.8,568.4,578.9,589.1,598.1,604.9,598.3,588.2,577.3,566.6,557.1,575.0,579.1,583.4,585.4,583.9,579.8,575.5,573.5,704.5,707.9,717.7,728.3,733.4,730.0,720.1,708.9,695.0,700.9,709.6,720.7,731.7,740.6,747.0,741.3,732.9,723.1,712.0,701.9,715.2,719.4,723.3,724.6,722.6,718.4,714.5,713.1,349.1,339.8,336.5,341.1,351.0,361.4,363.7,359.0,351.7,347.7,345.2,344.8,347.2,351.3,355.7,359.9,360.0,359.7,358.6,356.3,354.6,356.5,355.1,351.4,347.4,345.6,346.9,350.6,352.3,341.7,336.7,340.2,350.1,360.7,365.7,363.2,355.7,351.1,347.5,345.9,347.2,349.8,354.4,358.3,360.2,360.9,360.5,359.6,356.0,357.4,355.4,351.2,347.2,345.9,347.9,352.1,-30.8,-28.9,-24.5,-20.3,-18.7,-20.4,-25.1,-29.2,-36.7,-33.3,-29.3,-25.0,-20.8,-17.2,-14.4,-17.1,-21.2,-25.6,-30.0,-34.0,-26.6,-24.9,-23.2,-22.4,-23.0,-24.7,-26.5,-27.2,26.9,28.4,32.5,36.9,39.0,37.6,33.4,28.8,23.0,25.5,29.0,33.7,38.3,42.1,44.9,42.4,38.8,34.6,30.0,25.8,31.4,33.2,34.8,35.4,34.5,32.8,31.1,30.6,-4.5,-8.3,-9.7,-7.7,-3.7,0.6,1.5,-0.4,-3.4,-5.1,-6.1,-6.2,-5.3,-3.6,-1.8,-0.0,-0.0,-0.1,-0.6,-1.5,-2.2,-1.5,-2.0,-3.5,-5.2,-5.9,-5.4,-3.8,-3.2,-7.6,-9.7,-8.3,-4.1,0.3,2.4,1.3,-1.8,-3.7,-5.2,-5.9,-5.4,-4.3,-2.4,-0.7,0.1,0.4,0.2,-0.2,-1.7,-1.1,-1.9,-3.7,-5.3,-5.9,-5.1,-3.3,1228.7,1230.6,1231.4,1230.7,1228.9,1227.1,1226.2,1226.9,1232.7,1230.6,1228.9,1228.1,1228.5,1229.6,1231.1,1228.3,1226.1,1225.4,1226.5,1229.2,1228.8,1228.5,1228.8,1229.6,1230.3,1230.6,1230.3,1229.5,1253.2,1254.0,1254.5,1254.3,1253.6,1252.8,1252.3,1252.7,1255.0,1253.5,1252.2,1251.8,1253.1,1255.3,1257.9,1255.2,1252.8,1251.4,1251.5,1253.2,1253.9,1253.8,1254.0,1254.3,1254.6,1254.7,1254.5,1254.1,4.1,33.2,1366.4,0.28,0.0289999999999999,0.013,489.6,491.4,496.1,503.6,520.1,546.0,575.0,609.1,648.0,685.4,718.6,747.5,771.9,788.0,795.7,800.9,804.2,514.8,534.3,558.9,584.5,609.0,691.8,719.7,744.8,768.6,784.8,651.6,651.3,651.2,651.2,611.2,630.1,649.7,669.6,687.2,550.0,568.4,588.8,606.1,586.8,566.9,692.2,710.7,731.2,748.1,732.4,712.8,570.9,599.4,628.2,649.0,672.8,701.0,726.4,701.0,673.0,647.6,625.4,596.8,580.2,627.7,648.9,672.9,717.0,672.6,648.1,626.4,329.7,375.0,419.4,462.6,502.3,538.9,571.0,598.2,606.1,598.1,573.3,544.0,510.9,473.5,432.5,388.6,343.3,314.3,299.0,295.3,300.1,310.1,311.0,300.8,298.2,302.6,317.1,352.9,384.5,416.0,447.7,449.1,458.9,467.5,459.4,451.3,352.3,344.9,345.9,356.2,359.8,358.9,357.5,347.1,346.7,354.0,360.0,360.8,478.6,476.5,479.3,484.0,480.1,477.9,479.0,513.2,531.2,534.6,531.3,514.0,481.5,489.8,492.9,489.8,483.0,512.1,515.6,512.2,-70.5,-69.9,-67.9,-64.6,-56.8,-44.4,-30.5,-14.4,3.7,21.1,36.9,50.8,62.3,69.6,72.8,75.0,76.5,-57.1,-48.0,-36.6,-25.0,-13.9,23.2,35.8,47.2,58.2,66.0,5.2,5.1,5.0,5.0,-13.1,-4.5,4.4,13.4,21.4,-41.0,-32.5,-23.2,-15.4,-24.1,-33.2,23.6,32.0,41.3,49.1,41.9,33.0,-32.0,-18.5,-5.4,4.1,14.9,27.9,39.9,27.9,15.0,3.5,-6.7,-19.8,-27.6,-5.6,4.0,14.9,35.5,14.8,3.7,-6.2,-14.2,7.0,28.0,48.5,67.4,84.5,99.1,110.8,114.2,110.9,100.2,86.9,71.3,53.3,33.9,13.3,-7.8,-20.8,-27.7,-29.2,-27.0,-22.3,-21.9,-26.6,-27.9,-26.0,-19.5,-3.2,11.0,25.1,39.3,40.4,44.7,48.5,44.9,41.3,-3.5,-6.8,-6.4,-1.7,-0.1,-0.5,-1.1,-5.8,-6.0,-2.7,0.0,0.3,54.8,53.2,54.1,56.2,54.5,53.9,55.0,70.1,77.8,79.3,77.9,70.5,56.2,59.0,60.3,58.9,56.7,69.2,70.8,69.4,1406.6,1411.3,1416.2,1420.0,1420.2,1417.0,1408.5,1395.9,1392.0,1397.0,1409.3,1417.2,1416.7,1410.4,1402.5,1398.0,1396.7,1368.7,1361.4,1354.9,1349.4,1344.3,1342.1,1347.9,1352.3,1358.6,1366.3,1348.9,1346.7,1344.4,1342.9,1359.3,1355.4,1352.7,1354.1,1356.5,1364.9,1361.6,1361.0,1361.1,1360.5,1361.3,1359.8,1359.8,1360.4,1363.2,1360.3,1359.3,1387.8,1370.9,1362.1,1360.4,1360.4,1369.9,1385.6,1373.2,1363.2,1362.1,1364.1,1373.5,1386.6,1364.0,1362.2,1362.5,1383.2,1365.4,1364.5,1367.0,2.185,0.306,0.03,0.013,649.036,432.415,-35.376999999999995,4.777,17.590999999999998,-16.201,0.179,12.43,-14.059,7.777,-9.243,-6.187,-16.088,0.623,1.297,1.773,6.776,4.877,0.8240000000000001,-1.617,-3.0010000000000003,-2.324,-0.4029999999999999,1.6880000000000002,-0.2189999999999999,-3.184,0.2189999999999999,2.9730000000000003,0.295,-0.882,0.988,-0.128,0.503,-0.759,0.3879999999999999,0.061,0.69,0.99,0.03,0.32,2.1,2.17,0.43,2.41,3.58,1.2,0.0,0.0,0.04,0.0,3.47,0.43,0.81,1.0,1.0,0.0,0.0,1.0,1.0,0.0,1.0,1.0,1.0,0.0,0.0,0.0,0.0,1.0,1.0,0.0,0.0,
116.0,3.837,0.98,0.0588309999999999,0.291386,-0.954795,-0.084065,0.2720869999999999,-0.958594,-0.013,0.286,564.0,568.9,579.6,589.7,593.3,589.1,577.8,567.7,549.3,557.4,567.2,578.1,588.6,597.5,604.1,597.5,587.2,576.2,565.4,555.8,574.2,578.2,582.5,584.4,583.0,578.9,574.7,572.7,703.8,707.2,717.2,727.7,732.8,729.3,719.4,708.2,694.8,700.6,709.2,720.1,731.0,739.8,746.4,740.7,732.2,722.4,711.5,701.5,714.5,718.7,722.7,724.1,722.1,717.8,713.8,712.4,349.7,340.2,336.9,341.7,351.7,362.2,364.5,359.8,352.6,348.2,345.6,345.0,347.5,351.7,356.2,360.5,360.7,360.6,359.5,357.3,355.2,357.1,355.7,352.0,348.0,346.1,347.4,351.1,352.5,342.1,337.1,340.6,350.4,360.9,365.8,363.3,356.3,351.5,347.8,346.1,347.4,350.1,354.8,358.5,360.3,361.0,360.7,360.0,356.4,357.8,355.8,351.6,347.6,346.2,348.2,352.4,-30.9,-29.0,-24.6,-20.5,-19.0,-20.7,-25.3,-29.4,-37.0,-33.7,-29.6,-25.2,-20.9,-17.3,-14.7,-17.3,-21.4,-25.9,-30.3,-34.3,-26.8,-25.1,-23.4,-22.6,-23.2,-24.9,-26.6,-27.4,26.8,28.3,32.5,36.9,39.0,37.5,33.3,28.6,23.0,25.5,29.0,33.6,38.2,42.0,44.8,42.3,38.7,34.6,30.0,25.8,31.3,33.1,34.8,35.4,34.5,32.7,31.0,30.5,-4.2,-8.1,-9.4,-7.5,-3.4,0.9,1.8,-0.1,-3.0,-4.8,-5.9,-6.1,-5.1,-3.4,-1.6,0.2,0.3,0.2,-0.2,-1.1,-2.0,-1.2,-1.7,-3.3,-4.9,-5.7,-5.1,-3.6,-3.1,-7.5,-9.6,-8.2,-4.0,0.4,2.4,1.4,-1.6,-3.6,-5.1,-5.8,-5.3,-4.2,-2.2,-0.6,0.1,0.4,0.3,-0.0,-1.5,-0.9,-1.8,-3.6,-5.2,-5.8,-4.9,-3.2,1220.5,1222.2,1222.9,1222.3,1220.7,1219.1,1218.2,1218.9,1224.7,1222.4,1220.6,1219.8,1220.3,1221.6,1223.1,1220.4,1218.2,1217.6,1218.6,1221.2,1220.6,1220.4,1220.7,1221.4,1222.0,1222.3,1222.0,1221.3,1260.2,1261.3,1261.8,1261.4,1260.4,1259.3,1258.8,1259.4,1261.9,1260.5,1259.2,1258.8,1259.9,1262.0,1264.4,1261.7,1259.3,1257.9,1258.2,1260.0,1260.7,1260.5,1260.7,1261.2,1261.6,1261.7,1261.5,1261.1,3.8,33.5,1369.7,0.284,0.026,0.012,488.6,490.5,495.2,502.8,519.3,545.3,574.4,608.7,647.6,684.8,717.7,746.5,770.9,787.0,794.7,799.9,803.1,514.0,533.7,558.4,583.8,608.3,691.0,718.8,743.8,767.6,784.0,650.9,650.6,650.5,650.6,610.5,629.5,649.1,669.1,686.7,548.9,567.3,587.8,605.1,585.9,565.8,691.6,710.0,730.6,747.5,731.9,712.3,570.2,599.0,627.6,648.4,672.1,700.3,725.8,700.5,672.5,647.2,625.0,596.4,579.6,627.2,648.3,672.3,716.4,672.0,647.7,625.9,330.0,375.3,419.8,462.8,502.5,538.9,570.7,597.7,605.4,597.4,572.9,543.8,510.9,473.5,432.6,388.7,343.4,315.1,300.0,296.5,301.1,311.1,311.8,301.6,298.9,303.1,317.4,353.5,385.2,416.8,448.5,449.7,459.6,468.1,460.0,451.7,353.0,345.4,346.3,356.8,360.4,359.5,358.0,347.4,346.8,354.3,360.3,361.2,478.9,477.0,479.7,484.4,480.5,478.1,479.1,513.0,531.0,534.3,531.2,514.0,481.8,490.2,493.3,490.2,483.1,511.9,515.4,512.1,-71.1,-70.5,-68.5,-65.1,-57.2,-44.8,-30.9,-14.6,3.5,20.9,36.6,50.4,62.0,69.3,72.5,74.7,76.1,-57.6,-48.3,-36.9,-25.3,-14.2,22.9,35.5,46.9,57.9,65.7,4.9,4.8,4.7,4.8,-13.4,-4.8,4.1,13.1,21.2,-41.5,-33.0,-23.7,-15.9,-24.6,-33.7,23.4,31.8,41.2,49.0,41.7,32.8,-32.4,-18.8,-5.6,3.8,14.6,27.6,39.7,27.8,14.8,3.3,-6.8,-20.0,-28.0,-5.8,3.8,14.7,35.3,14.6,3.5,-6.4,-14.1,7.2,28.3,48.8,67.6,84.7,99.1,110.8,114.1,110.8,100.2,87.0,71.4,53.5,34.0,13.4,-7.7,-20.5,-27.3,-28.8,-26.5,-22.0,-21.6,-26.3,-27.6,-25.8,-19.4,-2.9,11.3,25.5,39.7,40.8,45.1,48.9,45.2,41.6,-3.2,-6.6,-6.2,-1.5,0.2,-0.2,-0.9,-5.7,-6.0,-2.6,0.2,0.5,55.1,53.6,54.5,56.6,54.8,54.1,55.1,70.2,77.9,79.3,78.0,70.7,56.4,59.4,60.7,59.3,56.9,69.3,70.9,69.5,1409.2,1413.9,1419.0,1422.8,1423.3,1420.1,1411.6,1399.1,1395.1,1400.2,1412.6,1420.7,1420.2,1413.9,1405.8,1401.0,1399.5,1371.3,1364.0,1357.7,1352.4,1347.3,1345.2,1351.0,1355.3,1361.4,1369.1,1351.9,1349.9,1347.8,1346.5,1362.6,1358.8,1356.1,1357.5,1359.8,1367.8,1364.5,1363.9,1364.1,1363.5,1364.3,1362.8,1362.8,1363.4,1366.3,1363.3,1362.3,1391.1,1374.2,1365.6,1363.8,1363.9,1373.4,1389.0,1376.6,1366.5,1365.4,1367.4,1376.8,1389.9,1367.3,1365.6,1365.9,1386.5,1368.8,1367.9,1370.3,2.18,0.311,0.027,0.012,648.339,432.719,-36.032,4.295,17.014,-17.018,0.364,13.036,-14.359000000000002,8.096,-9.093,-6.419,-15.895,0.8290000000000001,1.3630000000000002,1.915,6.474,5.204,0.866,-1.53,-2.818,-2.036,-0.3979999999999999,1.96,-0.263,-3.157,0.218,2.942,0.086,-0.885,0.924,-0.228,0.505,-0.6940000000000001,0.397,0.093,0.73,1.02,0.01,0.41,2.14,1.99,0.43,2.35,3.58,1.18,0.0,0.0,0.01,0.0,3.41,0.25,0.79,1.0,1.0,0.0,0.0,1.0,1.0,0.0,1.0,1.0,1.0,0.0,0.0,0.0,0.0,1.0,0.0,0.0,0.0,
117.0,3.871,0.98,0.053825,0.284483,-0.957169,-0.080665,0.275053,-0.958039,-0.0139999999999999,0.284,563.2,568.2,578.9,589.2,592.9,588.6,577.1,566.9,549.4,557.3,566.9,577.5,588.0,596.8,603.2,596.7,586.6,575.7,565.1,555.7,573.4,577.6,582.0,584.1,582.5,578.3,573.9,571.9,703.3,706.5,716.3,726.9,732.0,728.8,719.0,707.7,693.7,699.5,708.1,719.4,730.6,739.2,745.4,740.1,731.9,722.4,711.3,700.8,713.8,718.1,722.0,723.3,721.2,717.0,713.0,711.7,349.7,340.3,337.1,341.7,351.6,362.0,364.2,359.6,353.0,348.4,345.7,345.1,347.5,351.8,356.7,360.6,360.6,360.3,359.3,357.2,355.2,357.2,355.8,352.0,347.9,346.0,347.4,351.2,352.7,342.1,337.0,340.5,350.4,360.9,366.0,363.5,356.0,351.3,347.7,345.9,347.2,349.8,354.7,358.6,360.5,361.2,360.8,359.9,356.4,357.8,355.7,351.4,347.5,346.1,348.2,352.4,-31.4,-29.4,-25.0,-20.8,-19.3,-21.0,-25.7,-29.8,-37.2,-33.9,-29.9,-25.5,-21.3,-17.7,-15.1,-17.7,-21.8,-26.2,-30.6,-34.5,-27.2,-25.5,-23.7,-22.9,-23.5,-25.3,-27.1,-27.9,26.4,27.7,31.8,36.2,38.4,37.0,32.9,28.2,22.4,24.8,28.4,33.1,37.8,41.4,44.1,41.8,38.3,34.3,29.7,25.3,30.8,32.6,34.2,34.8,33.9,32.1,30.5,29.9,-4.2,-8.1,-9.4,-7.5,-3.4,0.8,1.7,-0.2,-2.9,-4.7,-5.9,-6.1,-5.1,-3.3,-1.3,0.2,0.2,0.1,-0.3,-1.1,-1.9,-1.2,-1.7,-3.3,-4.9,-5.7,-5.2,-3.6,-3.0,-7.5,-9.6,-8.2,-4.0,0.4,2.5,1.5,-1.7,-3.6,-5.1,-5.9,-5.3,-4.2,-2.2,-0.6,0.2,0.5,0.3,-0.0,-1.5,-0.9,-1.8,-3.6,-5.2,-5.8,-4.9,-3.2,1227.1,1229.0,1229.8,1229.0,1227.1,1225.4,1224.4,1225.2,1230.9,1228.9,1227.2,1226.6,1227.0,1228.0,1229.3,1226.7,1224.5,1223.8,1224.9,1227.5,1227.1,1226.7,1227.1,1227.9,1228.6,1228.9,1228.6,1227.8,1250.1,1250.9,1251.6,1251.6,1251.0,1250.1,1249.5,1249.7,1251.8,1250.3,1249.2,1249.0,1250.4,1252.8,1255.6,1252.8,1250.3,1248.6,1248.5,1250.0,1250.9,1250.9,1251.2,1251.5,1251.8,1251.8,1251.5,1251.2,3.5,33.5,1373.7,0.284,0.024,0.011,487.7,489.7,494.6,502.1,518.7,544.6,573.8,608.2,647.1,684.4,717.4,746.1,770.3,786.2,793.8,798.9,802.1,513.3,533.1,557.9,583.4,607.9,690.1,717.9,742.8,766.6,783.1,650.2,650.0,649.9,650.0,610.0,629.0,648.5,668.4,686.0,548.5,566.9,587.4,604.6,585.4,565.4,691.0,709.3,729.9,746.7,731.2,711.6,569.7,598.4,626.9,647.9,671.7,699.8,725.1,700.0,672.2,646.7,624.4,595.9,579.1,626.5,647.8,671.9,715.6,671.7,647.2,625.3,330.7,375.9,420.1,463.0,502.3,538.5,570.1,596.9,604.5,596.5,572.1,543.2,510.4,473.2,432.5,388.7,343.5,315.3,300.2,296.8,301.6,311.6,312.2,301.8,299.1,303.0,317.3,353.7,385.4,417.0,448.8,449.9,459.7,468.3,460.1,451.8,353.1,345.5,346.4,356.9,360.6,359.6,358.0,347.3,346.7,354.2,360.3,361.2,479.0,477.0,479.8,484.4,480.5,478.1,479.0,512.4,530.3,533.7,530.5,513.6,481.9,490.2,493.3,490.1,483.0,511.4,514.9,511.6,-71.7,-71.0,-69.0,-65.6,-57.7,-45.3,-31.2,-14.9,3.3,20.8,36.6,50.4,61.9,69.1,72.3,74.4,75.8,-58.1,-48.7,-37.3,-25.6,-14.5,22.5,35.2,46.6,57.6,65.5,4.6,4.5,4.5,4.5,-13.7,-5.0,3.9,12.9,20.9,-41.8,-33.3,-24.0,-16.2,-24.9,-34.0,23.2,31.6,41.0,48.7,41.6,32.6,-32.7,-19.1,-6.0,3.6,14.5,27.5,39.5,27.6,14.7,3.1,-7.1,-20.3,-28.3,-6.2,3.5,14.6,35.1,14.5,3.3,-6.7,-13.8,7.5,28.5,49.0,67.7,84.7,99.1,110.7,114.0,110.7,100.1,87.0,71.4,53.5,34.0,13.4,-7.7,-20.5,-27.3,-28.7,-26.4,-21.8,-21.5,-26.3,-27.6,-25.9,-19.6,-2.8,11.5,25.7,40.0,41.0,45.3,49.1,45.4,41.8,-3.2,-6.6,-6.2,-1.4,0.3,-0.2,-0.9,-5.8,-6.1,-2.6,0.1,0.5,55.3,53.8,54.7,56.7,54.9,54.2,55.3,70.1,77.8,79.3,77.9,70.7,56.6,59.5,60.9,59.4,57.0,69.3,70.8,69.5,1413.0,1417.8,1422.8,1426.7,1427.1,1423.8,1415.1,1402.5,1398.6,1403.8,1416.4,1424.6,1424.2,1417.9,1409.8,1405.0,1403.4,1375.2,1367.8,1361.6,1356.3,1351.3,1349.3,1354.9,1359.1,1365.2,1372.9,1356.0,1354.1,1352.0,1350.8,1366.7,1363.0,1360.4,1361.7,1364.0,1371.7,1368.4,1367.8,1368.1,1367.5,1368.2,1366.8,1366.7,1367.4,1370.2,1367.3,1366.4,1394.9,1378.2,1369.8,1368.0,1368.1,1377.5,1393.0,1380.6,1370.5,1369.4,1371.4,1380.7,1393.7,1371.4,1369.7,1370.0,1390.5,1372.8,1371.9,1374.3,2.174,0.31,0.026,0.011,647.7280000000001,432.647,-36.403,4.088,16.06,-17.979,0.586,13.542,-14.544,8.283999999999999,-9.029,-5.915,-15.644,0.36,1.3030000000000002,2.39,6.437,5.323,0.963,-1.527,-2.714,-1.967,-0.402,1.978,-0.451,-3.217,0.514,3.113,0.009,-0.962,1.019,-0.148,0.54,-0.66,0.377,0.052,0.83,1.07,0.15,0.47,2.19,1.98,0.46,2.3,3.58,1.14,0.0,0.0,0.01,0.0,3.32,0.14,0.79,1.0,1.0,0.0,0.0,1.0,1.0,0.0,1.0,1.0,1.0,0.0,0.0,0.0,0.0,1.0,0.0,0.0,0.0,
118.0,3.904,0.98,0.056426,0.290404,-0.955239,-0.077783,0.278072,-0.957406,-0.011,0.289,562.4,567.4,578.2,588.4,592.0,587.7,576.2,566.0,548.6,556.4,566.0,576.6,587.0,596.0,602.7,595.9,585.6,574.6,563.9,554.6,572.6,576.8,581.2,583.3,581.8,577.6,573.2,571.1,702.3,705.6,715.4,726.0,731.2,727.9,718.1,706.8,692.6,698.5,707.1,718.5,729.8,738.5,744.5,739.1,731.0,721.3,710.1,699.7,712.9,717.2,721.1,722.5,720.3,716.1,712.1,710.8,349.8,340.1,336.7,341.4,351.6,362.2,364.6,359.9,352.1,348.0,345.5,345.2,347.7,351.9,356.4,360.5,360.7,360.4,359.2,356.8,355.3,357.2,355.8,351.9,347.7,345.7,347.2,351.1,352.8,342.1,336.9,340.3,350.3,361.0,366.2,363.7,356.0,351.3,347.6,345.9,347.2,349.7,354.5,358.4,360.5,361.3,360.9,359.9,356.4,357.7,355.6,351.3,347.3,345.9,348.0,352.4,-31.7,-29.7,-25.3,-21.1,-19.6,-21.3,-26.0,-30.2,-37.5,-34.2,-30.2,-25.9,-21.6,-18.0,-15.3,-18.0,-22.2,-26.7,-31.0,-34.9,-27.5,-25.8,-24.0,-23.2,-23.8,-25.5,-27.3,-28.2,25.8,27.2,31.3,35.7,37.8,36.5,32.4,27.7,21.8,24.2,27.8,32.5,37.3,40.9,43.5,41.2,37.7,33.7,29.1,24.8,30.3,32.0,33.7,34.2,33.4,31.6,29.9,29.4,-4.2,-8.1,-9.5,-7.6,-3.4,0.9,1.9,-0.0,-3.2,-4.9,-5.9,-6.0,-5.0,-3.3,-1.5,0.2,0.3,0.2,-0.3,-1.3,-1.9,-1.1,-1.7,-3.3,-5.0,-5.8,-5.2,-3.6,-3.0,-7.4,-9.6,-8.2,-4.0,0.4,2.6,1.5,-1.7,-3.6,-5.1,-5.8,-5.3,-4.3,-2.3,-0.7,0.2,0.5,0.4,-0.1,-1.5,-0.9,-1.8,-3.6,-5.3,-5.9,-5.0,-3.2,1225.0,1226.6,1227.1,1226.4,1224.7,1223.3,1222.6,1223.4,1229.3,1227.1,1225.1,1224.2,1224.5,1225.6,1227.0,1224.5,1222.5,1222.0,1223.2,1225.9,1225.0,1224.7,1224.9,1225.6,1226.3,1226.6,1226.3,1225.7,1244.0,1244.6,1245.1,1245.2,1244.9,1244.4,1243.9,1244.0,1245.9,1244.3,1243.1,1242.9,1244.4,1246.8,1249.7,1247.1,1244.6,1242.9,1242.8,1244.3,1245.0,1245.1,1245.3,1245.5,1245.6,1245.6,1245.4,1245.1,3.1,33.5,1372.6,0.283,0.024,0.011,486.8,488.8,493.6,501.2,517.9,544.0,573.3,607.5,646.3,683.6,716.6,745.4,769.6,785.5,793.1,798.1,801.2,512.4,532.2,557.0,582.5,606.9,689.2,716.8,741.8,765.6,782.1,649.4,649.2,649.1,649.2,609.2,628.2,647.7,667.5,685.1,547.6,566.0,586.5,603.7,584.5,564.4,690.0,708.4,728.9,745.8,730.3,710.6,568.9,597.7,626.2,647.0,670.7,698.7,724.1,698.9,671.1,645.8,623.7,595.2,578.2,625.8,646.9,670.9,714.7,670.6,646.3,624.5,331.0,376.1,420.3,463.1,502.3,538.3,569.8,596.5,604.2,596.2,571.8,542.8,509.9,472.8,432.0,388.2,343.2,315.1,300.1,296.8,301.7,311.9,312.5,302.0,299.1,303.0,317.2,353.7,385.5,417.1,448.9,450.0,459.8,468.2,460.1,451.9,352.8,345.3,346.3,356.8,360.5,359.6,358.0,347.2,346.6,354.1,360.3,361.2,478.7,477.0,479.8,484.4,480.5,478.1,478.7,512.2,530.0,533.3,530.1,513.2,481.7,490.3,493.3,490.1,482.8,511.0,514.5,511.2,-72.2,-71.4,-69.4,-66.0,-58.0,-45.5,-31.5,-15.2,2.9,20.4,36.1,50.0,61.5,68.8,71.9,74.0,75.4,-58.4,-49.1,-37.6,-26.0,-14.9,22.1,34.7,46.1,57.1,65.0,4.2,4.1,4.1,4.1,-14.0,-5.4,3.5,12.5,20.5,-42.2,-33.7,-24.4,-16.5,-25.3,-34.4,22.8,31.1,40.5,48.3,41.1,32.1,-33.0,-19.4,-6.3,3.2,14.0,26.9,39.0,27.1,14.2,2.7,-7.5,-20.6,-28.7,-6.5,3.1,14.1,34.6,14.0,2.9,-7.1,-13.7,7.6,28.6,49.0,67.7,84.6,98.9,110.5,113.8,110.5,99.9,86.8,71.2,53.3,33.8,13.2,-7.9,-20.6,-27.3,-28.7,-26.3,-21.7,-21.4,-26.2,-27.6,-25.9,-19.6,-2.8,11.5,25.7,40.0,41.0,45.3,49.0,45.4,41.8,-3.3,-6.7,-6.3,-1.4,0.2,-0.2,-0.9,-5.8,-6.1,-2.7,0.1,0.5,55.1,53.7,54.7,56.7,54.9,54.2,55.1,70.0,77.6,79.0,77.7,70.5,56.5,59.5,60.8,59.4,56.9,69.0,70.6,69.2,1412.6,1417.3,1422.2,1426.0,1426.4,1423.0,1414.3,1401.6,1397.7,1402.9,1415.5,1423.8,1423.6,1417.3,1409.3,1404.4,1402.9,1374.3,1367.0,1360.7,1355.4,1350.4,1348.2,1353.8,1358.1,1364.3,1372.0,1355.0,1353.0,1350.8,1349.5,1365.6,1361.8,1359.2,1360.6,1363.0,1371.0,1367.6,1367.0,1367.3,1366.6,1367.4,1365.9,1365.8,1366.5,1369.4,1366.4,1365.5,1394.0,1377.2,1368.6,1366.9,1367.0,1376.5,1392.0,1379.4,1369.2,1368.1,1370.1,1379.5,1392.8,1370.4,1368.6,1369.0,1389.5,1371.5,1370.6,1373.0,2.175,0.31,0.026,0.01,646.854,432.536,-34.601,4.152,16.142,-17.741,0.608,13.84,-14.51,8.174,-9.454,-5.984,-15.3,0.439,1.162,1.946,6.3870000000000005,5.0680000000000005,1.269,-1.556,-2.699,-2.02,-0.565,1.828,-0.351,-3.095,0.516,3.0580000000000003,0.106,-0.898,1.02,-0.03,0.5,-0.723,0.417,0.057,0.92,1.12,0.33,0.56,2.22,1.91,0.44,2.24,3.57,1.2,0.0,0.0,0.0,0.0,3.28,0.09,0.78,1.0,1.0,0.0,0.0,1.0,1.0,0.0,1.0,1.0,1.0,0.0,0.0,0.0,0.0,1.0,0.0,0.0,0.0,
119.0,3.937,0.98,0.047316,0.298172,-0.953339,-0.081852,0.273953,-0.958254,-0.018,0.291,561.7,566.7,577.3,587.2,590.7,586.4,575.1,565.2,548.8,555.5,564.8,575.6,586.4,595.3,601.8,595.0,584.6,573.4,563.0,554.1,571.8,575.9,580.3,582.3,580.9,576.8,572.4,570.4,701.3,704.6,714.4,725.0,730.1,726.9,717.1,705.8,692.0,697.9,706.6,717.7,728.7,737.3,743.4,738.0,729.9,720.2,709.3,699.0,711.9,716.2,720.1,721.4,719.3,715.1,711.1,709.8,350.0,340.0,336.4,341.3,351.8,362.6,365.4,360.5,351.4,347.6,345.5,345.2,347.8,351.9,356.4,360.4,360.9,360.7,359.4,356.6,355.2,357.2,355.7,351.6,347.3,345.3,346.8,350.9,352.7,342.1,337.0,340.3,350.2,360.8,365.9,363.4,356.4,351.4,347.5,345.8,347.1,349.8,354.7,358.5,360.4,361.1,360.9,360.0,356.3,357.7,355.6,351.3,347.3,346.0,348.1,352.4,-32.3,-30.3,-25.9,-21.8,-20.3,-22.1,-26.7,-30.9,-37.8,-34.9,-31.0,-26.6,-22.1,-18.4,-15.8,-18.6,-22.8,-27.4,-31.8,-35.5,-28.2,-26.5,-24.7,-23.8,-24.4,-26.1,-27.9,-28.8,25.6,27.0,31.1,35.6,37.7,36.3,32.2,27.5,21.8,24.2,27.8,32.5,37.1,40.8,43.4,41.1,37.6,33.5,28.9,24.7,30.1,31.9,33.5,34.1,33.2,31.4,29.8,29.2,-4.1,-8.2,-9.7,-7.7,-3.4,1.1,2.2,0.2,-3.5,-5.1,-6.0,-6.1,-5.0,-3.3,-1.5,0.2,0.4,0.3,-0.2,-1.4,-2.0,-1.2,-1.8,-3.5,-5.3,-6.1,-5.5,-3.8,-3.1,-7.5,-9.6,-8.2,-4.1,0.3,2.5,1.4,-1.5,-3.6,-5.2,-6.0,-5.4,-4.3,-2.2,-0.6,0.2,0.5,0.4,0.0,-1.5,-1.0,-1.8,-3.6,-5.3,-5.9,-5.0,-3.2,1238.3,1238.7,1238.6,1238.0,1237.3,1237.0,1236.9,1237.5,1243.6,1240.8,1238.2,1236.9,1237.2,1238.4,1240.0,1238.3,1236.7,1236.6,1237.9,1240.6,1238.5,1238.2,1238.2,1238.4,1238.7,1239.0,1239.0,1238.8,1254.8,1255.6,1256.2,1256.2,1255.6,1254.8,1254.2,1254.4,1256.5,1255.1,1253.9,1253.7,1255.1,1257.5,1260.2,1257.5,1255.0,1253.4,1253.3,1254.8,1255.6,1255.6,1255.9,1256.2,1256.4,1256.4,1256.2,1255.9,2.7,33.5,1376.8,0.284,0.025,0.01,486.1,488.1,493.0,500.6,517.4,543.6,573.0,607.3,645.9,682.9,715.6,744.2,768.4,784.4,792.0,797.1,800.2,511.8,531.6,556.3,581.5,605.8,688.5,716.0,740.7,764.4,780.9,648.6,648.3,648.3,648.3,608.4,627.3,646.8,666.7,684.2,546.9,565.3,585.8,602.9,583.7,563.6,689.2,707.4,728.0,744.8,729.3,709.7,568.1,596.9,625.4,646.1,669.8,697.7,723.1,697.9,670.1,645.0,622.8,594.4,577.4,624.9,646.0,670.0,713.7,669.7,645.4,623.7,331.3,376.5,420.8,463.7,502.8,538.7,569.8,596.1,603.5,595.5,571.3,542.5,509.9,472.8,432.1,388.4,343.3,315.0,300.2,296.9,301.7,311.8,312.4,302.1,299.2,302.9,316.9,353.7,385.5,417.2,449.0,450.0,459.8,468.3,460.2,451.9,352.8,345.2,346.2,356.9,360.6,359.5,358.0,347.2,346.5,354.1,360.3,361.2,478.7,477.1,479.9,484.6,480.6,478.1,478.8,511.9,529.6,532.9,529.8,513.0,481.7,490.3,493.4,490.1,482.8,510.7,514.2,511.0,-72.6,-71.9,-69.9,-66.4,-58.5,-45.9,-31.7,-15.3,2.7,20.1,35.8,49.6,61.1,68.4,71.6,73.7,75.1,-58.9,-49.5,-38.1,-26.5,-15.4,21.9,34.4,45.7,56.7,64.6,3.9,3.8,3.7,3.8,-14.4,-5.8,3.1,12.1,20.2,-42.7,-34.2,-24.8,-17.0,-25.7,-34.9,22.4,30.8,40.2,48.0,40.8,31.8,-33.5,-19.8,-6.7,2.8,13.6,26.6,38.7,26.7,13.8,2.3,-7.9,-21.0,-29.2,-6.9,2.8,13.7,34.3,13.6,2.5,-7.5,-13.6,7.8,28.9,49.4,68.1,85.0,99.2,110.6,113.7,110.4,99.9,86.9,71.3,53.4,33.9,13.3,-7.8,-20.7,-27.3,-28.7,-26.4,-21.8,-21.4,-26.2,-27.6,-26.0,-19.8,-2.9,11.5,25.8,40.2,41.1,45.5,49.2,45.6,41.9,-3.3,-6.8,-6.3,-1.4,0.3,-0.2,-0.9,-5.8,-6.2,-2.7,0.1,0.5,55.3,53.9,54.9,56.9,55.1,54.4,55.3,70.1,77.6,79.1,77.8,70.6,56.7,59.7,61.0,59.6,57.0,69.1,70.7,69.3,1416.4,1421.1,1426.2,1430.1,1430.4,1427.0,1418.2,1405.5,1401.4,1406.5,1419.0,1427.3,1427.0,1420.8,1412.7,1407.8,1406.3,1378.1,1370.9,1364.7,1359.5,1354.5,1352.5,1358.0,1362.2,1368.1,1375.6,1359.2,1357.2,1355.1,1353.9,1369.9,1366.1,1363.4,1364.8,1367.1,1374.8,1371.5,1370.9,1371.2,1370.5,1371.3,1369.9,1369.7,1370.4,1373.2,1370.3,1369.4,1398.2,1381.6,1373.0,1371.3,1371.4,1380.8,1396.2,1383.6,1373.4,1372.3,1374.3,1383.8,1397.0,1374.7,1373.0,1373.3,1393.6,1375.7,1374.8,1377.2,2.169,0.31,0.0279999999999999,0.009,646.014,432.518,-36.567,4.481,15.476,-18.409,1.189,14.398,-14.701,8.104,-9.416,-5.768,-15.144,0.895,1.388,2.073,6.266,5.433,1.208,-1.567,-2.647,-1.922,-0.6990000000000001,1.73,-0.693,-3.168,0.502,3.337,-0.111,-0.889,1.032,0.066,0.44,-0.8540000000000001,0.43,0.081,0.93,1.1,0.41,0.5,2.2,2.0,0.47,2.25,3.58,1.23,0.0,0.0,0.0,0.0,3.18,0.07,0.78,1.0,1.0,0.0,0.0,1.0,1.0,0.0,1.0,1.0,1.0,0.0,0.0,0.0,0.0,1.0,0.0,0.0,0.0,
120.0,3.971,0.98,0.045467,0.293598,-0.954847,-0.0808649999999999,0.276332,-0.957654,-0.019,0.29,560.7,565.7,576.4,586.5,590.1,585.8,574.4,564.3,547.6,554.9,564.4,574.9,585.4,594.5,601.1,594.3,584.0,572.9,562.3,553.2,570.8,575.1,579.6,581.7,580.1,575.9,571.4,569.3,700.6,703.8,713.5,724.0,729.2,726.0,716.3,705.1,691.2,696.8,705.3,716.6,727.9,736.6,742.7,737.2,729.0,719.4,708.3,698.2,711.1,715.4,719.4,720.7,718.5,714.2,710.3,709.0,349.9,340.0,336.4,341.1,351.5,362.3,365.0,360.3,351.4,347.6,345.3,345.1,347.7,351.8,356.1,360.4,360.9,360.7,359.4,356.6,355.3,357.3,355.7,351.6,347.3,345.3,346.8,350.9,352.9,342.3,337.0,340.3,350.2,360.9,366.1,363.7,356.4,351.3,347.5,345.7,347.0,349.7,354.7,358.5,360.5,361.3,361.0,360.0,356.4,357.8,355.6,351.3,347.3,345.9,348.1,352.4,-32.6,-30.6,-26.2,-22.0,-20.5,-22.3,-26.9,-31.1,-38.2,-35.0,-31.1,-26.7,-22.4,-18.7,-16.0,-18.8,-23.0,-27.5,-31.9,-35.7,-28.4,-26.7,-24.8,-24.0,-24.6,-26.4,-28.2,-29.1,25.3,26.7,30.7,35.1,37.3,36.0,31.9,27.2,21.4,23.8,27.3,32.0,36.7,40.5,43.1,40.7,37.2,33.1,28.5,24.3,29.7,31.5,33.2,33.7,32.9,31.1,29.4,28.9,-4.1,-8.2,-9.7,-7.8,-3.5,1.0,2.1,0.1,-3.6,-5.1,-6.0,-6.1,-5.1,-3.4,-1.6,0.2,0.4,0.3,-0.3,-1.4,-1.9,-1.1,-1.8,-3.5,-5.2,-6.1,-5.4,-3.7,-3.0,-7.4,-9.6,-8.2,-4.1,0.4,2.5,1.5,-1.5,-3.6,-5.2,-6.0,-5.4,-4.3,-2.2,-0.6,0.2,0.5,0.4,0.0,-1.5,-0.9,-1.8,-3.7,-5.3,-5.9,-5.0,-3.2,1233.4,1234.4,1234.6,1233.9,1232.7,1231.9,1231.6,1232.2,1238.3,1235.8,1233.5,1232.4,1232.7,1233.9,1235.4,1233.3,1231.5,1231.2,1232.4,1235.1,1233.5,1233.2,1233.3,1233.7,1234.2,1234.5,1234.4,1234.0,1254.0,1254.5,1254.9,1255.0,1254.6,1254.0,1253.6,1253.9,1255.9,1254.3,1252.9,1252.6,1254.0,1256.3,1259.1,1256.6,1254.2,1252.7,1252.7,1254.2,1254.8,1254.8,1255.0,1255.2,1255.4,1255.4,1255.2,1255.0,2.3,33.5,1378.1,0.283,0.025,0.011,485.5,487.5,492.3,499.8,516.4,542.4,571.8,606.3,645.1,682.1,714.8,743.3,767.5,783.5,791.1,796.3,799.5,511.1,531.0,555.7,581.0,605.3,687.4,715.1,740.0,763.8,780.5,647.6,647.4,647.3,647.4,607.5,626.4,645.9,665.8,683.3,546.2,564.5,585.0,602.1,583.0,562.9,688.2,706.5,727.1,744.0,728.4,708.9,567.2,596.2,624.5,645.2,668.7,696.6,722.2,696.8,669.0,644.0,622.0,593.7,576.5,624.1,645.1,668.9,712.8,668.5,644.4,622.8,331.7,376.7,420.7,463.2,502.0,537.6,568.7,594.9,602.3,594.5,570.6,542.2,509.8,472.8,432.2,388.5,343.4,315.0,300.3,297.1,302.0,312.0,312.7,302.3,299.4,303.2,317.3,353.8,385.7,417.5,449.4,450.1,460.0,468.5,460.3,452.1,352.7,345.1,346.1,356.9,360.5,359.5,358.1,347.2,346.5,354.1,360.3,361.2,478.5,477.2,480.1,484.7,480.9,478.3,478.7,511.5,528.8,532.0,528.9,512.4,481.6,490.4,493.5,490.3,482.8,510.1,513.5,510.2,-73.0,-72.3,-70.3,-66.9,-59.0,-46.5,-32.3,-15.8,2.4,19.8,35.4,49.2,60.7,68.0,71.3,73.5,74.9,-59.3,-49.9,-38.4,-26.8,-15.7,21.4,34.0,45.4,56.5,64.5,3.5,3.4,3.3,3.3,-14.9,-6.2,2.7,11.7,19.8,-43.1,-34.6,-25.2,-17.3,-26.1,-35.3,22.1,30.4,39.8,47.7,40.4,31.5,-34.0,-20.2,-7.1,2.4,13.1,26.1,38.3,26.2,13.3,1.8,-8.3,-21.4,-29.6,-7.3,2.3,13.2,33.9,13.1,2.0,-7.9,-13.4,7.9,28.9,49.3,67.8,84.6,98.7,110.1,113.3,110.0,99.7,86.8,71.3,53.5,34.0,13.4,-7.8,-20.7,-27.3,-28.7,-26.3,-21.7,-21.3,-26.1,-27.6,-25.9,-19.6,-2.8,11.6,26.0,40.4,41.2,45.6,49.3,45.7,42.0,-3.4,-6.8,-6.4,-1.4,0.2,-0.2,-0.9,-5.9,-6.2,-2.7,0.1,0.6,55.3,54.0,55.0,57.1,55.3,54.5,55.3,69.9,77.3,78.8,77.4,70.3,56.7,59.8,61.1,59.7,57.1,68.9,70.4,69.0,1418.2,1422.8,1427.6,1431.4,1431.8,1428.4,1419.4,1406.4,1402.3,1407.6,1420.5,1429.1,1429.0,1422.9,1414.8,1409.9,1408.3,1379.8,1372.5,1366.3,1360.9,1355.7,1353.5,1359.2,1363.4,1369.6,1377.3,1360.5,1358.6,1356.5,1355.3,1371.3,1367.5,1364.8,1366.3,1368.6,1376.5,1373.2,1372.5,1372.8,1372.1,1373.0,1371.2,1371.1,1371.8,1374.7,1371.8,1370.8,1399.7,1383.1,1374.5,1372.8,1372.8,1382.2,1397.6,1384.7,1374.4,1373.3,1375.4,1385.0,1398.4,1376.1,1374.4,1374.6,1395.0,1376.8,1375.9,1378.4,2.167,0.309,0.027,0.011,645.158,432.394,-34.672,3.596,14.977,-18.658,1.584,15.186,-14.986,8.347000000000001,-9.552,-5.261,-15.031,0.33,1.149,1.95,6.303999999999999,5.899,1.626,-1.467,-2.599,-1.835,-0.638,1.868,-0.59,-3.1860000000000004,0.272,3.343,-0.121,-0.855,1.034,0.0579999999999999,0.4479999999999999,-0.813,0.437,0.073,0.83,1.04,0.34,0.49,2.17,2.01,0.45,2.27,3.59,1.3,0.0,0.0,0.0,0.0,3.07,0.04,0.75,1.0,1.0,0.0,0.0,1.0,1.0,0.0,1.0,1.0,1.0,0.0,0.0,0.0,0.0,1.0,0.0,0.0,0.0,
121.0,4.004,0.98,0.039977,0.299854,-0.953147,-0.082567,0.2775829999999999,-0.957147,-0.022,0.294,559.9,564.8,575.4,585.4,589.0,584.8,573.5,563.5,546.8,553.9,563.3,574.0,584.7,593.7,600.2,593.6,583.3,572.2,561.6,552.5,570.0,574.2,578.6,580.7,579.2,574.9,570.5,568.4,699.8,703.1,712.8,723.2,728.2,725.0,715.3,704.2,690.7,696.3,704.7,715.9,727.0,735.8,741.9,736.3,727.9,718.2,707.3,697.4,710.2,714.5,718.5,719.8,717.8,713.5,709.5,708.2,350.1,340.1,336.4,341.2,351.7,362.6,365.4,360.6,351.2,347.5,345.4,345.1,347.7,351.8,356.1,360.3,360.9,360.7,359.5,356.6,355.3,357.3,355.8,351.6,347.2,345.1,346.7,350.9,353.0,342.4,337.3,340.7,350.4,361.0,366.1,363.6,356.5,351.4,347.6,345.9,347.2,349.9,354.7,358.6,360.6,361.4,361.1,360.1,356.5,357.8,355.7,351.4,347.4,346.0,348.1,352.5,-33.0,-31.0,-26.7,-22.5,-21.0,-22.7,-27.4,-31.5,-38.6,-35.6,-31.6,-27.2,-22.8,-19.1,-16.4,-19.1,-23.3,-27.9,-32.3,-36.2,-28.9,-27.1,-25.3,-24.5,-25.1,-26.8,-28.7,-29.5,25.2,26.6,30.7,35.1,37.2,35.8,31.7,27.1,21.4,23.8,27.3,32.0,36.7,40.5,43.2,40.7,37.1,33.0,28.4,24.2,29.7,31.5,33.1,33.7,32.8,31.0,29.3,28.8,-4.1,-8.2,-9.7,-7.7,-3.4,1.1,2.2,0.2,-3.6,-5.2,-6.0,-6.1,-5.1,-3.4,-1.6,0.1,0.4,0.3,-0.2,-1.4,-1.9,-1.1,-1.7,-3.5,-5.3,-6.1,-5.5,-3.8,-3.0,-7.4,-9.6,-8.2,-4.0,0.4,2.6,1.5,-1.5,-3.6,-5.2,-6.0,-5.4,-4.3,-2.2,-0.6,0.3,0.6,0.5,0.0,-1.5,-0.9,-1.8,-3.6,-5.3,-5.9,-5.0,-3.2,1237.1,1237.6,1237.6,1237.1,1236.3,1236.0,1235.8,1236.3,1242.3,1239.6,1237.1,1236.0,1236.4,1237.7,1239.3,1237.4,1235.8,1235.5,1236.7,1239.3,1237.4,1237.2,1237.2,1237.4,1237.7,1237.9,1237.9,1237.7,1265.6,1266.0,1266.3,1266.2,1265.9,1265.5,1265.2,1265.5,1267.8,1266.0,1264.6,1264.1,1265.4,1267.8,1270.6,1268.1,1265.8,1264.4,1264.5,1266.1,1266.4,1266.4,1266.5,1266.6,1266.8,1266.8,1266.7,1266.5,1.9,33.5,1379.5,0.282,0.024,0.011,484.6,486.7,491.5,499.0,515.3,541.2,570.7,605.2,644.1,681.1,713.9,742.4,766.6,782.6,790.3,795.5,798.8,510.0,529.8,554.5,579.8,604.2,686.7,714.4,739.2,763.0,779.8,646.7,646.5,646.4,646.5,606.7,625.6,645.1,664.8,682.4,545.4,563.7,584.2,601.3,582.2,562.1,687.5,705.7,726.3,743.2,727.6,708.0,566.5,595.5,623.7,644.3,667.8,695.5,721.1,695.7,668.1,643.2,621.2,593.1,575.8,623.2,644.2,667.9,711.8,667.6,643.6,622.0,331.8,376.8,420.7,463.1,501.6,537.1,568.0,594.2,601.6,594.0,570.4,542.3,509.9,472.9,432.2,388.5,343.3,315.1,300.4,297.2,302.1,312.1,312.8,302.4,299.6,303.3,317.2,353.8,385.8,417.8,449.8,450.3,460.2,468.7,460.5,452.3,352.7,345.1,346.1,356.8,360.5,359.5,358.1,347.2,346.6,354.2,360.4,361.3,478.5,477.4,480.4,485.0,481.2,478.6,478.8,511.0,528.1,531.3,528.1,511.8,481.5,490.6,493.7,490.5,482.9,509.6,512.9,509.6,-73.5,-72.8,-70.7,-67.4,-59.6,-47.1,-32.8,-16.3,1.9,19.3,35.0,48.8,60.4,67.7,71.0,73.2,74.6,-59.9,-50.5,-39.0,-27.4,-16.2,21.1,33.7,45.1,56.2,64.2,3.1,3.0,2.9,2.9,-15.2,-6.6,2.3,11.3,19.3,-43.5,-35.0,-25.6,-17.7,-26.5,-35.7,21.7,30.1,39.5,47.3,40.1,31.1,-34.3,-20.5,-7.5,2.0,12.7,25.6,37.8,25.8,12.9,1.4,-8.6,-21.7,-30.0,-7.7,1.9,12.8,33.4,12.7,1.6,-8.3,-13.3,8.0,28.9,49.2,67.6,84.4,98.5,109.8,113.0,109.9,99.7,86.9,71.5,53.6,34.1,13.4,-7.9,-20.7,-27.3,-28.7,-26.3,-21.7,-21.3,-26.1,-27.5,-25.9,-19.7,-2.8,11.7,26.1,40.6,41.3,45.7,49.5,45.8,42.2,-3.4,-6.8,-6.4,-1.4,0.2,-0.2,-0.9,-5.8,-6.1,-2.7,0.2,0.6,55.3,54.2,55.2,57.3,55.5,54.7,55.4,69.8,77.1,78.5,77.2,70.1,56.7,60.0,61.3,59.9,57.2,68.7,70.2,68.8,1419.7,1424.2,1429.0,1432.7,1433.1,1429.6,1420.4,1407.3,1403.2,1408.6,1421.8,1430.6,1430.7,1424.7,1416.6,1411.5,1409.8,1381.5,1374.1,1367.9,1362.4,1357.0,1354.9,1360.5,1364.8,1370.8,1378.5,1361.9,1360.0,1357.9,1356.7,1372.7,1368.9,1366.3,1367.7,1370.0,1377.9,1374.6,1374.0,1374.2,1373.5,1374.4,1372.6,1372.5,1373.2,1376.1,1373.1,1372.2,1400.9,1384.5,1376.1,1374.3,1374.4,1383.6,1398.8,1385.8,1375.6,1374.5,1376.6,1386.2,1399.6,1377.6,1375.9,1376.1,1396.2,1378.0,1377.1,1379.6,2.165,0.308,0.027,0.011,644.271,432.349,-33.94,2.891,14.062,-19.191,1.879,16.000999999999998,-15.242,8.45,-9.339,-5.083,-15.294,0.051,1.4509999999999998,2.051,6.332999999999999,5.801,1.747,-1.426,-2.925,-1.848,-0.568,1.848,-0.7390000000000001,-3.142,0.23,3.42,-0.27,-0.861,1.074,0.051,0.4629999999999999,-0.898,0.461,0.088,0.77,1.05,0.23,0.39,2.11,2.02,0.47,2.27,3.55,1.35,0.0,0.0,0.0,0.0,2.95,0.01,0.72,1.0,1.0,0.0,0.0,1.0,1.0,0.0,1.0,1.0,1.0,0.0,0.0,0.0,0.0,1.0,0.0,0.0,0.0,
122.0,4.037,0.98,0.0460519999999999,0.292094,-0.95528,-0.0835429999999999,0.272819,-0.958431,-0.02,0.287,558.8,563.9,574.7,585.0,588.7,584.3,572.8,562.5,545.4,553.3,562.9,573.4,583.7,592.8,599.6,592.8,582.5,571.4,560.7,551.4,569.1,573.4,577.9,580.0,578.5,574.2,569.7,567.5,699.1,702.4,712.1,722.6,727.6,724.3,714.6,703.5,690.0,695.7,704.2,715.2,726.3,735.2,741.5,735.8,727.3,717.5,706.6,696.7,709.7,713.9,717.8,719.1,717.0,712.8,708.9,707.6,350.0,340.4,336.9,341.6,351.8,362.4,364.9,360.2,351.8,347.8,345.4,345.3,347.8,351.9,356.4,360.9,361.2,361.0,359.6,357.0,355.6,357.6,356.1,352.1,347.8,345.9,347.3,351.4,353.1,342.6,337.6,340.9,350.6,361.1,366.2,363.8,357.0,351.9,347.9,346.0,347.3,350.2,355.2,359.0,360.9,361.5,361.3,360.5,356.7,358.0,356.0,351.7,347.8,346.5,348.5,352.8,-33.0,-31.0,-26.6,-22.4,-20.9,-22.6,-27.3,-31.5,-38.7,-35.4,-31.4,-27.1,-22.9,-19.2,-16.5,-19.2,-23.4,-27.9,-32.2,-36.1,-28.9,-27.1,-25.3,-24.4,-25.1,-26.8,-28.7,-29.5,24.9,26.3,30.4,34.8,36.9,35.5,31.4,26.7,21.1,23.5,27.0,31.6,36.3,40.1,42.9,40.4,36.7,32.6,28.0,23.9,29.3,31.1,32.8,33.3,32.5,30.7,29.0,28.5,-4.1,-8.0,-9.4,-7.5,-3.4,1.0,2.0,0.1,-3.4,-5.0,-5.9,-6.0,-5.0,-3.3,-1.5,0.4,0.5,0.4,-0.1,-1.2,-1.8,-1.0,-1.6,-3.2,-5.0,-5.8,-5.2,-3.5,-2.9,-7.3,-9.4,-8.0,-3.9,0.5,2.6,1.6,-1.2,-3.4,-5.1,-5.9,-5.3,-4.1,-2.0,-0.4,0.4,0.7,0.5,0.2,-1.4,-0.8,-1.7,-3.5,-5.1,-5.7,-4.8,-3.0,1221.4,1222.9,1223.5,1222.7,1221.0,1219.6,1218.9,1219.7,1225.8,1223.5,1221.6,1220.7,1221.1,1222.1,1223.5,1221.0,1219.0,1218.4,1219.6,1222.3,1221.4,1221.0,1221.3,1221.9,1222.6,1222.9,1222.7,1222.0,1262.8,1263.5,1263.9,1263.7,1263.0,1262.3,1262.0,1262.4,1264.9,1263.3,1261.9,1261.5,1262.6,1264.9,1267.4,1264.8,1262.5,1261.1,1261.3,1263.1,1263.4,1263.3,1263.5,1263.8,1264.0,1264.1,1264.0,1263.7,1.5,33.6,1378.8,0.283,0.024,0.013,484.0,486.0,490.7,498.1,514.2,540.0,569.5,604.3,643.3,680.4,713.1,741.6,765.7,781.7,789.4,794.7,798.0,509.5,529.4,554.0,579.3,603.7,686.0,713.7,738.6,762.4,779.2,645.9,645.7,645.6,645.6,605.9,624.7,644.2,663.9,681.4,544.4,562.8,583.3,600.5,581.4,561.2,686.7,705.0,725.7,742.6,727.1,707.4,565.6,594.6,622.8,643.3,666.7,694.6,720.3,694.8,667.1,642.2,620.3,592.2,574.9,622.3,643.2,666.9,710.9,666.5,642.6,621.1,331.9,376.7,420.4,462.7,501.2,536.8,567.9,594.3,601.8,594.1,570.4,542.3,509.9,473.0,432.3,388.7,343.5,315.0,300.6,297.5,302.4,312.4,313.1,302.7,299.8,303.6,317.5,354.1,386.1,418.0,450.0,450.6,460.5,469.0,460.9,452.7,352.9,345.3,346.3,357.1,360.8,359.8,358.5,347.5,346.8,354.5,360.8,361.7,478.6,477.6,480.7,485.3,481.5,479.0,479.1,511.3,528.3,531.4,528.3,511.9,481.7,490.9,494.0,490.9,483.1,509.8,513.0,509.7,-73.8,-73.1,-71.1,-67.8,-60.0,-47.7,-33.4,-16.8,1.5,19.0,34.7,48.4,59.9,67.3,70.5,72.7,74.2,-60.1,-50.6,-39.2,-27.6,-16.4,20.8,33.4,44.8,55.9,63.9,2.7,2.6,2.5,2.5,-15.6,-7.0,1.9,10.9,18.9,-43.9,-35.4,-25.9,-18.1,-26.8,-36.1,21.4,29.7,39.2,47.0,39.8,30.8,-34.7,-20.9,-7.9,1.5,12.2,25.1,37.4,25.3,12.4,1.0,-9.0,-22.1,-30.4,-8.1,1.5,12.3,33.0,12.2,1.2,-8.7,-13.3,7.9,28.8,49.0,67.4,84.2,98.4,109.9,113.1,109.9,99.7,86.9,71.5,53.6,34.1,13.5,-7.7,-20.7,-27.2,-28.5,-26.1,-21.5,-21.2,-26.0,-27.4,-25.8,-19.5,-2.7,11.8,26.2,40.7,41.4,45.8,49.6,46.0,42.3,-3.3,-6.8,-6.3,-1.3,0.4,-0.1,-0.7,-5.7,-6.0,-2.5,0.4,0.8,55.4,54.3,55.3,57.4,55.7,54.9,55.5,69.9,77.1,78.5,77.2,70.2,56.7,60.1,61.4,60.0,57.3,68.8,70.2,68.8,1419.1,1423.5,1428.2,1432.0,1432.4,1429.1,1420.0,1406.9,1402.8,1408.2,1421.4,1430.2,1430.3,1424.2,1416.1,1411.0,1409.3,1380.8,1373.4,1367.2,1361.6,1356.2,1354.0,1359.7,1364.0,1370.1,1377.9,1361.1,1359.2,1357.1,1355.9,1372.0,1368.3,1365.6,1367.0,1369.3,1377.4,1374.1,1373.4,1373.6,1373.0,1373.9,1371.9,1371.8,1372.5,1375.4,1372.5,1371.5,1400.3,1383.8,1375.4,1373.6,1373.6,1382.9,1398.1,1385.1,1374.8,1373.8,1375.8,1385.5,1399.0,1376.9,1375.2,1375.4,1395.5,1377.3,1376.4,1378.9,2.166,0.309,0.027,0.012,643.445,432.543,-33.178000000000004,2.643,14.039,-18.903,1.749,15.794,-15.451,8.422,-9.564,-5.075,-15.094,-0.062,1.149,1.816,6.3420000000000005,5.854,1.761,-1.08,-2.911,-1.828,-0.602,2.037,-0.684,-3.092,0.119,3.259,-0.252,-0.865,1.032,-0.059,0.512,-0.8370000000000001,0.471,0.095,0.82,1.04,0.23,0.46,2.13,2.05,0.48,2.26,3.54,1.33,0.0,0.0,0.0,0.03,2.87,0.0,0.66,1.0,1.0,0.0,0.0,1.0,1.0,0.0,1.0,1.0,1.0,0.0,0.0,0.0,0.0,1.0,0.0,0.0,0.0,
123.0,4.071000000000001,0.98,0.043001,0.2902969999999999,-0.95597,-0.07603,0.28557,-0.955337,-0.017,0.293,558.0,563.1,574.0,584.3,588.1,583.8,572.2,561.8,544.3,552.5,562.3,572.9,583.3,592.3,598.9,592.3,581.9,570.9,560.1,550.6,568.3,572.7,577.2,579.3,577.7,573.4,568.8,566.7,698.5,701.9,711.7,722.1,727.1,723.7,713.9,702.8,689.1,695.1,703.7,714.8,725.6,734.1,740.1,734.6,726.4,716.8,705.9,695.9,708.9,713.2,717.2,718.6,716.5,712.2,708.2,706.8,350.3,340.9,337.6,342.2,352.1,362.6,364.9,360.2,352.8,348.5,345.9,345.6,348.2,352.4,357.1,361.4,361.5,361.1,359.9,357.5,356.0,357.9,356.5,352.6,348.5,346.5,347.9,351.8,353.9,343.3,338.3,341.8,351.7,362.3,367.3,364.7,357.3,352.3,348.7,347.1,348.3,350.8,355.4,359.5,361.6,362.5,362.1,361.0,357.6,359.0,356.9,352.6,348.5,347.1,349.1,353.5,-33.1,-31.1,-26.7,-22.5,-21.0,-22.7,-27.3,-31.5,-38.8,-35.4,-31.4,-27.1,-22.9,-19.3,-16.6,-19.3,-23.4,-27.8,-32.2,-36.1,-29.0,-27.2,-25.4,-24.5,-25.2,-26.9,-28.8,-29.6,24.7,26.1,30.3,34.7,36.8,35.4,31.2,26.5,20.8,23.3,26.9,31.5,36.1,39.8,42.4,40.0,36.5,32.4,27.8,23.6,29.1,30.9,32.6,33.2,32.3,30.5,28.8,28.2,-3.9,-7.7,-9.1,-7.2,-3.2,1.0,2.0,0.1,-2.9,-4.7,-5.7,-5.8,-4.8,-3.1,-1.2,0.6,0.6,0.5,-0.0,-1.0,-1.6,-0.8,-1.4,-3.0,-4.7,-5.5,-4.9,-3.3,-2.6,-7.0,-9.2,-7.7,-3.5,1.0,3.1,2.0,-1.2,-3.2,-4.8,-5.5,-4.9,-3.9,-1.9,-0.2,0.7,1.0,0.9,0.4,-1.0,-0.4,-1.3,-3.1,-4.9,-5.5,-4.6,-2.7,1211.8,1213.8,1214.5,1213.7,1211.8,1209.9,1209.0,1209.9,1215.8,1213.8,1212.1,1211.4,1211.7,1212.7,1214.0,1211.3,1209.1,1208.4,1209.5,1212.2,1211.7,1211.4,1211.7,1212.5,1213.3,1213.7,1213.4,1212.5,1266.5,1266.9,1267.3,1267.5,1267.3,1266.9,1266.5,1266.6,1268.5,1266.9,1265.6,1265.3,1266.7,1269.2,1272.0,1269.5,1267.1,1265.5,1265.5,1267.0,1267.5,1267.6,1267.7,1267.9,1268.0,1267.9,1267.7,1267.6,1.2,33.9,1379.2,0.288,0.027,0.013,483.5,485.4,490.1,497.5,513.9,539.9,569.3,603.7,642.5,679.5,712.3,740.8,765.1,781.1,788.7,794.0,797.3,508.8,528.9,553.6,579.0,603.3,685.2,713.1,738.1,762.1,778.8,645.3,645.0,644.8,644.8,605.2,623.9,643.3,663.0,680.5,543.9,562.2,582.7,599.8,580.7,560.6,686.0,704.3,724.9,741.8,726.2,706.6,564.9,594.1,622.2,642.6,665.8,693.6,719.4,693.7,666.1,641.4,619.7,591.6,574.2,621.8,642.5,666.0,710.1,665.6,641.8,620.5,331.9,376.9,420.8,463.3,502.0,537.6,568.5,594.8,602.2,594.4,570.5,542.3,509.9,473.1,432.6,389.1,344.1,315.3,301.0,298.1,303.1,313.3,314.1,303.7,300.8,304.6,318.5,354.8,386.9,418.9,450.9,451.4,461.3,469.8,461.7,453.5,353.3,345.7,346.8,357.5,361.3,360.3,359.1,348.2,347.6,355.2,361.5,362.3,478.8,478.3,481.6,486.2,482.5,479.7,479.3,511.7,528.8,531.9,528.8,512.3,482.0,491.7,494.8,491.6,483.5,510.2,513.5,510.2,-74.1,-73.4,-71.4,-68.1,-60.2,-47.7,-33.5,-17.0,1.1,18.5,34.3,48.1,59.6,67.0,70.2,72.4,73.9,-60.4,-50.9,-39.4,-27.7,-16.6,20.4,33.1,44.6,55.7,63.8,2.4,2.3,2.2,2.2,-15.9,-7.3,1.5,10.5,18.5,-44.1,-35.6,-26.2,-18.4,-27.1,-36.4,21.0,29.4,38.8,46.7,39.4,30.4,-35.0,-21.2,-8.1,1.2,11.8,24.7,37.0,24.8,12.0,0.6,-9.3,-22.4,-30.7,-8.4,1.1,11.9,32.6,11.8,0.8,-8.9,-13.3,8.0,29.0,49.4,67.8,84.6,98.7,110.2,113.3,110.1,99.8,86.9,71.5,53.7,34.3,13.7,-7.4,-20.6,-27.0,-28.2,-25.8,-21.1,-20.7,-25.5,-26.9,-25.3,-19.0,-2.3,12.2,26.6,41.1,41.8,46.2,50.0,46.4,42.7,-3.1,-6.5,-6.0,-1.1,0.6,0.1,-0.4,-5.4,-5.7,-2.2,0.7,1.1,55.5,54.6,55.8,57.8,56.1,55.2,55.6,70.1,77.4,78.8,77.4,70.4,56.9,60.5,61.8,60.4,57.5,69.0,70.5,69.1,1419.4,1424.1,1429.0,1432.8,1433.1,1429.7,1420.4,1407.4,1403.5,1408.9,1422.0,1430.5,1430.4,1424.1,1416.0,1410.7,1408.9,1381.0,1373.5,1367.2,1361.6,1356.2,1353.9,1359.6,1363.9,1370.1,1378.0,1361.1,1359.3,1357.2,1356.1,1372.2,1368.5,1365.9,1367.3,1369.5,1377.5,1374.2,1373.4,1373.7,1373.1,1374.0,1372.0,1371.8,1372.5,1375.5,1372.5,1371.6,1400.9,1384.5,1376.0,1374.3,1374.3,1383.5,1398.7,1385.7,1375.5,1374.4,1376.5,1386.1,1399.6,1377.5,1375.8,1376.0,1396.1,1377.8,1377.0,1379.4,2.165,0.314,0.03,0.012,642.769,433.124,-33.672,3.627,14.111,-18.895,2.407,16.465,-15.406,7.922000000000001,-9.353,-5.158,-14.915,-0.177,1.013,1.425,6.341,5.89,1.4980000000000002,-1.492,-2.805,-1.741,-0.373,1.876,-0.638,-2.852,0.054,3.277,-0.2239999999999999,-0.894,1.082,-0.095,0.565,-0.8009999999999999,0.478,0.077,0.82,1.05,0.2,0.41,2.1,1.95,0.48,2.2,3.51,1.29,0.0,0.0,0.0,0.03,2.84,0.01,0.63,1.0,1.0,0.0,0.0,1.0,1.0,0.0,1.0,1.0,1.0,0.0,0.0,0.0,0.0,1.0,0.0,0.0,0.0,
124.0,4.104,0.98,0.045256,0.2897139999999999,-0.956043,-0.080912,0.2869489999999999,-0.954523,-0.019,0.293,557.4,562.5,573.4,583.6,587.2,582.8,571.3,561.1,544.4,552.0,561.5,571.9,582.3,591.3,597.8,591.0,580.7,569.7,559.2,550.1,567.7,571.9,576.4,578.5,577.0,572.8,568.3,566.2,697.5,700.9,710.8,721.2,726.1,722.6,712.8,701.7,688.1,693.7,702.2,713.6,725.0,733.7,739.4,733.8,725.6,715.9,704.9,694.9,707.9,712.1,716.1,717.5,715.5,711.3,707.3,705.9,351.1,341.5,338.0,342.7,352.7,363.3,365.8,361.2,353.3,349.1,346.5,346.2,348.9,353.3,358.2,362.3,362.4,362.0,360.7,358.2,356.6,358.5,357.1,353.1,348.9,347.0,348.4,352.4,355.0,344.4,339.3,342.8,352.8,363.4,368.4,365.7,358.2,353.2,349.7,348.3,349.6,351.9,356.4,360.4,362.7,363.7,363.2,361.8,358.3,359.7,357.7,353.3,349.3,347.9,350.0,354.3,-33.8,-31.7,-27.3,-23.1,-21.6,-23.4,-28.0,-32.2,-39.2,-36.0,-32.1,-27.8,-23.6,-19.9,-17.3,-20.0,-24.2,-28.7,-33.0,-36.8,-29.6,-27.8,-26.0,-25.1,-25.8,-27.5,-29.3,-30.2,24.1,25.5,29.6,34.0,36.1,34.6,30.5,25.8,20.2,22.5,26.0,30.8,35.6,39.3,41.8,39.4,35.8,31.8,27.2,23.0,28.4,30.2,31.9,32.5,31.6,29.8,28.2,27.6,-3.6,-7.6,-9.0,-7.1,-3.0,1.4,2.4,0.5,-2.7,-4.5,-5.5,-5.6,-4.5,-2.7,-0.7,0.9,1.0,0.8,0.3,-0.7,-1.4,-0.6,-1.2,-2.8,-4.5,-5.3,-4.7,-3.1,-2.1,-6.5,-8.7,-7.2,-3.0,1.4,3.5,2.4,-0.8,-2.8,-4.3,-4.9,-4.4,-3.4,-1.5,0.2,1.1,1.5,1.3,0.8,-0.7,-0.1,-1.0,-2.8,-4.5,-5.1,-4.2,-2.4,1226.6,1228.2,1228.7,1227.8,1226.1,1224.6,1224.0,1224.9,1231.0,1228.8,1226.7,1225.8,1226.0,1226.9,1228.2,1225.8,1224.0,1223.6,1224.8,1227.6,1226.5,1226.2,1226.4,1227.0,1227.7,1228.1,1227.9,1227.2,1255.7,1255.4,1255.5,1255.8,1256.2,1256.4,1256.4,1256.3,1257.9,1255.9,1254.3,1253.9,1255.4,1258.0,1261.1,1258.8,1256.6,1255.1,1255.1,1256.5,1256.8,1256.9,1256.9,1256.8,1256.7,1256.6,1256.6,1256.7,0.8,34.3,1379.2,0.293,0.025,0.015,482.6,484.6,489.3,496.7,512.9,538.5,567.6,602.0,640.9,678.1,711.0,739.8,764.1,780.2,788.0,793.3,796.7,508.0,528.2,553.1,578.5,602.9,684.1,712.1,737.3,761.4,778.2,644.7,644.4,644.2,644.2,604.3,623.1,642.6,662.4,679.9,543.1,561.4,581.9,599.0,579.9,559.7,685.1,703.3,723.9,740.9,725.2,705.6,564.1,593.4,621.6,641.7,664.7,692.4,718.3,692.5,664.9,640.4,618.9,590.8,573.3,621.1,641.6,664.9,709.0,664.4,640.9,619.9,332.6,377.5,421.5,463.8,502.2,537.5,568.3,594.9,602.7,595.1,571.3,542.9,510.5,473.7,433.3,389.9,345.1,315.7,301.6,298.8,304.0,314.4,315.5,305.0,302.0,305.7,319.6,356.0,388.2,420.4,452.5,452.5,462.5,471.2,463.0,454.7,353.9,346.4,347.6,358.5,362.2,361.0,360.1,349.2,348.7,356.3,362.6,363.4,479.6,479.2,482.6,487.3,483.6,480.9,480.4,512.9,529.9,532.9,529.7,513.2,482.8,492.7,495.9,492.8,484.5,511.3,514.4,511.1,-74.5,-73.8,-71.8,-68.4,-60.7,-48.4,-34.3,-17.8,0.4,17.9,33.7,47.6,59.2,66.6,69.8,72.1,73.6,-60.8,-51.1,-39.6,-27.9,-16.8,19.9,32.7,44.2,55.5,63.5,2.1,2.0,1.9,1.9,-16.3,-7.7,1.2,10.2,18.2,-44.5,-36.0,-26.6,-18.8,-27.5,-36.8,20.6,29.0,38.4,46.2,39.0,30.0,-35.5,-21.5,-8.5,0.8,11.3,24.2,36.5,24.3,11.4,0.2,-9.7,-22.7,-31.1,-8.7,0.7,11.4,32.1,11.2,0.4,-9.3,-13.0,8.3,29.3,49.6,67.9,84.6,98.7,110.2,113.5,110.4,100.2,87.2,71.8,54.0,34.6,14.1,-7.0,-20.4,-26.7,-27.9,-25.4,-20.6,-20.1,-24.9,-26.4,-24.8,-18.6,-1.8,12.8,27.3,41.8,42.3,46.8,50.6,47.0,43.2,-2.8,-6.2,-5.7,-0.7,1.0,0.5,0.1,-4.9,-5.2,-1.7,1.2,1.6,55.9,55.0,56.3,58.3,56.6,55.7,56.2,70.6,77.9,79.2,77.9,70.8,57.3,61.0,62.3,60.9,58.0,69.5,70.9,69.5,1419.1,1423.8,1428.8,1432.7,1433.2,1429.9,1420.9,1407.9,1403.7,1408.9,1422.0,1430.6,1430.6,1424.2,1416.0,1410.8,1408.8,1380.4,1373.0,1366.6,1361.1,1355.6,1353.5,1359.3,1363.6,1369.9,1377.9,1360.9,1359.3,1357.4,1356.4,1372.3,1368.6,1366.0,1367.3,1369.6,1377.2,1373.9,1373.1,1373.4,1372.8,1373.7,1371.8,1371.7,1372.3,1375.3,1372.4,1371.4,1401.0,1384.7,1376.1,1374.4,1374.3,1383.6,1398.9,1385.8,1375.6,1374.6,1376.6,1386.3,1399.7,1377.7,1376.0,1376.2,1396.3,1377.9,1377.0,1379.5,2.165,0.319,0.0289999999999999,0.0139999999999999,641.879,434.032,-33.684,3.447,13.804,-18.853,2.647,16.554000000000002,-15.403,7.95,-9.46,-4.665,-14.759,0.287,0.65,1.6840000000000002,6.721,5.954,2.052,-2.091,-2.69,-1.467,-0.413,1.987,-0.352,-2.805,-0.205,3.454,-0.467,-0.8190000000000001,1.04,-0.016,0.541,-0.915,0.421,0.109,0.89,1.06,0.19,0.47,2.11,1.83,0.45,2.2,3.52,1.2,0.0,0.0,0.01,0.03,2.8,0.04,0.65,1.0,1.0,0.0,0.0,1.0,1.0,0.0,1.0,1.0,1.0,0.0,0.0,0.0,0.0,1.0,0.0,0.0,0.0,
125.0,4.137,0.98,0.049948,0.2836599999999999,-0.957623,-0.081074,0.289403,-0.953768,-0.016,0.291,557.1,562.1,572.9,583.2,586.9,582.5,571.0,560.7,543.4,551.4,561.1,571.5,581.9,590.7,597.2,590.5,580.4,569.5,559.0,549.6,567.4,571.5,575.9,578.0,576.5,572.3,567.9,565.9,697.1,700.4,710.2,720.7,725.7,722.4,712.6,701.4,687.5,693.3,702.0,713.6,724.8,733.2,738.7,733.3,725.3,715.8,704.7,694.5,707.5,711.7,715.7,717.0,715.0,710.8,706.8,705.4,351.9,342.5,339.2,343.9,353.8,364.3,366.5,361.8,354.6,350.4,348.0,347.6,350.2,354.6,359.5,363.5,363.5,363.1,361.7,359.3,357.5,359.4,358.0,354.2,350.2,348.3,349.6,353.4,356.7,346.0,340.8,344.2,354.2,364.9,370.1,367.5,359.6,354.7,351.4,350.0,351.3,353.6,358.1,361.9,364.1,365.1,364.6,363.2,360.0,361.4,359.2,354.9,350.9,349.5,351.6,356.0,-33.8,-31.8,-27.4,-23.2,-21.6,-23.4,-28.0,-32.2,-39.5,-36.1,-32.2,-27.9,-23.7,-20.1,-17.4,-20.2,-24.2,-28.6,-32.9,-36.8,-29.6,-27.9,-26.1,-25.3,-25.9,-27.6,-29.4,-30.2,23.8,25.2,29.3,33.7,35.8,34.4,30.3,25.7,19.8,22.3,25.9,30.7,35.4,39.0,41.4,39.1,35.6,31.6,27.0,22.8,28.2,30.0,31.6,32.2,31.3,29.6,27.9,27.4,-3.3,-7.1,-8.5,-6.6,-2.5,1.7,2.7,0.7,-2.2,-3.9,-4.9,-5.0,-4.0,-2.2,-0.2,1.4,1.4,1.2,0.7,-0.3,-1.0,-0.3,-0.8,-2.4,-4.0,-4.8,-4.2,-2.7,-1.4,-5.9,-8.0,-6.6,-2.4,2.1,4.2,3.1,-0.2,-2.2,-3.6,-4.2,-3.6,-2.7,-0.8,0.8,1.7,2.1,1.9,1.3,0.0,0.6,-0.3,-2.1,-3.8,-4.4,-3.5,-1.7,1222.3,1224.2,1225.0,1224.1,1222.2,1220.4,1219.5,1220.3,1226.0,1223.9,1222.2,1221.4,1221.8,1222.8,1224.1,1221.5,1219.3,1218.7,1219.8,1222.5,1222.2,1221.9,1222.2,1223.0,1223.8,1224.1,1223.8,1223.0,1252.7,1252.6,1252.9,1253.3,1253.7,1253.7,1253.5,1253.3,1254.6,1252.8,1251.4,1251.2,1252.9,1255.6,1258.7,1256.3,1253.9,1252.2,1252.0,1253.3,1254.0,1254.1,1254.2,1254.2,1254.1,1253.9,1253.8,1253.8,0.5,34.8,1379.0,0.292,0.027,0.015,482.2,484.1,488.6,496.0,512.2,538.0,567.2,601.4,640.3,677.7,710.7,739.4,763.5,779.4,787.1,792.5,795.9,507.7,527.9,552.7,578.0,602.4,684.1,712.0,737.1,761.0,777.6,644.3,643.9,643.6,643.5,603.5,622.3,641.8,661.6,679.1,542.6,560.9,581.4,598.5,579.3,559.3,684.7,703.1,723.6,740.5,724.8,705.2,563.3,592.5,620.7,640.8,663.8,691.4,717.3,691.4,663.8,639.3,617.8,589.8,572.4,620.2,640.7,663.9,707.9,663.5,640.0,618.9,333.5,378.4,422.3,464.8,503.3,538.6,569.5,595.9,603.5,595.6,571.4,542.9,510.5,473.9,434.0,391.1,346.7,316.6,302.6,299.8,305.1,315.6,316.9,306.6,303.6,307.3,321.0,357.3,389.4,421.4,453.5,453.4,463.5,472.2,464.1,455.8,355.0,347.8,349.0,359.6,363.2,362.1,361.5,350.9,350.5,357.9,364.1,364.9,480.6,480.3,483.8,488.6,484.9,482.2,481.7,514.1,531.0,534.1,530.9,514.3,483.8,493.9,497.1,494.1,485.8,512.3,515.5,512.2,-74.7,-74.0,-72.1,-68.8,-61.0,-48.6,-34.5,-18.1,0.2,17.7,33.5,47.4,58.9,66.2,69.4,71.7,73.2,-60.9,-51.3,-39.8,-28.1,-17.0,19.9,32.6,44.1,55.3,63.2,2.0,1.8,1.6,1.6,-16.7,-8.1,0.8,9.8,17.9,-44.7,-36.2,-26.8,-19.0,-27.8,-36.9,20.4,28.9,38.2,46.1,38.8,29.8,-35.8,-21.9,-8.9,0.4,10.9,23.7,36.0,23.7,10.9,-0.3,-10.2,-23.2,-31.5,-9.1,0.3,11.0,31.6,10.8,-0.0,-9.7,-12.6,8.7,29.7,50.0,68.5,85.2,99.2,110.7,113.9,110.7,100.2,87.2,71.8,54.1,34.9,14.6,-6.2,-20.0,-26.3,-27.4,-24.9,-20.0,-19.5,-24.2,-25.6,-24.1,-17.9,-1.2,13.3,27.8,42.3,42.7,47.2,51.1,47.4,43.7,-2.3,-5.6,-5.0,-0.2,1.5,1.0,0.7,-4.1,-4.4,-1.0,1.9,2.2,56.3,55.5,56.8,58.9,57.2,56.3,56.7,71.2,78.4,79.7,78.4,71.3,57.7,61.5,62.9,61.5,58.5,70.0,71.4,70.0,1419.4,1424.2,1429.3,1433.1,1433.6,1430.2,1421.0,1407.9,1403.8,1409.1,1422.2,1430.6,1430.4,1424.0,1415.8,1410.7,1409.0,1380.5,1373.0,1366.6,1361.0,1355.5,1353.4,1359.3,1363.8,1370.1,1378.1,1360.8,1359.0,1356.9,1355.8,1371.9,1368.2,1365.6,1367.0,1369.3,1377.2,1373.8,1373.1,1373.4,1372.7,1373.6,1371.9,1371.8,1372.5,1375.5,1372.4,1371.5,1400.7,1384.3,1375.7,1374.0,1374.0,1383.4,1398.7,1385.6,1375.4,1374.3,1376.4,1386.0,1399.4,1377.4,1375.7,1376.0,1396.1,1377.7,1376.7,1379.2,2.165,0.319,0.031,0.015,641.2280000000001,435.136,-32.196,4.852,13.94,-18.544,2.608,15.822,-15.89,7.462999999999999,-9.713,-4.58,-14.23,0.253,1.034,1.279,6.601,5.733,1.767,-1.822,-2.881,-1.715,-0.262,1.874,-0.38,-2.968,-0.17,3.536,-0.3929999999999999,-0.78,1.003,0.018,0.5539999999999999,-0.825,0.41,0.078,0.9,1.12,0.29,0.42,2.14,1.92,0.48,2.21,3.47,1.28,0.0,0.0,0.04,0.0,2.84,0.04,1.15,1.0,1.0,0.0,0.0,1.0,1.0,0.0,1.0,1.0,1.0,0.0,0.0,0.0,0.0,1.0,0.0,0.0,0.0,
126.0,4.171,0.98,0.08045,0.389634,-0.917449,-0.192224,0.345951,-0.918351,-0.061,0.381,553.8,560.3,573.0,584.5,588.1,582.4,568.9,557.4,541.3,549.9,558.9,569.0,579.9,589.9,598.1,589.1,577.9,566.5,556.2,547.9,563.7,570.0,576.9,580.5,578.6,572.3,565.3,561.8,693.2,696.5,707.4,719.6,725.9,722.6,711.7,698.6,685.7,695.5,706.6,716.6,724.8,732.1,738.6,734.5,727.5,718.2,707.0,695.1,704.4,710.1,715.1,716.6,713.7,708.1,703.0,701.5,358.9,349.3,345.8,350.4,360.5,371.3,373.6,368.9,360.4,357.2,355.4,355.1,356.2,358.9,362.8,365.8,365.6,365.3,364.5,363.2,366.3,368.8,366.9,361.7,356.2,353.6,355.5,360.7,361.5,351.2,347.0,351.5,362.0,372.3,376.5,373.1,361.9,360.1,358.7,358.8,359.4,361.4,364.0,368.1,369.6,369.9,369.0,367.4,367.7,369.8,367.9,363.1,358.3,356.2,358.1,362.9,-32.5,-30.1,-25.3,-20.9,-19.6,-21.6,-26.7,-31.1,-37.3,-34.0,-30.5,-26.7,-22.6,-18.8,-15.8,-19.1,-23.3,-27.6,-31.5,-34.7,-28.7,-26.4,-23.7,-22.4,-23.2,-25.6,-28.2,-29.5,20.3,21.6,25.8,30.5,32.8,31.5,27.3,22.3,17.4,21.2,25.4,29.2,32.4,35.3,37.9,36.2,33.4,29.7,25.5,21.0,24.6,26.7,28.7,29.3,28.2,26.0,24.1,23.5,-0.4,-4.1,-5.4,-3.6,0.2,4.2,5.1,3.4,0.1,-1.1,-1.7,-1.8,-1.4,-0.4,1.0,2.2,2.1,2.0,1.7,1.2,2.4,3.3,2.6,0.6,-1.4,-2.4,-1.7,0.3,0.6,-3.4,-5.0,-3.3,0.8,4.7,6.3,5.0,0.7,0.0,-0.5,-0.5,-0.2,0.5,1.5,3.1,3.7,3.8,3.4,2.8,2.9,3.7,3.0,1.2,-0.7,-1.4,-0.7,1.1,1131.1,1133.7,1134.2,1132.5,1129.4,1126.9,1126.3,1128.1,1134.5,1132.0,1130.1,1129.0,1128.7,1129.2,1130.0,1127.3,1125.7,1125.6,1127.5,1130.6,1129.8,1128.8,1129.1,1130.5,1132.2,1133.1,1132.8,1131.4,1143.5,1146.2,1148.3,1148.5,1146.7,1143.9,1141.8,1141.6,1143.4,1142.9,1143.1,1144.2,1146.2,1149.1,1152.6,1148.1,1144.2,1141.5,1140.8,1141.5,1144.2,1144.3,1145.3,1146.5,1147.4,1147.3,1146.3,1145.0,0.3,35.6,1373.2,0.2769999999999999,0.02,0.019,482.3,483.7,487.7,495.2,511.8,537.8,566.9,600.0,639.1,677.1,710.5,739.2,763.2,778.7,786.0,791.7,795.6,507.6,527.3,552.0,577.6,602.5,684.3,711.9,736.7,760.4,777.5,643.9,643.4,642.9,642.6,602.2,621.3,641.3,661.3,679.0,540.6,559.3,578.9,597.0,577.4,558.4,685.3,705.2,724.9,742.2,725.5,706.4,562.7,591.9,620.0,640.1,663.1,690.7,716.5,690.3,663.0,638.5,617.1,589.2,571.7,619.5,639.9,663.2,707.1,662.8,639.2,618.2,334.6,379.6,423.3,465.7,504.3,539.6,570.6,597.1,604.8,596.7,572.5,544.1,511.7,474.9,434.9,392.1,348.1,318.5,304.2,301.2,306.5,317.1,318.4,308.8,305.8,309.1,322.3,359.8,391.6,423.3,455.2,454.6,464.8,473.7,465.4,457.0,359.4,354.9,355.4,362.8,366.4,365.9,365.3,358.2,358.4,363.4,368.7,368.9,481.2,481.7,485.4,490.1,486.3,484.0,483.0,515.4,532.4,535.7,532.7,516.1,484.7,495.4,498.6,495.6,487.0,513.2,516.6,513.4,-74.4,-73.9,-72.3,-69.0,-61.1,-48.6,-34.5,-18.7,-0.4,17.4,33.4,47.2,58.6,65.7,68.8,71.2,73.0,-60.8,-51.5,-40.0,-28.2,-16.9,19.9,32.5,43.8,54.8,63.0,1.8,1.5,1.3,1.2,-17.2,-8.5,0.6,9.7,17.7,-45.5,-36.9,-27.9,-19.6,-28.5,-37.2,20.7,29.8,38.8,46.7,39.0,30.3,-35.9,-22.1,-9.1,0.1,10.5,23.2,35.5,23.1,10.5,-0.7,-10.4,-23.3,-31.7,-9.4,-0.0,10.6,31.1,10.4,-0.4,-10.0,-12.0,9.3,30.0,50.3,68.7,85.4,99.4,110.9,114.3,111.0,100.6,87.7,72.2,54.4,35.3,15.1,-5.6,-19.1,-25.5,-26.7,-24.2,-19.3,-18.7,-23.1,-24.6,-23.2,-17.3,-0.1,14.3,28.5,42.8,43.0,47.5,51.5,47.8,44.1,-0.3,-2.3,-2.1,1.3,2.9,2.7,2.4,-0.8,-0.7,1.5,4.0,4.1,56.3,55.9,57.2,59.3,57.6,56.9,57.1,71.4,78.6,80.1,78.8,71.7,57.9,61.8,63.2,61.9,58.8,70.0,71.5,70.2,1415.0,1419.2,1424.5,1428.5,1429.2,1425.6,1415.5,1402.7,1400.3,1406.9,1420.8,1429.1,1428.3,1421.1,1412.7,1408.5,1407.8,1378.0,1370.4,1363.3,1357.1,1350.3,1348.1,1354.7,1359.9,1366.5,1374.4,1356.0,1353.3,1350.3,1348.2,1364.9,1361.4,1358.8,1360.4,1363.0,1374.1,1370.7,1369.9,1369.2,1368.9,1369.7,1367.8,1368.7,1369.5,1372.1,1368.8,1367.8,1393.2,1376.8,1368.2,1366.7,1367.1,1376.4,1392.2,1378.6,1368.5,1367.1,1368.7,1378.3,1391.7,1370.0,1368.6,1369.2,1389.5,1370.8,1369.6,1371.8,2.173,0.306,0.023,0.018,640.7080000000001,437.17800000000005,-20.046,3.918,15.282,-15.912,0.187,11.811,-18.358,7.794,-13.478,-8.129,-14.492,-1.935,2.476,-0.319,4.327,2.356,-1.94,-1.315,-6.085,-2.84,1.742,2.948,1.537,-3.412,-0.725,3.78,-0.64,-0.797,0.8540000000000001,-0.184,0.687,-0.346,0.204,0.17,1.07,1.33,0.27,0.39,2.12,1.55,0.42,2.32,3.49,1.5,0.0,0.0,0.1,0.0,2.93,0.07,2.22,1.0,1.0,0.0,0.0,1.0,1.0,0.0,1.0,1.0,1.0,0.0,0.0,0.0,0.0,1.0,0.0,0.0,1.0,
127.0,4.204,0.98,0.098145,0.526057,-0.844767,-0.097034,0.562321,-0.821207,0.001,0.579,557.4,561.8,572.2,582.4,586.4,582.7,571.6,561.4,544.1,550.7,559.0,569.1,579.6,588.6,595.5,589.1,579.6,568.9,559.1,550.7,566.9,571.8,576.8,578.9,576.9,572.1,567.1,565.0,696.7,699.9,709.8,720.7,726.2,723.0,713.1,701.3,686.6,695.0,704.9,715.2,724.2,731.3,737.4,733.3,726.6,717.7,706.1,694.8,707.3,711.6,715.5,716.7,714.6,710.3,706.5,705.2,368.6,359.4,355.9,360.1,369.5,379.0,382.2,378.0,365.4,365.3,365.6,365.3,365.0,364.9,365.4,370.6,373.6,374.9,373.6,370.4,372.5,374.5,372.8,368.4,363.9,361.9,363.6,368.0,373.4,363.0,358.7,362.9,373.2,383.5,387.9,384.6,369.8,370.0,370.0,370.1,370.3,370.7,372.0,372.1,371.5,371.0,371.0,371.8,378.2,379.8,378.1,374.1,370.0,368.4,370.1,374.1,-36.1,-34.1,-29.6,-25.1,-23.4,-25.1,-30.0,-34.4,-42.1,-39.1,-35.4,-30.9,-26.3,-22.5,-19.5,-22.2,-26.4,-31.0,-35.4,-39.1,-32.0,-29.9,-27.7,-26.7,-27.6,-29.7,-31.9,-32.8,25.0,26.4,30.8,35.7,38.1,36.6,32.1,27.0,20.5,24.2,28.6,33.1,37.2,40.4,43.2,41.2,38.2,34.2,29.1,24.1,29.7,31.5,33.3,33.9,32.9,31.1,29.3,28.7,3.7,-0.3,-1.8,0.0,4.2,8.3,9.7,7.9,2.4,2.3,2.4,2.3,2.2,2.2,2.4,4.6,6.0,6.5,5.9,4.5,5.5,6.3,5.6,3.7,1.7,0.8,1.6,3.5,5.9,1.3,-0.6,1.3,5.8,10.4,12.3,10.8,4.3,4.4,4.4,4.4,4.6,4.7,5.3,5.3,5.1,4.8,4.9,5.2,8.0,8.7,8.0,6.2,4.4,3.7,4.5,6.2,1311.4,1309.4,1308.6,1309.4,1311.4,1313.9,1314.3,1313.5,1315.9,1312.7,1310.2,1308.8,1309.1,1310.7,1312.9,1311.8,1310.6,1310.6,1311.9,1313.8,1313.2,1313.6,1313.2,1312.2,1311.3,1310.9,1311.3,1312.3,1320.8,1323.1,1325.0,1325.5,1324.3,1322.1,1320.1,1319.7,1321.8,1320.9,1320.7,1321.7,1323.7,1326.7,1330.2,1326.4,1322.8,1320.1,1319.1,1319.9,1322.3,1322.4,1323.2,1324.0,1324.5,1324.3,1323.6,1322.7,0.1,37.2,1391.9,0.284,0.022,0.02,482.0,483.7,487.2,494.6,511.3,537.7,565.9,598.2,637.2,675.7,710.1,739.2,763.1,778.2,784.7,790.8,796.1,508.5,527.4,551.7,577.4,602.6,684.5,711.8,735.7,758.9,776.7,643.8,643.2,642.7,642.3,602.0,621.1,641.1,661.2,678.9,542.0,560.7,578.6,596.4,577.5,560.5,685.6,705.3,723.5,740.7,723.4,705.7,562.2,591.7,619.7,639.8,662.6,689.7,715.5,689.0,661.9,637.6,616.3,588.6,571.1,619.0,639.5,662.5,706.4,661.8,638.5,617.5,336.0,381.3,424.6,466.8,505.4,540.8,571.8,598.2,605.7,597.3,573.1,544.8,512.5,475.7,435.9,393.1,349.2,320.8,306.1,302.7,308.0,318.8,320.2,310.9,308.2,310.8,322.7,364.0,395.0,425.9,457.0,455.6,465.9,475.2,466.7,458.3,366.4,365.1,364.8,367.5,371.7,371.7,370.1,367.9,368.6,370.4,374.6,374.3,482.1,483.1,487.5,492.1,488.4,485.9,484.0,516.8,533.7,537.3,534.4,517.9,485.9,497.3,500.5,497.5,488.4,514.2,517.7,514.8,-75.4,-74.8,-73.5,-70.2,-62.1,-49.2,-35.4,-19.7,-1.3,17.0,33.7,47.9,59.4,66.2,68.9,71.6,74.1,-61.2,-52.1,-40.7,-28.7,-17.0,20.2,32.8,43.9,54.8,63.4,1.8,1.5,1.2,1.0,-17.5,-8.7,0.5,9.7,17.9,-45.5,-36.7,-28.4,-20.2,-28.9,-36.8,21.0,30.2,38.6,46.7,38.5,30.4,-36.6,-22.5,-9.4,-0.1,10.5,23.1,35.5,22.8,10.1,-1.1,-11.0,-23.9,-32.4,-9.7,-0.2,10.4,31.1,10.1,-0.7,-10.4,-11.5,10.2,31.1,51.5,70.1,86.9,101.0,112.7,116.2,112.8,102.3,89.2,73.5,55.5,36.1,15.7,-5.1,-18.2,-25.0,-26.4,-23.8,-18.8,-18.1,-22.5,-23.8,-22.7,-17.3,1.8,16.0,30.1,44.3,44.1,48.8,53.0,49.1,45.3,3.0,2.3,2.2,3.5,5.4,5.4,4.7,3.7,4.0,4.8,6.7,6.6,57.4,57.3,59.0,61.0,59.4,58.6,58.3,73.0,80.3,81.9,80.6,73.5,59.2,63.6,65.0,63.7,60.3,71.4,73.0,71.7,1431.7,1436.2,1442.5,1447.1,1447.2,1442.8,1431.2,1418.9,1418.8,1426.5,1441.0,1448.8,1446.7,1438.1,1428.5,1424.2,1424.0,1396.8,1389.1,1381.7,1375.4,1367.6,1365.0,1372.1,1377.2,1383.4,1390.7,1374.7,1372.8,1370.5,1369.2,1384.1,1381.2,1378.8,1380.4,1382.9,1392.2,1389.5,1388.9,1387.6,1387.2,1387.7,1385.9,1387.5,1388.0,1389.9,1387.1,1386.2,1411.1,1396.0,1388.0,1386.4,1386.9,1395.4,1410.7,1396.9,1387.1,1385.3,1386.9,1396.4,1409.8,1389.5,1388.3,1388.7,1408.0,1389.4,1387.9,1390.1,2.145,0.314,0.025,0.019,640.261,439.67,-24.426,3.4,11.443,-20.933000000000003,-0.437,10.834,-21.193,6.691,-16.820999999999998,-9.028,-18.954,-5.66,1.86,-0.43,2.533,1.523,-4.523,-3.155,-10.063,-4.32,4.029,2.141,3.594,-4.498,-2.126,5.832999999999999,-0.122,-0.923,0.847,-0.03,0.6779999999999999,-0.425,0.428,0.081,1.15,1.44,0.34,0.4,2.15,1.59,0.47,2.33,3.52,1.65,0.0,0.0,0.16,0.0,3.02,0.09,3.03,1.0,1.0,0.0,0.0,1.0,1.0,0.0,1.0,1.0,1.0,0.0,0.0,0.0,0.0,1.0,0.0,0.0,1.0,
128.0,4.238,0.98,0.058845,0.4765859999999999,-0.8771559999999999,-0.03547,0.478679,-0.877273,0.013,0.499,554.7,559.1,569.8,580.5,585.0,581.4,569.9,559.2,541.9,548.1,556.8,567.5,578.8,588.3,595.5,588.8,579.1,568.0,557.5,548.6,565.1,570.0,574.9,576.9,574.8,569.9,565.0,563.0,698.1,701.5,711.7,722.8,728.2,724.7,714.5,702.7,686.8,695.4,705.5,715.1,723.8,731.5,738.9,733.4,725.6,716.1,705.1,694.1,708.6,713.3,717.8,719.2,716.9,712.1,707.7,706.3,367.4,358.3,354.7,358.9,368.2,377.7,380.9,376.8,364.7,364.4,364.7,364.3,364.1,364.5,365.7,369.9,372.7,374.0,372.7,369.5,370.9,372.8,371.2,367.0,362.6,360.8,362.4,366.6,372.3,361.7,357.1,361.1,371.4,381.9,386.6,383.5,368.4,368.3,368.2,368.7,369.0,369.5,370.7,375.1,377.1,377.5,376.3,374.4,377.2,378.9,376.9,372.4,368.0,366.2,368.2,372.8,-35.5,-33.6,-29.2,-24.7,-22.9,-24.4,-29.2,-33.7,-41.0,-38.3,-34.6,-30.1,-25.4,-21.5,-18.5,-21.3,-25.4,-30.0,-34.4,-38.1,-31.2,-29.2,-27.1,-26.3,-27.1,-29.2,-31.2,-32.1,24.9,26.4,30.9,35.6,37.9,36.4,32.0,26.9,20.1,23.8,28.1,32.2,36.0,39.4,42.7,40.2,36.7,32.6,27.9,23.2,29.5,31.5,33.4,34.1,33.1,31.0,29.1,28.5,3.1,-0.7,-2.2,-0.5,3.4,7.4,8.7,7.0,2.0,1.8,1.9,1.8,1.7,1.9,2.4,4.1,5.3,5.8,5.3,4.0,4.6,5.3,4.7,2.9,1.1,0.3,1.0,2.8,5.3,0.7,-1.2,0.5,4.9,9.4,11.4,10.1,3.6,3.6,3.5,3.7,3.9,4.1,4.6,6.5,7.3,7.5,7.0,6.2,7.4,8.1,7.3,5.3,3.4,2.7,3.5,5.5,1249.2,1246.7,1245.6,1246.3,1248.6,1251.4,1252.2,1251.4,1253.9,1250.5,1247.7,1246.1,1246.4,1248.2,1250.7,1249.6,1248.5,1248.5,1249.8,1251.9,1250.8,1251.1,1250.6,1249.5,1248.5,1248.1,1248.6,1249.8,1287.5,1289.4,1290.9,1291.3,1290.2,1288.3,1286.7,1286.5,1289.2,1287.8,1287.1,1287.5,1288.9,1291.2,1294.4,1290.7,1287.4,1285.3,1285.2,1286.8,1288.6,1288.8,1289.4,1290.2,1290.7,1290.6,1289.9,1289.1,-0.2,37.5,1386.0,0.29,0.025,0.02,481.6,483.3,487.1,494.8,511.6,537.7,565.7,597.8,636.7,675.3,709.6,738.6,762.3,777.4,784.3,790.5,795.7,507.4,527.1,551.6,577.1,602.0,684.0,711.4,735.4,758.7,776.6,643.4,642.7,642.0,641.6,601.3,620.3,640.3,660.4,678.1,540.4,559.3,577.9,595.9,576.6,558.7,685.0,705.0,724.0,741.2,724.0,705.7,561.8,591.1,619.0,639.0,661.9,689.2,715.0,688.4,661.0,636.7,615.5,587.9,570.6,618.3,638.7,661.8,705.7,661.2,637.8,616.9,336.3,381.7,425.3,467.7,506.2,541.5,572.5,599.1,606.7,598.6,574.1,545.4,512.9,476.2,436.6,394.2,350.5,321.3,306.9,303.9,309.3,320.2,322.0,312.7,309.9,312.4,324.4,364.7,395.8,426.8,458.1,457.2,467.5,476.7,468.3,459.9,365.8,363.5,363.7,368.3,372.3,372.0,371.2,367.3,367.9,370.9,375.7,375.5,483.2,484.2,488.5,493.2,489.6,487.2,485.7,518.2,535.1,538.5,535.5,518.8,487.0,498.4,501.7,498.8,489.8,515.7,519.2,516.1,-75.3,-74.7,-73.2,-69.8,-61.7,-49.0,-35.4,-19.9,-1.5,16.7,33.3,47.4,58.7,65.6,68.4,71.2,73.6,-61.4,-52.0,-40.5,-28.7,-17.2,19.9,32.5,43.6,54.5,63.0,1.6,1.2,0.9,0.7,-17.8,-9.0,0.1,9.3,17.5,-46.0,-37.2,-28.6,-20.3,-29.2,-37.5,20.7,29.9,38.7,46.7,38.7,30.2,-36.7,-22.7,-9.7,-0.5,10.1,22.8,35.1,22.4,9.7,-1.5,-11.3,-24.1,-32.5,-10.0,-0.6,10.0,30.7,9.8,-1.0,-10.7,-11.3,10.4,31.3,51.7,70.3,87.0,101.1,112.8,116.3,113.0,102.4,89.1,73.4,55.5,36.3,16.2,-4.5,-17.9,-24.5,-25.7,-23.1,-18.1,-17.2,-21.5,-22.9,-21.9,-16.4,2.1,16.3,30.4,44.5,44.6,49.3,53.4,49.6,45.8,2.7,1.6,1.7,3.8,5.7,5.5,5.1,3.4,3.6,5.0,7.2,7.1,57.7,57.5,59.2,61.3,59.6,58.9,58.8,73.4,80.6,82.1,80.8,73.6,59.4,63.8,65.3,64.0,60.7,71.8,73.3,72.0,1426.8,1431.1,1437.0,1441.3,1441.7,1437.9,1427.4,1415.2,1414.1,1421.1,1435.0,1442.5,1440.2,1431.7,1422.7,1418.9,1418.8,1390.2,1382.5,1375.1,1368.7,1361.3,1358.8,1365.8,1371.0,1377.4,1384.9,1368.3,1366.3,1363.8,1362.3,1378.1,1374.9,1372.5,1373.9,1376.4,1386.5,1383.3,1382.7,1381.5,1381.3,1381.9,1380.0,1381.3,1381.9,1384.2,1381.2,1380.2,1405.6,1390.0,1381.7,1380.2,1380.6,1389.3,1404.7,1391.1,1381.3,1379.7,1381.3,1390.7,1404.2,1383.3,1382.1,1382.5,1402.1,1383.6,1382.2,1384.4,2.154,0.319,0.0279999999999999,0.02,639.743,440.624,-22.724,4.422,12.834,-18.95,0.614,10.092,-20.822,6.577000000000001,-16.584,-9.21,-17.436,-3.658,1.046,-0.163,3.077,0.731,-3.576,-2.363,-8.721,-4.057,3.302,2.768,2.897,-4.396,-1.639,4.665,-0.466,-0.705,0.669,-0.157,0.33,-0.5539999999999999,0.055,0.16,1.17,1.43,0.31,0.37,2.19,1.57,0.5,2.39,3.56,1.65,0.0,0.0,0.15,0.0,3.05,0.16,3.14,1.0,1.0,0.0,0.0,1.0,1.0,0.0,1.0,1.0,1.0,0.0,0.0,0.0,0.0,1.0,0.0,0.0,1.0,
129.0,4.271,0.98,0.021213,0.4327729999999999,-0.901253,-0.1965309999999999,0.4141399999999999,-0.888742,-0.098,0.442,552.5,557.7,568.6,578.8,582.5,578.1,566.4,556.2,540.2,548.0,556.9,566.6,576.7,586.3,594.1,587.0,576.7,565.7,555.4,546.5,562.7,567.2,572.0,574.2,572.6,568.1,563.3,561.1,694.0,698.5,709.1,719.5,723.7,719.2,708.6,697.4,686.8,693.3,702.2,714.4,726.2,734.4,739.8,733.7,725.7,716.1,704.6,694.1,704.0,708.7,713.5,715.6,713.7,708.9,704.1,702.1,363.4,353.2,349.4,354.3,364.9,376.0,378.8,374.0,362.9,360.9,359.7,359.6,360.8,362.9,364.9,368.8,369.3,369.3,368.6,366.7,369.0,371.2,369.5,365.0,360.4,358.3,359.9,364.4,367.9,358.4,354.4,358.4,368.0,377.6,381.5,377.9,366.9,365.3,364.8,364.9,365.5,365.8,366.9,371.7,374.6,376.1,375.1,371.9,371.5,373.3,371.5,367.1,362.7,360.9,362.7,367.1,-37.2,-35.0,-30.4,-26.0,-24.4,-26.3,-31.2,-35.6,-42.6,-39.1,-35.3,-31.2,-26.9,-22.8,-19.5,-22.5,-26.8,-31.5,-35.9,-39.8,-32.8,-30.9,-28.9,-28.0,-28.6,-30.6,-32.6,-33.5,21.9,23.7,28.0,32.2,33.9,32.2,27.9,23.3,19.0,21.6,25.2,30.1,35.0,38.4,40.7,38.1,34.8,30.9,26.2,22.0,26.0,27.9,29.9,30.7,29.9,28.0,26.0,25.2,1.4,-2.9,-4.5,-2.4,2.1,6.8,8.0,5.9,1.2,0.4,-0.1,-0.2,0.3,1.2,2.1,3.7,3.9,3.9,3.6,2.8,3.8,4.7,4.0,2.1,0.2,-0.7,-0.0,1.9,3.2,-0.7,-2.3,-0.6,3.2,7.1,8.7,7.3,2.8,2.1,2.0,2.0,2.2,2.3,2.8,4.7,5.9,6.5,6.1,4.8,4.7,5.4,4.7,2.9,1.1,0.4,1.1,2.9,1274.6,1275.5,1275.6,1274.7,1273.5,1272.7,1272.4,1273.3,1279.2,1276.2,1273.9,1272.7,1272.9,1274.1,1275.9,1273.5,1271.7,1271.5,1272.9,1275.7,1274.6,1274.2,1274.2,1274.6,1275.2,1275.6,1275.5,1275.1,1216.9,1215.0,1214.2,1215.0,1217.0,1218.9,1219.7,1219.3,1217.9,1215.8,1214.3,1214.2,1216.4,1219.3,1223.1,1220.8,1218.7,1216.9,1216.3,1217.1,1218.6,1219.0,1218.6,1217.8,1216.9,1216.5,1216.8,1217.7,-0.4,37.2,1379.2,0.298,0.03,0.019,481.5,483.1,487.1,494.7,511.5,537.4,565.5,597.6,636.3,674.6,708.6,737.8,761.9,777.3,784.4,790.4,794.8,506.3,526.5,551.3,576.8,601.5,683.0,710.6,735.1,758.6,776.1,642.7,642.0,641.3,640.9,600.7,619.7,639.6,659.7,677.4,538.7,557.5,576.8,594.8,575.2,556.6,684.7,704.5,724.1,741.3,724.4,705.5,561.3,590.5,618.5,638.4,661.3,688.9,714.8,688.4,660.7,636.4,615.1,587.5,570.3,617.9,638.2,661.2,705.4,660.8,637.4,616.5,336.2,381.6,425.4,467.7,506.4,541.8,572.8,599.5,607.3,599.2,574.4,545.6,513.1,476.5,436.9,394.3,350.9,320.8,306.8,304.3,310.1,321.1,323.0,313.4,310.3,313.0,325.4,363.8,395.5,427.1,458.8,457.8,468.0,477.1,468.8,460.4,363.0,359.3,359.9,366.4,370.1,369.5,369.6,363.6,364.0,368.3,373.4,373.4,483.7,484.5,488.7,493.4,489.8,487.3,486.1,518.6,535.8,539.1,536.1,519.2,487.5,498.7,502.0,499.1,490.3,516.4,519.8,516.6,-75.0,-74.5,-72.9,-69.5,-61.5,-49.0,-35.3,-19.9,-1.7,16.3,32.6,46.8,58.2,65.2,68.2,70.7,72.8,-61.6,-52.0,-40.4,-28.7,-17.4,19.4,32.0,43.2,54.1,62.4,1.2,0.9,0.6,0.4,-18.0,-9.3,-0.2,9.0,17.1,-46.6,-37.9,-29.0,-20.7,-29.7,-38.2,20.5,29.5,38.5,46.5,38.6,30.0,-36.7,-22.8,-9.9,-0.7,9.7,22.5,34.9,22.3,9.5,-1.6,-11.4,-24.2,-32.5,-10.2,-0.8,9.7,30.4,9.5,-1.2,-10.8,-11.2,10.3,31.2,51.5,70.0,86.8,100.8,112.5,116.0,112.7,102.0,88.8,73.1,55.3,36.3,16.2,-4.3,-18.1,-24.4,-25.4,-22.7,-17.5,-16.7,-21.1,-22.6,-21.5,-15.9,1.7,16.1,30.3,44.6,44.7,49.3,53.3,49.6,45.8,1.4,-0.3,-0.0,2.9,4.6,4.3,4.4,1.7,1.8,3.8,6.1,6.2,57.7,57.4,59.0,61.1,59.4,58.7,58.8,73.2,80.6,82.0,80.7,73.5,59.4,63.7,65.1,63.8,60.6,71.8,73.3,72.0,1419.4,1424.2,1430.3,1434.7,1435.4,1431.5,1421.4,1409.1,1407.1,1413.8,1427.2,1435.0,1433.1,1424.7,1415.7,1411.3,1410.2,1382.3,1374.6,1367.6,1361.3,1354.5,1352.1,1358.4,1363.2,1369.3,1376.9,1360.8,1358.7,1356.3,1354.8,1371.1,1367.7,1365.1,1366.5,1368.9,1379.2,1375.9,1375.0,1374.1,1374.1,1374.9,1372.4,1373.4,1373.9,1376.4,1373.4,1372.6,1399.3,1383.4,1374.9,1373.3,1373.8,1382.6,1397.9,1385.1,1375.4,1373.9,1375.5,1384.9,1397.8,1376.7,1375.3,1375.8,1395.3,1377.4,1376.1,1378.3,2.165,0.327,0.033,0.018,639.234,440.416,-24.774,4.49,13.757,-17.507,1.099,11.845,-19.394,7.362999999999999,-13.993,-9.072,-14.379,-2.8,1.609,-0.135,3.4,1.206,-2.516,-2.286,-6.843999999999999,-2.9,2.556,3.03,2.246,-3.844,-1.0659999999999998,3.397,-0.43,-0.37,0.349,-0.031,0.6629999999999999,-0.748,0.1639999999999999,0.3989999999999999,1.06,1.25,0.44,0.3,2.28,2.01,0.6,2.31,3.53,1.49,0.0,0.0,0.11,0.0,3.01,0.15,2.48,1.0,0.0,0.0,0.0,1.0,1.0,0.0,1.0,1.0,1.0,0.0,0.0,0.0,0.0,1.0,0.0,0.0,1.0,
130.0,4.303999999999999,0.98,0.066923,0.368613,-0.927171,-0.1186319999999999,0.320954,-0.939635,-0.0279999999999999,0.354,551.5,558.0,570.6,582.1,585.5,579.8,566.3,554.9,539.3,548.0,556.9,566.8,577.5,587.6,595.9,586.9,575.4,564.1,554.0,545.7,561.3,567.5,574.5,578.0,576.1,569.9,562.9,559.4,693.2,696.0,707.3,720.7,728.1,725.4,714.0,699.8,684.4,693.5,704.5,715.2,724.3,732.1,739.2,734.3,727.1,717.5,705.9,694.0,704.9,711.9,717.8,719.3,715.4,708.4,702.5,701.1,360.8,350.8,347.2,352.2,362.8,374.0,376.4,371.4,362.0,359.0,357.5,357.2,358.1,360.5,364.0,369.8,371.2,371.7,370.3,367.4,368.5,371.2,369.2,363.7,357.9,355.1,357.1,362.7,363.7,353.5,349.2,353.2,363.3,373.5,377.8,375.0,365.8,362.6,360.9,360.9,361.5,363.5,366.1,369.4,370.4,370.5,370.2,369.6,370.5,372.6,370.3,365.0,359.7,357.6,359.9,365.2,-33.1,-30.7,-26.0,-21.7,-20.3,-22.4,-27.4,-31.7,-37.7,-34.4,-31.0,-27.3,-23.3,-19.5,-16.4,-19.7,-24.0,-28.2,-32.0,-35.2,-29.4,-27.0,-24.4,-23.1,-23.9,-26.2,-28.8,-30.1,19.6,20.7,24.9,29.8,32.5,31.4,27.2,22.0,16.3,19.7,23.7,27.7,31.1,34.0,36.7,34.8,32.0,28.4,24.2,19.8,23.9,26.5,28.7,29.2,27.8,25.3,23.1,22.5,0.3,-3.4,-4.8,-2.9,1.0,5.2,6.1,4.3,0.8,-0.4,-0.9,-1.0,-0.7,0.2,1.5,3.6,4.2,4.4,3.8,2.8,3.2,4.2,3.4,1.4,-0.8,-1.8,-1.1,1.0,1.4,-2.4,-4.0,-2.5,1.2,5.0,6.5,5.5,2.1,1.0,0.3,0.3,0.6,1.3,2.3,3.5,3.8,3.9,3.8,3.5,3.9,4.6,3.8,1.8,-0.1,-0.9,-0.0,1.9,1120.3,1122.5,1122.8,1121.2,1118.4,1116.3,1115.9,1117.6,1123.6,1121.0,1119.0,1117.9,1117.8,1118.3,1119.4,1116.5,1114.7,1114.5,1116.4,1119.6,1119.1,1118.2,1118.4,1119.6,1121.1,1122.0,1121.8,1120.6,1103.3,1106.7,1109.2,1109.3,1107.0,1103.7,1101.2,1101.0,1103.2,1102.9,1103.1,1103.9,1105.4,1107.9,1110.7,1106.8,1103.2,1100.7,1100.2,1101.2,1103.7,1103.8,1105.1,1106.8,1108.0,1108.0,1106.7,1104.9,-0.6,36.8,1376.5,0.284,0.0279999999999999,0.019,481.2,482.9,487.1,494.7,511.3,537.0,565.4,597.7,636.3,674.5,708.4,737.5,761.5,776.8,784.0,789.9,794.0,505.6,526.3,551.2,576.5,601.0,682.3,709.7,734.3,758.0,775.9,642.2,641.4,640.6,640.1,600.1,619.0,638.8,658.8,676.5,538.1,557.0,577.0,595.1,575.2,555.7,684.0,704.1,724.2,741.6,724.8,705.3,560.6,589.9,617.8,637.7,660.5,688.0,714.3,687.5,659.8,635.5,614.4,586.7,569.6,617.2,637.4,660.5,704.8,659.9,636.5,615.8,335.5,380.7,424.8,467.6,506.4,541.8,572.7,599.1,606.6,598.5,573.9,545.2,512.7,476.4,437.0,394.6,350.8,320.5,306.9,304.5,310.0,320.5,321.5,312.0,309.0,311.8,324.6,362.4,394.2,425.9,457.8,457.4,467.6,476.4,468.4,460.2,361.9,357.0,357.7,365.9,369.6,368.9,367.9,360.1,360.2,365.7,371.5,371.8,483.5,484.2,487.9,492.5,488.6,486.3,485.3,517.9,535.0,538.4,535.5,518.8,487.1,498.0,501.1,498.0,489.5,515.9,519.4,516.3,-75.1,-74.5,-72.8,-69.3,-61.5,-49.1,-35.3,-19.8,-1.7,16.2,32.4,46.5,57.9,64.9,67.9,70.5,72.4,-61.9,-52.0,-40.4,-28.8,-17.6,19.0,31.5,42.8,53.8,62.3,1.0,0.6,0.3,0.0,-18.2,-9.6,-0.6,8.5,16.6,-46.8,-38.0,-28.8,-20.5,-29.6,-38.6,20.1,29.3,38.5,46.6,38.8,29.8,-37.0,-23.1,-10.1,-1.1,9.4,22.1,34.6,21.9,9.0,-2.1,-11.7,-24.5,-32.8,-10.4,-1.2,9.4,30.1,9.1,-1.6,-11.1,-11.6,9.8,30.8,51.3,69.9,86.6,100.7,112.1,115.4,112.1,101.5,88.4,72.8,55.2,36.3,16.3,-4.3,-18.2,-24.3,-25.3,-22.7,-17.8,-17.3,-21.7,-23.1,-22.0,-16.2,1.1,15.5,29.7,44.1,44.4,48.9,52.9,49.3,45.6,0.9,-1.4,-1.1,2.7,4.4,4.1,3.6,0.1,0.1,2.6,5.3,5.4,57.5,57.1,58.5,60.5,58.8,58.1,58.3,72.7,80.0,81.5,80.3,73.1,59.1,63.2,64.5,63.1,60.1,71.4,72.9,71.6,1418.4,1422.5,1427.8,1431.7,1432.7,1429.5,1419.9,1407.1,1404.3,1410.4,1423.6,1431.4,1430.0,1422.5,1414.4,1410.8,1410.4,1380.6,1373.0,1366.0,1359.8,1353.2,1351.1,1357.5,1362.4,1368.5,1376.0,1358.9,1356.4,1353.5,1351.5,1368.3,1364.7,1362.1,1363.6,1366.1,1377.5,1373.8,1372.9,1372.1,1371.9,1372.9,1370.7,1371.5,1372.2,1375.0,1371.6,1370.6,1397.0,1380.6,1371.9,1370.3,1370.7,1379.8,1395.2,1381.8,1371.7,1370.4,1372.2,1381.9,1395.4,1373.6,1372.1,1372.6,1392.6,1374.0,1372.8,1375.2,2.168,0.314,0.031,0.019,638.752,439.609,-21.606,4.545,14.922,-15.845999999999998,1.014,11.345,-19.293,7.015,-13.654000000000002,-8.314,-13.67,0.077,1.42,0.547,3.576,1.723,-1.479,-0.371,-5.715,-2.38,2.0380000000000003,3.334,1.454,-3.143,-0.474,3.768,0.249,-1.197,0.831,-0.207,0.422,-0.057,0.3289999999999999,0.091,0.97,1.11,0.46,0.11,2.26,2.17,0.62,2.3,3.47,1.39,0.0,0.0,0.07,0.0,2.95,0.1,1.94,0.0,0.0,0.0,0.0,1.0,1.0,0.0,1.0,1.0,1.0,0.0,0.0,0.0,0.0,1.0,0.0,0.0,1.0,
131.0,4.338,0.98,0.086962,0.29197,-0.952466,-0.170007,0.342471,-0.924019,-0.044,0.326,553.7,559.1,570.2,580.5,583.9,579.3,567.4,557.2,539.4,545.7,554.6,566.5,578.5,587.8,594.7,586.6,575.9,564.6,554.5,546.0,563.5,568.4,573.7,576.3,574.6,569.7,564.4,561.8,690.4,692.2,703.2,716.9,725.4,723.6,712.6,698.0,682.1,691.7,703.0,713.9,722.8,730.0,736.4,732.7,726.5,717.3,705.5,692.8,702.9,709.4,714.7,715.5,711.5,704.9,699.7,698.9,355.4,345.0,341.7,347.4,358.8,369.9,372.5,366.8,357.6,355.5,354.5,354.0,355.4,358.0,361.7,366.2,368.2,368.6,366.8,363.3,361.5,364.2,362.5,357.5,352.1,349.4,351.0,356.0,362.2,351.4,346.7,351.0,361.6,372.4,377.0,374.1,364.2,360.4,358.3,358.1,358.8,361.0,363.9,366.9,367.8,368.0,368.0,367.7,368.7,370.8,368.5,363.4,358.3,356.3,358.5,363.7,-33.5,-31.4,-27.1,-23.1,-21.8,-23.6,-28.2,-32.2,-39.3,-36.7,-33.1,-28.5,-23.8,-20.3,-17.6,-20.8,-24.9,-29.2,-33.2,-36.6,-29.8,-27.8,-25.8,-24.8,-25.4,-27.3,-29.4,-30.4,17.8,18.4,22.4,27.3,30.2,29.5,25.5,20.4,14.8,18.2,22.2,26.1,29.2,31.9,34.3,32.8,30.5,27.2,23.0,18.6,22.2,24.5,26.3,26.7,25.3,23.0,21.1,20.8,-1.8,-5.8,-7.1,-4.9,-0.5,3.9,4.9,2.6,-0.9,-1.7,-2.1,-2.3,-1.8,-0.8,0.7,2.4,3.2,3.3,2.6,1.3,0.6,1.6,1.0,-1.0,-3.1,-4.1,-3.5,-1.6,0.8,-3.1,-4.7,-3.2,0.6,4.4,6.0,4.9,1.5,0.2,-0.6,-0.7,-0.4,0.3,1.4,2.4,2.7,2.8,2.8,2.7,3.1,3.8,3.0,1.2,-0.6,-1.3,-0.5,1.3,1165.8,1164.8,1164.1,1164.1,1164.8,1166.1,1166.4,1166.5,1170.9,1167.3,1164.5,1162.6,1162.8,1164.3,1166.4,1165.2,1164.1,1164.4,1165.9,1168.2,1166.7,1166.7,1166.3,1165.9,1165.5,1165.5,1165.9,1166.3,1056.1,1059.6,1062.5,1063.1,1061.1,1057.7,1054.8,1054.1,1055.2,1055.4,1056.2,1057.5,1059.5,1062.4,1065.6,1061.4,1057.4,1054.4,1053.4,1053.8,1057.2,1057.5,1058.8,1060.5,1061.4,1061.1,1059.7,1058.1,-1.0,35.9,1374.1,0.2789999999999999,0.031,0.021,480.9,482.4,486.6,494.2,510.6,536.1,564.6,596.9,635.5,673.5,707.3,736.5,760.6,776.2,783.7,789.5,793.5,504.9,525.3,550.0,575.3,599.8,681.4,709.0,733.8,757.7,775.1,641.3,640.4,639.7,639.1,599.2,618.1,637.8,657.8,675.5,537.9,556.7,576.8,594.8,575.0,555.4,682.6,702.5,722.7,740.1,723.5,703.9,559.7,588.7,616.7,636.6,659.5,687.2,713.6,686.7,658.9,634.5,613.3,585.6,568.7,616.2,636.4,659.6,704.0,659.0,635.5,614.7,334.3,379.6,423.9,466.6,505.2,540.5,571.2,597.5,605.1,597.3,573.1,544.6,512.3,476.0,436.5,394.1,350.4,318.7,304.8,302.3,307.8,318.7,320.0,310.4,307.3,310.3,323.6,360.3,392.3,424.3,456.4,455.8,465.8,474.7,466.7,458.6,358.8,353.6,354.5,363.4,366.7,365.9,365.9,357.4,357.4,363.3,369.1,369.5,481.9,482.5,486.2,490.9,487.2,485.0,484.2,516.6,533.6,536.8,533.8,517.0,485.6,496.2,499.4,496.5,488.4,514.4,517.8,514.6,-75.2,-74.6,-72.9,-69.5,-61.7,-49.4,-35.6,-20.2,-2.1,15.7,31.9,45.9,57.4,64.5,67.6,70.2,72.1,-62.1,-52.4,-40.9,-29.3,-18.1,18.6,31.2,42.5,53.6,61.9,0.6,0.2,-0.1,-0.4,-18.6,-9.9,-1.0,8.1,16.1,-46.8,-38.1,-28.9,-20.6,-29.7,-38.7,19.4,28.5,37.8,45.8,38.1,29.1,-37.3,-23.6,-10.6,-1.6,8.9,21.7,34.2,21.5,8.6,-2.5,-12.2,-25.0,-33.1,-10.9,-1.6,8.9,29.7,8.7,-2.1,-11.6,-12.1,9.3,30.4,50.8,69.2,85.8,99.8,111.1,114.5,111.3,100.9,87.9,72.5,54.9,36.0,16.0,-4.5,-19.0,-25.2,-26.2,-23.6,-18.6,-18.0,-22.4,-23.9,-22.6,-16.7,0.1,14.6,29.0,43.4,43.6,48.1,52.0,48.4,44.8,-0.6,-2.9,-2.5,1.6,3.1,2.7,2.7,-1.2,-1.2,1.5,4.2,4.3,56.7,56.3,57.6,59.7,58.0,57.4,57.7,72.0,79.2,80.6,79.3,72.2,58.3,62.3,63.7,62.3,59.5,70.6,72.1,70.7,1416.9,1421.0,1425.9,1429.7,1430.6,1427.1,1417.3,1404.1,1400.8,1406.8,1420.2,1428.5,1427.7,1420.7,1412.7,1408.9,1408.5,1378.8,1371.1,1364.1,1357.8,1351.1,1348.7,1355.0,1360.0,1366.5,1374.3,1356.6,1354.1,1351.1,1349.1,1366.1,1362.4,1359.6,1361.1,1363.7,1375.4,1371.6,1370.6,1370.0,1369.8,1370.8,1368.3,1368.9,1369.6,1372.4,1369.1,1368.2,1395.0,1378.4,1369.4,1367.8,1368.0,1377.2,1392.8,1379.3,1369.1,1367.9,1369.8,1379.7,1393.4,1371.3,1369.7,1370.1,1390.2,1371.4,1370.3,1372.7,2.172,0.308,0.035,0.02,637.894,437.961,-20.962,4.247,15.48,-15.406,1.543,12.608,-18.214,7.548999999999999,-13.162,-7.255,-13.361,-0.252,1.768,0.684,4.468999999999999,2.707,-0.29,-0.551,-5.2170000000000005,-2.387,1.756,2.741,1.182,-3.0660000000000003,-0.228,3.674,0.286,-0.752,0.693,0.091,0.528,-0.301,0.318,0.126,0.88,1.02,0.4,0.01,2.2,2.14,0.53,2.22,3.45,1.36,0.0,0.0,0.04,0.0,2.9,0.03,1.53,0.0,0.0,0.0,0.0,1.0,1.0,0.0,1.0,1.0,1.0,0.0,0.0,0.0,0.0,1.0,0.0,0.0,1.0,
132.0,4.371,0.98,0.092002,0.276013,-0.95674,-0.115966,0.313427,-0.942505,-0.013,0.301,553.9,558.7,569.4,579.7,583.6,579.6,568.2,557.9,538.9,544.8,554.3,566.8,579.2,587.8,593.4,586.0,576.1,565.0,554.6,545.6,564.2,568.6,573.1,575.1,573.4,569.1,564.6,562.5,692.0,694.3,704.9,717.4,724.6,722.2,711.7,698.3,682.1,691.0,701.6,712.6,722.2,729.8,736.0,731.3,724.4,715.0,703.4,691.6,702.9,709.4,714.8,716.1,712.4,705.9,700.5,699.2,353.4,343.6,339.9,344.5,354.7,365.0,368.2,363.6,354.9,352.4,351.6,351.1,352.4,355.3,360.2,363.3,365.3,365.6,363.8,360.1,357.3,359.3,357.7,353.6,349.3,347.3,348.9,353.0,359.8,348.2,342.6,346.4,357.3,368.9,374.4,371.8,361.3,358.0,355.8,355.3,356.1,357.8,360.5,363.7,365.2,365.8,365.5,364.9,365.8,367.8,365.0,359.0,353.4,351.4,354.2,360.2,-33.8,-31.9,-27.7,-23.6,-22.1,-23.7,-28.2,-32.3,-39.9,-37.4,-33.6,-28.6,-23.8,-20.5,-18.3,-21.2,-25.1,-29.5,-33.6,-37.2,-29.8,-28.1,-26.3,-25.5,-26.1,-27.8,-29.6,-30.4,19.4,20.4,24.4,29.1,31.8,30.8,26.8,21.8,15.7,19.1,23.0,27.2,30.8,33.8,36.2,34.3,31.6,28.0,23.7,19.3,23.6,26.0,28.1,28.6,27.2,24.8,22.7,22.2,-2.6,-6.4,-7.9,-6.1,-2.1,2.0,3.2,1.4,-2.0,-3.0,-3.3,-3.5,-3.0,-1.8,0.1,1.3,2.1,2.2,1.5,0.0,-1.0,-0.3,-0.9,-2.5,-4.2,-5.0,-4.4,-2.7,-0.1,-4.4,-6.5,-5.1,-1.0,3.3,5.4,4.4,0.5,-0.7,-1.6,-1.8,-1.5,-0.8,0.2,1.4,2.0,2.2,2.1,1.8,2.2,2.9,1.9,-0.4,-2.5,-3.2,-2.2,0.1,1177.4,1175.7,1175.0,1175.7,1177.4,1179.5,1179.9,1179.1,1182.6,1179.0,1176.0,1174.3,1175.1,1177.4,1180.2,1179.1,1177.9,1177.8,1178.9,1180.7,1178.9,1179.2,1178.9,1178.2,1177.4,1177.1,1177.4,1178.2,1122.3,1124.7,1126.9,1127.7,1126.5,1124.2,1122.0,1121.2,1122.4,1122.0,1122.2,1123.2,1125.2,1128.0,1131.2,1127.3,1123.8,1121.2,1120.4,1121.0,1123.5,1123.9,1125.1,1126.3,1126.9,1126.5,1125.3,1124.1,-1.3,35.1,1372.2,0.2789999999999999,0.033,0.021,480.3,481.9,486.1,493.5,509.8,535.1,563.6,596.0,634.6,672.7,706.6,735.9,760.1,775.7,783.3,789.2,793.2,504.4,524.6,549.3,574.6,599.0,680.7,708.4,733.4,757.3,774.5,640.6,639.7,638.9,638.3,598.6,617.4,637.0,657.0,674.6,537.8,556.5,576.6,594.4,574.8,555.1,681.7,701.3,721.6,738.9,722.3,702.8,559.3,588.1,616.1,636.0,658.9,686.6,712.9,686.2,658.4,634.0,612.8,585.1,568.2,615.6,635.9,659.1,703.4,658.5,634.9,614.2,332.7,377.9,422.1,464.8,503.4,538.8,569.7,596.2,604.1,596.4,572.2,543.8,511.5,475.2,435.6,393.1,349.2,316.4,302.6,300.1,305.7,316.6,318.0,308.3,305.2,308.6,322.1,358.1,390.4,422.6,454.9,454.1,464.2,473.1,465.2,457.0,356.1,350.6,351.7,360.9,364.2,363.3,363.3,354.5,354.5,360.7,366.5,366.9,480.5,480.9,484.6,489.3,485.6,483.4,482.7,515.1,532.2,535.3,532.2,515.4,484.0,494.6,497.8,494.9,486.8,512.9,516.3,513.0,-75.3,-74.8,-73.1,-69.7,-62.0,-49.8,-36.0,-20.6,-2.5,15.3,31.5,45.6,57.1,64.2,67.4,69.9,71.8,-62.3,-52.7,-41.2,-29.6,-18.4,18.3,30.9,42.3,53.4,61.5,0.3,-0.1,-0.5,-0.8,-18.8,-10.3,-1.4,7.7,15.7,-46.8,-38.1,-28.9,-20.8,-29.7,-38.7,19.0,27.9,37.2,45.2,37.5,28.6,-37.5,-23.8,-10.9,-1.8,8.6,21.4,33.8,21.2,8.4,-2.7,-12.4,-25.2,-33.3,-11.1,-1.9,8.7,29.3,8.4,-2.3,-11.8,-12.9,8.5,29.5,49.9,68.3,84.9,98.9,110.4,113.8,110.7,100.3,87.4,72.0,54.5,35.5,15.5,-5.1,-20.0,-26.2,-27.2,-24.5,-19.5,-18.9,-23.3,-24.8,-23.4,-17.3,-0.8,13.7,28.2,42.6,42.8,47.3,51.2,47.6,44.0,-1.8,-4.3,-3.8,0.4,1.9,1.5,1.5,-2.5,-2.5,0.3,3.0,3.1,55.9,55.5,56.8,58.9,57.2,56.6,56.9,71.2,78.5,79.8,78.5,71.4,57.5,61.4,62.8,61.5,58.7,69.8,71.3,69.9,1415.1,1419.3,1424.2,1427.9,1428.7,1425.1,1415.1,1401.8,1398.4,1404.2,1417.7,1425.9,1425.4,1418.6,1410.7,1406.7,1406.0,1376.9,1369.1,1362.1,1355.8,1349.3,1346.8,1353.1,1358.0,1364.5,1372.3,1354.7,1352.2,1349.2,1347.3,1364.3,1360.5,1357.8,1359.3,1361.8,1373.1,1369.4,1368.4,1368.0,1367.7,1368.7,1366.3,1366.7,1367.3,1370.1,1366.9,1366.0,1393.3,1376.6,1367.7,1366.0,1366.2,1375.4,1390.9,1377.5,1367.4,1366.3,1368.2,1378.0,1391.7,1369.6,1367.9,1368.3,1388.3,1369.6,1368.6,1371.1,2.175,0.307,0.038,0.02,637.26,436.187,-22.356,4.3660000000000005,15.396,-15.339,1.596,13.568,-17.229,7.917000000000001,-12.238,-6.49,-13.368,-0.278,1.856,0.748,5.27,3.069,0.165,-0.88,-4.68,-2.346,1.6130000000000002,2.49,0.8640000000000001,-2.8710000000000004,-0.2019999999999999,3.703,0.2769999999999999,-0.983,0.915,0.248,0.565,-0.471,0.441,0.085,0.84,1.03,0.28,0.01,2.15,2.12,0.48,2.18,3.43,1.38,0.0,0.0,0.03,0.0,2.84,0.0,1.29,0.0,0.0,0.0,0.0,1.0,1.0,0.0,1.0,1.0,1.0,0.0,0.0,0.0,0.0,1.0,0.0,0.0,0.0,
133.0,4.404,0.98,0.072614,0.289751,-0.954343,-0.095579,0.284384,-0.953934,-0.012,0.292,553.5,558.2,568.7,579.0,583.0,579.2,567.8,557.5,539.9,545.3,554.3,566.5,578.7,587.4,593.1,585.8,575.9,564.8,554.7,546.0,563.9,568.2,572.7,574.7,573.0,568.6,564.1,562.2,693.4,696.9,707.3,718.5,724.0,720.5,710.1,698.0,683.0,691.3,701.7,713.1,723.3,731.1,736.5,730.8,722.7,712.8,701.6,690.8,704.1,708.9,713.3,714.8,712.5,707.7,703.2,701.7,351.5,342.1,338.8,343.4,353.4,363.2,366.1,361.5,351.9,349.5,349.1,349.0,350.5,353.5,358.4,361.5,363.4,363.7,361.5,357.4,355.4,357.4,356.0,352.0,347.8,345.8,347.2,351.2,357.8,346.1,340.2,343.6,354.4,366.1,372.0,369.4,359.1,355.9,353.6,353.2,354.2,355.5,357.7,362.2,364.8,365.8,365.0,363.2,361.4,362.8,360.3,355.3,350.7,349.2,351.7,356.8,-34.4,-32.5,-28.3,-24.2,-22.6,-24.2,-28.7,-32.8,-40.0,-37.7,-34.0,-29.1,-24.3,-20.9,-18.7,-21.6,-25.5,-29.9,-34.0,-37.5,-30.3,-28.6,-26.8,-26.0,-26.6,-28.4,-30.1,-31.0,21.1,22.5,26.7,31.1,33.3,31.9,27.8,23.0,17.0,20.3,24.4,28.9,33.0,36.2,38.4,36.1,32.8,28.8,24.4,20.1,25.4,27.3,29.1,29.7,28.7,26.8,25.1,24.5,-3.4,-7.1,-8.4,-6.6,-2.6,1.3,2.4,0.6,-3.2,-4.2,-4.3,-4.4,-3.8,-2.6,-0.6,0.6,1.4,1.5,0.6,-1.1,-1.8,-1.0,-1.6,-3.2,-4.9,-5.6,-5.1,-3.5,-0.9,-5.5,-7.8,-6.5,-2.2,2.4,4.8,3.7,-0.4,-1.6,-2.5,-2.7,-2.3,-1.8,-0.9,0.9,1.9,2.3,2.0,1.3,0.5,1.1,0.1,-1.9,-3.7,-4.3,-3.3,-1.3,1192.5,1190.5,1189.5,1190.0,1191.9,1194.3,1194.9,1194.3,1197.8,1194.2,1191.0,1189.2,1189.9,1192.0,1194.8,1193.9,1192.9,1193.0,1194.2,1196.0,1193.9,1194.1,1193.7,1192.8,1192.0,1191.8,1192.2,1193.1,1187.5,1187.5,1188.1,1189.1,1189.9,1189.9,1189.3,1188.5,1188.6,1187.1,1186.3,1186.8,1188.9,1192.0,1195.4,1192.4,1189.6,1187.4,1186.8,1187.6,1189.3,1189.8,1190.0,1190.0,1189.7,1189.3,1189.0,1189.0,-1.5,34.5,1373.2,0.276,0.037,0.022,479.9,481.4,485.6,493.0,509.5,535.0,563.3,595.4,633.6,671.6,705.7,735.3,759.4,775.1,782.9,788.9,793.1,504.1,524.3,549.0,574.2,598.5,680.4,707.9,732.7,756.6,773.8,640.4,639.2,638.2,637.4,597.7,616.5,636.2,656.3,674.1,537.9,556.6,576.7,594.3,574.7,554.9,681.5,701.1,721.4,738.6,722.1,702.5,558.6,587.4,615.4,635.3,658.4,686.1,712.5,685.7,657.9,633.3,612.0,584.3,567.5,614.9,635.2,658.6,702.9,658.0,634.3,613.5,331.1,376.7,421.3,464.4,503.3,538.6,569.1,595.0,602.8,595.3,571.3,542.9,510.6,474.3,434.6,391.9,347.9,314.7,300.7,298.1,303.9,314.9,316.5,306.8,303.8,307.0,320.7,356.3,388.5,420.6,452.9,452.3,462.4,471.3,463.5,455.3,353.8,348.3,349.5,359.1,362.3,361.2,361.6,352.6,352.5,359.1,364.9,365.2,479.3,479.4,483.1,487.8,484.0,481.9,481.6,513.8,530.8,534.0,530.9,514.1,482.7,493.1,496.3,493.4,485.7,511.8,515.1,511.9,-75.6,-75.1,-73.4,-70.0,-62.2,-49.9,-36.2,-20.9,-3.0,14.8,31.1,45.3,56.7,63.9,67.2,69.8,71.8,-62.4,-52.8,-41.3,-29.8,-18.7,18.1,30.6,42.0,53.1,61.2,0.2,-0.4,-0.8,-1.2,-19.3,-10.7,-1.7,7.4,15.5,-46.8,-38.1,-28.9,-20.9,-29.8,-38.8,18.9,27.8,37.1,45.0,37.4,28.5,-37.8,-24.2,-11.2,-2.1,8.4,21.2,33.6,21.0,8.1,-3.0,-12.8,-25.6,-33.6,-11.5,-2.2,8.5,29.1,8.2,-2.6,-12.1,-13.6,7.9,29.1,49.8,68.3,84.9,98.7,109.9,113.2,110.2,99.8,86.9,71.5,54.0,35.1,15.0,-5.7,-20.8,-27.1,-28.1,-25.4,-20.3,-19.6,-24.0,-25.5,-24.1,-18.0,-1.7,12.9,27.3,41.7,42.0,46.5,50.4,46.9,43.3,-2.8,-5.4,-4.8,-0.4,1.0,0.5,0.7,-3.4,-3.4,-0.4,2.2,2.4,55.4,54.8,56.1,58.2,56.5,55.9,56.4,70.7,77.9,79.3,78.0,70.9,57.0,60.8,62.2,60.9,58.2,69.4,70.8,69.5,1416.0,1420.3,1425.3,1429.0,1429.7,1426.0,1416.0,1402.7,1399.0,1404.5,1417.4,1425.7,1425.0,1418.3,1410.5,1406.6,1406.3,1377.6,1369.9,1363.0,1357.0,1350.8,1348.6,1354.6,1359.1,1365.1,1372.5,1355.9,1353.3,1350.3,1348.3,1365.4,1361.4,1358.7,1360.2,1362.8,1373.8,1370.0,1369.1,1368.8,1368.5,1369.4,1367.2,1367.4,1368.0,1370.8,1367.6,1366.7,1394.4,1377.7,1368.7,1367.0,1367.2,1376.4,1391.9,1378.5,1368.3,1367.2,1369.2,1379.1,1392.9,1370.6,1368.9,1369.3,1389.3,1370.6,1369.6,1372.1,2.174,0.304,0.042,0.021,636.768,434.737,-24.996,5.257000000000001,15.372,-15.851,1.648,13.722,-16.962,7.311,-12.058,-6.291,-12.899,0.977,2.031,0.99,4.85,3.11,0.4429999999999999,-1.123,-4.112,-2.042,1.619,1.997,0.2769999999999999,-3.241,0.424,3.79,0.104,-1.197,1.151,0.511,0.452,-0.6809999999999999,0.52,0.106,0.81,1.01,0.21,0.02,2.18,2.02,0.42,2.14,3.43,1.41,0.0,0.0,0.0,0.0,2.86,0.0,1.15,0.0,0.0,0.0,0.0,1.0,1.0,0.0,1.0,1.0,1.0,0.0,0.0,0.0,0.0,1.0,0.0,0.0,0.0,
134.0,4.438,0.98,0.071865,0.287599,-0.955051,-0.106539,0.262879,-0.958929,-0.018,0.28,553.1,557.8,568.3,578.4,582.3,578.3,567.0,556.9,539.1,544.6,553.8,565.9,578.0,586.6,592.3,585.1,575.4,564.6,554.3,545.4,563.2,567.5,572.0,574.0,572.4,568.1,563.6,561.6,692.9,696.5,706.6,717.3,722.3,718.6,708.5,697.1,683.3,690.5,700.2,711.6,722.3,730.5,735.6,729.9,721.6,711.7,700.7,690.5,703.3,707.8,712.0,713.5,711.4,706.9,702.8,701.3,350.4,341.1,337.8,342.5,352.3,362.0,364.9,360.2,350.8,348.3,347.8,347.7,349.3,352.7,357.9,360.6,362.3,362.4,360.4,356.3,354.3,356.3,354.9,350.9,346.7,344.8,346.2,350.1,355.7,344.8,339.5,343.0,353.1,364.1,369.3,366.6,358.5,354.9,352.5,351.7,352.7,354.1,356.7,360.9,363.3,364.3,363.6,361.9,358.9,360.4,358.2,353.6,349.4,348.0,350.2,354.7,-34.6,-32.7,-28.5,-24.5,-23.0,-24.6,-29.1,-33.1,-40.4,-38.1,-34.3,-29.4,-24.6,-21.3,-19.0,-21.9,-25.7,-30.1,-34.2,-37.8,-30.6,-28.9,-27.1,-26.3,-26.9,-28.6,-30.4,-31.3,21.6,23.1,27.3,31.6,33.7,32.2,28.1,23.4,17.8,20.7,24.6,29.3,33.7,37.1,39.3,36.9,33.4,29.3,24.8,20.7,25.9,27.8,29.5,30.1,29.2,27.4,25.7,25.1,-3.8,-7.5,-8.8,-7.0,-3.1,0.8,2.0,0.1,-3.7,-4.7,-4.9,-4.9,-4.3,-2.9,-0.8,0.3,0.9,1.0,0.1,-1.5,-2.3,-1.5,-2.0,-3.6,-5.3,-6.1,-5.5,-3.9,-1.8,-6.2,-8.4,-7.0,-2.8,1.7,3.8,2.7,-0.6,-2.1,-3.1,-3.4,-3.0,-2.4,-1.4,0.4,1.4,1.7,1.5,0.8,-0.4,0.1,-0.8,-2.6,-4.3,-4.9,-4.0,-2.2,1194.9,1193.0,1192.0,1192.7,1194.5,1196.8,1197.4,1196.8,1200.4,1196.7,1193.5,1191.6,1192.4,1194.7,1197.7,1196.8,1195.7,1195.6,1196.7,1198.6,1196.3,1196.6,1196.2,1195.4,1194.6,1194.3,1194.7,1195.6,1227.4,1226.9,1227.0,1227.7,1228.6,1229.1,1229.0,1228.6,1229.1,1227.3,1226.0,1226.1,1228.1,1231.1,1234.5,1231.9,1229.3,1227.5,1227.1,1228.1,1228.9,1229.2,1229.3,1229.1,1228.7,1228.4,1228.4,1228.6,-1.9,34.1,1374.1,0.278,0.038,0.022,479.1,480.5,484.8,492.0,508.4,533.8,562.2,594.6,633.1,671.2,705.3,734.8,758.9,774.6,782.4,788.3,792.3,503.6,523.8,548.5,573.7,597.9,679.8,707.4,732.1,756.0,773.0,639.8,638.7,637.7,637.0,597.2,616.0,635.6,655.7,673.5,537.4,556.0,576.2,593.6,574.1,554.3,680.9,700.2,720.5,737.6,721.2,701.7,557.7,586.5,614.6,634.6,657.8,685.6,711.9,685.2,657.1,632.5,611.0,583.3,566.7,614.1,634.5,657.9,702.4,657.3,633.5,612.6,330.6,376.0,420.4,463.4,502.3,537.8,568.5,594.6,602.5,595.0,570.9,542.4,510.2,473.9,434.3,391.6,347.6,313.7,299.6,297.0,302.8,313.8,315.5,305.6,302.6,305.9,319.6,355.4,387.6,419.8,452.0,451.4,461.6,470.5,462.7,454.6,352.8,347.0,348.3,358.1,361.3,360.1,360.5,351.3,351.2,357.9,363.7,364.1,478.6,478.5,482.2,487.0,483.3,481.2,481.1,513.2,530.2,533.3,530.1,513.3,482.1,492.4,495.6,492.7,485.2,511.2,514.5,511.2,-76.0,-75.5,-73.8,-70.5,-62.7,-50.5,-36.7,-21.2,-3.2,14.6,30.8,45.1,56.5,63.6,67.0,69.5,71.4,-62.7,-53.1,-41.6,-30.0,-19.0,17.9,30.4,41.8,52.8,60.9,-0.1,-0.6,-1.0,-1.4,-19.5,-10.9,-2.0,7.1,15.3,-47.0,-38.4,-29.1,-21.2,-30.1,-39.1,18.6,27.4,36.7,44.6,37.1,28.1,-38.3,-24.6,-11.6,-2.5,8.1,20.9,33.4,20.8,7.8,-3.4,-13.2,-26.1,-34.1,-11.9,-2.5,8.2,28.9,7.9,-2.9,-12.5,-13.9,7.6,28.7,49.3,67.8,84.5,98.5,109.7,113.1,110.0,99.7,86.7,71.3,53.9,34.9,14.8,-5.8,-21.3,-27.6,-28.6,-25.9,-20.8,-20.0,-24.6,-26.0,-24.6,-18.5,-2.1,12.5,26.9,41.4,41.7,46.2,50.1,46.6,43.0,-3.3,-5.9,-5.4,-0.9,0.6,0.0,0.2,-4.0,-4.0,-1.0,1.7,1.9,55.2,54.5,55.8,57.9,56.2,55.7,56.2,70.5,77.7,79.0,77.7,70.5,56.7,60.5,61.9,60.6,58.0,69.1,70.6,69.2,1416.5,1420.9,1425.9,1429.6,1430.2,1426.5,1416.6,1403.2,1399.3,1404.7,1417.5,1425.7,1425.2,1418.5,1410.6,1406.6,1406.0,1377.8,1370.2,1363.5,1357.6,1351.7,1349.4,1355.3,1359.6,1365.6,1372.9,1356.7,1354.3,1351.5,1349.7,1366.5,1362.6,1359.9,1361.4,1363.8,1374.2,1370.5,1369.6,1369.4,1369.1,1370.0,1367.8,1367.9,1368.5,1371.3,1368.2,1367.3,1395.5,1378.8,1369.8,1368.1,1368.3,1377.5,1392.9,1379.7,1369.5,1368.4,1370.4,1380.3,1394.0,1371.7,1370.0,1370.4,1390.3,1371.8,1370.8,1373.3,2.173,0.305,0.044,0.021,636.0880000000001,433.93,-27.819000000000003,5.475,14.809,-16.811,1.75,14.121,-16.852,7.505,-11.561,-5.49,-13.015999999999998,0.981,1.6840000000000002,1.301,5.198,3.722,0.6659999999999999,-1.107,-3.848,-1.924,1.043,1.938,0.351,-3.284,0.356,3.781,0.133,-1.202,1.118,0.524,0.472,-0.773,0.534,0.071,0.81,1.07,0.24,0.14,2.15,2.02,0.41,2.13,3.43,1.39,0.0,0.0,0.01,0.0,2.87,0.0,1.07,0.0,1.0,0.0,0.0,1.0,1.0,0.0,1.0,1.0,1.0,0.0,0.0,0.0,0.0,1.0,0.0,0.0,0.0,
135.0,4.471,0.98,0.0782539999999999,0.276563,-0.957804,-0.100185,0.254497,-0.96187,-0.011,0.27,552.5,557.3,567.7,577.7,581.3,577.2,566.1,556.1,538.4,543.9,553.3,565.6,577.5,585.5,590.3,583.4,574.1,563.4,553.2,544.5,562.4,566.6,571.0,573.0,571.5,567.3,562.9,560.8,692.5,696.1,706.1,716.7,721.6,718.1,708.1,696.8,682.6,689.3,698.7,710.4,721.6,729.8,734.9,729.3,721.1,711.4,700.2,689.8,702.9,707.3,711.4,712.8,710.8,706.4,702.3,700.9,350.5,341.2,337.8,342.3,352.1,361.8,364.8,360.2,352.0,348.5,347.4,347.0,348.7,352.7,358.8,361.1,362.6,362.7,360.7,356.9,354.3,356.2,354.8,350.8,346.7,344.8,346.2,350.2,355.7,344.8,339.5,343.0,353.1,364.0,369.3,366.5,358.5,354.7,352.1,351.2,352.4,354.2,357.4,361.5,363.8,364.7,363.9,362.2,358.9,360.3,358.1,353.7,349.5,348.1,350.3,354.8,-35.3,-33.3,-29.1,-25.1,-23.7,-25.4,-29.9,-33.9,-41.2,-38.8,-34.9,-30.0,-25.2,-22.0,-20.1,-22.9,-26.6,-30.9,-35.1,-38.7,-31.4,-29.7,-27.9,-27.0,-27.6,-29.3,-31.1,-32.0,21.4,22.9,27.0,31.3,33.4,31.9,27.8,23.2,17.4,20.1,23.9,28.7,33.3,36.8,39.0,36.6,33.2,29.1,24.6,20.3,25.7,27.5,29.2,29.8,28.9,27.1,25.5,24.9,-3.9,-7.6,-8.9,-7.1,-3.2,0.7,1.9,0.1,-3.2,-4.7,-5.1,-5.3,-4.5,-3.0,-0.5,0.4,1.0,1.1,0.3,-1.2,-2.3,-1.5,-2.1,-3.7,-5.4,-6.1,-5.6,-4.0,-1.8,-6.2,-8.3,-6.9,-2.8,1.6,3.8,2.7,-0.6,-2.2,-3.2,-3.6,-3.1,-2.4,-1.0,0.6,1.5,1.9,1.6,0.9,-0.4,0.1,-0.8,-2.6,-4.3,-4.8,-4.0,-2.1,1210.5,1208.7,1208.0,1208.8,1210.6,1212.7,1213.0,1212.2,1215.7,1212.2,1209.1,1207.5,1208.6,1211.1,1214.2,1213.1,1211.9,1211.6,1212.6,1214.2,1212.0,1212.3,1212.0,1211.3,1210.5,1210.2,1210.5,1211.2,1224.6,1224.2,1224.4,1225.1,1225.8,1226.2,1226.1,1225.7,1226.4,1224.5,1223.2,1223.2,1225.2,1228.2,1231.5,1229.0,1226.5,1224.6,1224.2,1225.3,1226.1,1226.4,1226.5,1226.3,1226.0,1225.7,1225.6,1225.8,-2.2,34.4,1379.5,0.287,0.04,0.021,478.0,479.8,484.1,491.4,507.7,533.3,561.6,594.1,632.4,670.2,704.3,733.9,758.1,773.9,781.7,787.6,791.7,502.3,522.8,547.7,573.0,597.4,679.2,707.1,732.0,756.0,772.9,639.2,638.1,637.2,636.5,596.7,615.4,634.9,655.0,672.8,536.5,555.1,575.5,592.5,573.1,553.2,680.4,699.2,719.8,736.7,720.6,701.0,557.0,585.9,613.9,634.0,657.1,685.0,711.1,684.5,656.4,631.8,610.3,582.6,566.0,613.4,633.9,657.2,701.6,656.6,632.9,611.9,331.0,376.5,421.1,464.0,503.0,538.3,568.8,594.7,602.4,594.9,570.8,542.4,510.3,474.1,434.4,391.7,347.7,313.8,299.7,297.1,302.8,313.7,315.5,305.7,303.0,306.4,320.1,355.8,388.0,420.1,452.3,451.8,462.0,471.0,463.1,455.0,353.2,346.8,348.1,358.4,361.8,360.5,360.8,351.2,351.0,358.2,364.1,364.6,479.1,478.6,482.4,487.2,483.6,481.3,481.5,513.5,530.5,533.5,530.3,513.5,482.4,492.6,495.9,493.0,485.5,511.6,514.8,511.5,-76.7,-76.1,-74.3,-71.1,-63.3,-50.9,-37.2,-21.5,-3.6,14.2,30.5,44.7,56.3,63.5,66.8,69.3,71.2,-63.4,-53.7,-42.1,-30.4,-19.3,17.7,30.4,41.8,53.0,61.0,-0.4,-0.9,-1.3,-1.6,-19.8,-11.2,-2.3,6.8,15.0,-47.5,-38.9,-29.5,-21.7,-30.6,-39.8,18.5,27.1,36.5,44.3,36.9,27.9,-38.8,-25.0,-12.0,-2.8,7.8,20.7,33.2,20.6,7.5,-3.7,-13.6,-26.5,-34.5,-12.2,-2.8,7.9,28.6,7.6,-3.3,-12.9,-13.7,7.9,29.1,49.7,68.4,85.1,98.9,110.2,113.5,110.3,99.9,86.9,71.6,54.0,35.1,14.9,-5.8,-21.3,-27.6,-28.7,-26.0,-20.9,-20.1,-24.6,-25.9,-24.5,-18.3,-1.9,12.7,27.2,41.7,42.0,46.5,50.5,47.0,43.4,-3.1,-6.1,-5.4,-0.7,0.8,0.2,0.4,-4.0,-4.1,-0.8,1.9,2.1,55.6,54.7,56.1,58.3,56.6,55.9,56.6,70.9,78.2,79.5,78.1,70.9,57.1,60.9,62.3,61.0,58.4,69.6,71.1,69.7,1420.2,1425.1,1430.4,1434.2,1434.7,1430.9,1421.4,1408.3,1404.2,1409.4,1421.7,1429.5,1428.6,1421.7,1413.7,1409.5,1408.5,1381.8,1374.2,1367.7,1362.0,1356.3,1354.2,1359.9,1364.0,1369.8,1377.1,1361.5,1359.5,1357.3,1356.0,1372.1,1368.3,1365.7,1367.0,1369.2,1378.3,1374.8,1373.9,1373.9,1373.5,1374.5,1372.3,1372.3,1372.8,1375.7,1372.7,1371.9,1400.9,1384.7,1375.8,1374.1,1374.2,1383.2,1398.2,1385.6,1375.6,1374.6,1376.6,1386.3,1399.6,1377.5,1375.8,1376.1,1395.8,1377.8,1376.9,1379.4,2.165,0.313,0.047,0.02,635.391,434.174,-33.955,6.053,13.748,-18.576,3.403,14.314,-17.396,6.924,-10.503,-5.221,-13.354,1.075,1.402,1.996,5.5920000000000005,4.313,0.616,-1.801,-3.3080000000000003,-1.411,0.5579999999999999,2.039,0.003,-3.119,0.2339999999999999,3.83,-0.188,-1.192,1.087,0.395,0.434,-0.816,0.381,0.072,0.79,1.0,0.3,0.18,2.15,2.0,0.37,2.17,3.47,1.3,0.0,0.0,0.08,0.0,2.9,0.02,0.98,0.0,1.0,0.0,0.0,1.0,1.0,0.0,1.0,1.0,1.0,0.0,0.0,0.0,0.0,1.0,0.0,0.0,0.0,
136.0,4.505,0.98,0.066921,0.289236,-0.954916,-0.098674,0.261272,-0.960209,-0.017,0.28,551.5,556.2,566.8,577.0,580.8,576.8,565.5,555.4,537.9,543.2,552.4,564.7,576.9,585.4,590.7,583.6,573.8,562.9,552.7,544.0,561.7,566.0,570.5,572.5,570.9,566.6,562.1,560.1,691.9,695.2,704.9,715.4,720.5,717.2,707.5,696.4,683.0,687.7,695.6,707.6,720.2,729.5,735.4,729.1,720.4,710.3,699.2,689.6,702.3,706.9,711.0,712.4,710.2,705.7,701.5,700.1,351.3,342.0,338.7,343.4,353.2,363.0,365.8,361.2,352.3,349.0,348.1,347.7,349.3,353.1,358.9,361.7,363.5,363.7,361.6,357.6,355.2,357.1,355.8,351.8,347.7,345.7,347.1,351.0,356.5,346.2,341.2,344.5,354.2,364.6,369.5,366.8,360.7,355.7,352.5,351.3,352.6,354.5,358.6,362.0,364.3,365.4,364.9,363.4,359.6,361.0,358.8,354.4,350.3,348.8,351.0,355.4,-35.1,-33.2,-29.0,-25.0,-23.5,-25.1,-29.6,-33.7,-40.7,-38.5,-34.7,-29.8,-25.0,-21.7,-19.6,-22.4,-26.3,-30.6,-34.7,-38.3,-31.1,-29.4,-27.6,-26.8,-27.5,-29.1,-30.9,-31.7,21.3,22.6,26.6,30.9,33.1,31.7,27.8,23.2,17.7,19.6,22.8,27.7,32.9,36.8,39.3,36.7,33.0,28.9,24.3,20.4,25.6,27.5,29.2,29.8,28.9,27.0,25.3,24.7,-3.5,-7.1,-8.4,-6.6,-2.7,1.2,2.3,0.5,-3.1,-4.4,-4.7,-4.9,-4.2,-2.8,-0.4,0.7,1.4,1.5,0.6,-1.0,-1.9,-1.1,-1.7,-3.2,-4.9,-5.7,-5.1,-3.6,-1.4,-5.7,-7.7,-6.4,-2.4,1.9,3.9,2.8,0.3,-1.8,-3.1,-3.6,-3.0,-2.2,-0.6,0.8,1.7,2.2,2.0,1.4,-0.2,0.4,-0.5,-2.3,-4.0,-4.6,-3.7,-1.9,1191.3,1189.4,1188.4,1189.1,1190.9,1193.2,1193.8,1193.1,1196.7,1193.0,1189.8,1188.0,1188.9,1191.2,1194.2,1193.3,1192.3,1192.3,1193.4,1195.2,1192.7,1193.0,1192.6,1191.8,1191.0,1190.7,1191.1,1191.9,1232.8,1231.6,1230.9,1231.0,1232.0,1233.2,1234.0,1234.2,1235.8,1233.2,1231.0,1229.9,1231.2,1233.8,1237.0,1235.2,1233.4,1232.3,1232.6,1234.3,1233.8,1233.9,1233.6,1233.0,1232.6,1232.5,1232.9,1233.4,-2.5,34.7,1378.0,0.295,0.038,0.022,477.2,478.9,483.3,490.6,506.8,532.1,560.3,593.0,631.4,669.1,703.2,732.9,757.3,773.2,781.1,787.0,791.0,501.6,522.4,547.3,572.6,596.8,678.7,706.7,731.7,755.6,772.4,638.6,637.6,636.8,636.3,596.6,615.2,634.6,654.5,672.1,536.0,554.6,575.2,592.2,572.8,552.7,679.5,698.2,718.9,735.8,719.8,700.1,556.5,585.5,613.6,633.6,656.5,684.3,710.4,683.9,655.9,631.4,610.0,582.2,565.6,613.1,633.4,656.6,700.9,656.0,632.4,611.5,331.9,377.3,421.7,464.5,503.2,538.6,569.3,595.7,603.7,596.1,571.8,543.0,510.6,474.3,434.7,392.2,348.4,314.2,300.5,298.1,303.8,314.8,316.7,306.8,304.0,307.4,321.0,356.9,389.0,421.0,453.1,453.0,463.1,471.9,464.2,456.1,353.8,347.1,348.6,359.3,362.7,361.3,361.9,351.7,351.4,358.9,365.1,365.6,480.0,479.7,483.4,488.3,484.7,482.4,482.4,514.7,531.8,534.7,531.4,514.5,483.3,493.7,497.0,494.2,486.5,512.7,515.9,512.5,-77.0,-76.4,-74.6,-71.3,-63.6,-51.4,-37.8,-22.1,-4.0,13.7,29.9,44.2,55.8,63.1,66.4,69.0,70.8,-63.6,-53.8,-42.2,-30.6,-19.5,17.5,30.2,41.6,52.7,60.7,-0.7,-1.1,-1.4,-1.7,-19.8,-11.3,-2.5,6.6,14.6,-47.7,-39.1,-29.6,-21.9,-30.7,-40.0,18.0,26.6,36.0,43.9,36.5,27.4,-39.0,-25.1,-12.1,-2.9,7.6,20.4,32.8,20.3,7.3,-3.9,-13.7,-26.7,-34.7,-12.4,-3.0,7.6,28.3,7.3,-3.5,-13.1,-13.3,8.2,29.4,49.9,68.4,85.1,99.1,110.6,114.0,110.8,100.3,87.1,71.7,54.1,35.2,15.1,-5.5,-21.0,-27.2,-28.1,-25.5,-20.4,-19.5,-24.1,-25.4,-24.0,-17.9,-1.4,13.1,27.6,42.0,42.5,47.0,50.9,47.4,43.8,-2.8,-5.9,-5.2,-0.3,1.3,0.6,0.8,-3.8,-3.9,-0.5,2.3,2.6,56.0,55.2,56.6,58.7,57.1,56.4,57.0,71.4,78.7,80.0,78.6,71.4,57.5,61.4,62.8,61.5,58.8,70.1,71.5,70.1,1418.4,1423.3,1428.4,1432.3,1432.8,1429.3,1420.3,1407.4,1403.2,1408.2,1420.6,1428.4,1427.5,1420.5,1412.5,1408.0,1406.7,1379.4,1371.8,1365.3,1359.6,1354.0,1351.7,1357.4,1361.7,1367.7,1375.3,1359.6,1357.8,1355.8,1354.7,1370.8,1367.1,1364.5,1365.7,1368.0,1376.6,1372.9,1372.0,1372.2,1371.7,1372.7,1370.5,1370.3,1370.9,1373.8,1370.9,1370.0,1399.8,1383.4,1374.5,1372.8,1372.8,1381.9,1397.0,1384.4,1374.4,1373.4,1375.5,1385.1,1398.4,1376.4,1374.6,1374.9,1394.5,1376.5,1375.6,1378.1,2.167,0.322,0.045,0.02,634.784,435.057,-34.626,5.497000000000001,13.57,-18.253,3.731,14.633,-16.976,6.858,-10.599,-5.042,-13.454,0.7390000000000001,0.485,1.733,6.23,4.347,1.534,-1.992,-2.967,-1.581,0.539,1.855,-0.044,-2.9930000000000003,0.074,3.3,0.025,-0.797,0.8170000000000001,0.301,0.4529999999999999,-0.833,0.432,0.036,0.77,0.99,0.37,0.22,2.13,1.91,0.33,2.2,3.47,1.26,0.0,0.0,0.11,0.0,2.89,0.03,0.9,1.0,1.0,0.0,0.0,1.0,1.0,0.0,1.0,1.0,1.0,0.0,0.0,0.0,0.0,1.0,0.0,0.0,0.0,
137.0,4.538,0.98,0.065697,0.297266,-0.952532,-0.096959,0.271041,-0.957672,-0.016,0.289,551.3,556.2,566.7,576.8,580.5,576.3,565.1,555.0,537.4,542.9,552.3,564.7,576.7,585.1,590.3,583.5,573.9,563.0,552.6,543.6,561.4,565.6,570.0,572.0,570.5,566.3,561.9,559.9,691.6,695.0,704.8,715.3,720.3,717.0,707.1,696.0,682.8,687.5,695.5,707.5,720.0,729.2,735.0,728.7,720.0,710.0,698.9,689.4,702.1,706.6,710.7,712.1,710.0,705.6,701.4,700.0,352.8,343.5,340.2,344.9,354.7,364.5,367.3,362.7,354.1,350.6,349.4,348.9,350.6,354.4,360.3,363.0,364.7,365.0,363.1,359.2,356.7,358.6,357.3,353.4,349.3,347.3,348.7,352.6,357.8,347.5,342.7,346.1,355.8,366.1,371.0,368.1,361.7,356.6,353.5,352.5,354.0,355.9,360.1,363.6,365.8,366.9,366.4,364.6,360.9,362.3,360.3,355.9,351.8,350.4,352.4,356.8,-35.4,-33.4,-29.2,-25.2,-23.8,-25.5,-30.0,-34.0,-41.1,-38.8,-34.9,-30.0,-25.2,-21.9,-19.9,-22.6,-26.4,-30.8,-35.0,-38.6,-31.4,-29.7,-28.0,-27.1,-27.7,-29.4,-31.2,-32.0,21.2,22.6,26.6,30.9,33.0,31.6,27.6,23.0,17.6,19.5,22.8,27.7,32.8,36.7,39.2,36.5,32.9,28.8,24.2,20.3,25.5,27.4,29.1,29.7,28.8,26.9,25.2,24.7,-2.9,-6.6,-7.9,-6.0,-2.1,1.8,2.9,1.1,-2.4,-3.8,-4.2,-4.4,-3.8,-2.2,0.1,1.2,1.9,2.0,1.2,-0.3,-1.3,-0.5,-1.1,-2.6,-4.3,-5.1,-4.5,-3.0,-0.9,-5.1,-7.1,-5.7,-1.7,2.5,4.5,3.3,0.7,-1.4,-2.6,-3.1,-2.5,-1.7,0.0,1.5,2.4,2.8,2.6,1.9,0.4,1.0,0.1,-1.7,-3.4,-4.0,-3.1,-1.3,1197.1,1195.3,1194.5,1195.3,1197.1,1199.2,1199.6,1198.9,1202.5,1198.9,1195.8,1194.1,1195.1,1197.5,1200.6,1199.6,1198.3,1198.1,1199.1,1200.9,1198.6,1198.9,1198.6,1197.8,1197.1,1196.8,1197.1,1197.8,1233.0,1231.8,1231.0,1231.2,1232.3,1233.5,1234.3,1234.4,1235.9,1233.3,1231.1,1230.1,1231.4,1234.0,1237.2,1235.4,1233.7,1232.6,1232.9,1234.5,1234.1,1234.1,1233.8,1233.3,1232.8,1232.7,1233.1,1233.6,-2.6,35.4,1377.1,0.303,0.037,0.022,476.5,478.3,482.9,490.3,506.6,532.0,559.9,592.6,631.1,668.9,703.0,732.6,756.9,772.7,780.6,786.5,790.6,501.3,522.3,547.2,572.4,596.6,678.4,706.4,731.3,755.2,772.1,638.3,637.4,636.6,636.0,596.3,614.9,634.3,654.3,672.0,535.8,554.4,575.0,592.0,572.6,552.4,679.2,697.9,718.6,735.6,719.6,699.8,556.3,585.4,613.5,633.4,656.3,684.1,710.2,683.7,655.6,631.3,610.0,582.2,565.4,613.0,633.3,656.4,700.7,655.7,632.3,611.5,332.3,377.9,422.6,465.5,504.3,539.8,570.5,597.0,604.9,597.4,573.0,543.9,511.4,475.1,435.6,393.0,349.0,315.6,302.1,299.9,305.6,316.5,318.4,308.4,305.5,308.8,322.3,358.3,390.6,422.8,455.1,454.7,465.0,473.8,466.0,457.7,355.3,348.5,349.9,360.6,364.2,362.8,363.2,353.0,352.7,360.2,366.4,366.9,481.5,481.4,485.2,490.1,486.5,484.0,483.8,516.4,533.6,536.5,533.3,516.2,484.8,495.5,498.8,495.9,487.9,514.5,517.7,514.3,-77.2,-76.6,-74.7,-71.4,-63.6,-51.4,-37.9,-22.2,-4.2,13.6,29.8,44.1,55.6,62.8,66.1,68.7,70.5,-63.7,-53.8,-42.2,-30.6,-19.6,17.3,30.0,41.4,52.5,60.5,-0.8,-1.2,-1.6,-1.8,-20.0,-11.4,-2.6,6.5,14.6,-47.8,-39.2,-29.7,-21.9,-30.8,-40.0,17.9,26.4,35.9,43.7,36.3,27.3,-39.0,-25.2,-12.1,-3.0,7.4,20.3,32.7,20.2,7.2,-4.0,-13.7,-26.7,-34.8,-12.4,-3.1,7.5,28.2,7.2,-3.5,-13.1,-13.1,8.5,29.8,50.3,68.9,85.6,99.6,111.1,114.5,111.4,100.8,87.5,72.0,54.4,35.5,15.5,-5.1,-20.4,-26.4,-27.3,-24.6,-19.6,-18.7,-23.3,-24.7,-23.3,-17.3,-0.8,13.8,28.4,42.9,43.2,47.8,51.7,48.2,44.5,-2.2,-5.3,-4.6,0.3,1.9,1.3,1.5,-3.2,-3.3,0.1,2.9,3.2,56.6,55.9,57.3,59.5,57.8,57.1,57.6,72.1,79.5,80.8,79.4,72.1,58.2,62.1,63.5,62.3,59.4,70.9,72.3,70.8,1416.8,1421.9,1427.2,1431.1,1431.8,1428.5,1419.7,1407.0,1402.8,1407.8,1420.2,1427.9,1426.8,1419.5,1411.2,1406.5,1405.1,1377.7,1370.1,1363.7,1358.1,1352.6,1350.4,1356.1,1360.3,1366.2,1373.8,1358.3,1356.7,1354.8,1353.9,1369.9,1366.2,1363.7,1364.9,1367.1,1375.0,1371.4,1370.5,1370.7,1370.3,1371.3,1369.1,1368.9,1369.5,1372.4,1369.5,1368.7,1399.1,1382.7,1373.9,1372.2,1372.2,1381.3,1396.3,1383.7,1373.8,1372.8,1374.9,1384.5,1397.7,1375.7,1374.0,1374.2,1393.9,1375.9,1375.0,1377.4,2.169,0.33,0.043,0.02,634.536,436.499,-35.651,5.659,13.327,-18.008,3.632,15.025,-16.817,6.6770000000000005,-10.46,-5.196000000000001,-13.57,0.942,0.361,1.658,5.997000000000001,4.5,1.88,-2.016,-2.826,-1.568,0.8,1.968,-0.003,-2.964,0.099,3.494,-0.158,-0.794,0.906,0.213,0.495,-0.77,0.422,0.045,0.76,0.9,0.42,0.11,2.12,1.84,0.34,2.17,3.46,1.28,0.0,0.0,0.1,0.0,2.89,0.06,0.86,1.0,1.0,0.0,0.0,1.0,1.0,0.0,1.0,1.0,1.0,0.0,0.0,0.0,0.0,1.0,0.0,0.0,0.0,
138.0,4.571000000000001,0.98,0.054434,0.304242,-0.951038,-0.088708,0.266676,-0.959695,-0.018,0.29,551.1,555.7,566.1,576.2,580.0,576.0,564.9,554.9,538.2,543.1,552.1,564.1,576.2,584.8,590.2,583.6,573.9,562.9,552.6,543.9,561.2,565.4,569.8,571.7,570.1,565.9,561.6,559.6,691.5,694.8,704.6,715.0,719.9,716.6,706.9,695.9,682.6,687.6,695.7,707.5,719.5,728.4,733.7,727.9,719.5,709.7,698.7,689.2,701.9,706.2,710.2,711.6,709.5,705.2,701.2,699.9,354.8,345.6,342.4,347.1,357.0,366.7,369.4,364.7,356.4,352.6,351.4,350.8,352.6,356.6,362.6,365.0,366.5,366.7,364.9,361.3,358.8,360.8,359.5,355.6,351.5,349.5,350.8,354.7,359.6,349.2,344.2,347.5,357.2,367.6,372.6,369.9,364.0,358.6,355.2,354.0,355.5,357.7,362.1,365.4,367.5,368.5,368.1,366.6,362.5,363.9,361.8,357.5,353.5,352.2,354.3,358.6,-35.8,-33.9,-29.7,-25.7,-24.2,-25.8,-30.3,-34.3,-41.2,-39.1,-35.4,-30.5,-25.7,-22.2,-20.1,-22.8,-26.7,-31.1,-35.3,-38.9,-31.8,-30.1,-28.3,-27.5,-28.1,-29.8,-31.6,-32.4,21.5,22.9,26.9,31.3,33.4,32.0,28.0,23.3,17.8,19.9,23.2,28.1,33.2,37.0,39.3,36.8,33.2,29.1,24.5,20.6,25.9,27.7,29.3,29.9,29.0,27.2,25.6,25.0,-2.1,-5.8,-7.1,-5.2,-1.2,2.7,3.8,1.9,-1.4,-3.0,-3.5,-3.7,-3.0,-1.4,1.0,2.0,2.6,2.7,2.0,0.5,-0.5,0.3,-0.2,-1.8,-3.4,-4.2,-3.7,-2.1,-0.2,-4.5,-6.6,-5.2,-1.2,3.2,5.3,4.1,1.7,-0.6,-2.0,-2.5,-1.9,-1.0,0.9,2.3,3.1,3.6,3.4,2.8,1.1,1.6,0.8,-1.0,-2.7,-3.3,-2.4,-0.6,1208.7,1207.0,1206.0,1206.5,1208.1,1210.2,1210.8,1210.3,1214.6,1211.1,1207.7,1205.9,1206.7,1208.9,1211.8,1210.9,1209.8,1209.8,1211.0,1213.0,1209.9,1210.1,1209.8,1209.0,1208.4,1208.2,1208.5,1209.3,1252.5,1251.5,1251.1,1251.4,1252.3,1253.2,1253.7,1253.7,1255.2,1252.8,1250.8,1250.0,1251.5,1254.1,1257.3,1255.4,1253.5,1252.2,1252.4,1253.9,1253.6,1253.7,1253.5,1253.1,1252.8,1252.6,1252.8,1253.2,-2.7,36.4,1379.3,0.314,0.036,0.02,476.0,477.9,482.5,490.0,506.4,531.9,560.1,592.9,631.3,669.1,703.1,732.6,756.8,772.6,780.4,786.1,790.0,501.2,521.9,546.9,572.2,596.4,678.1,705.9,730.7,754.6,771.3,638.1,637.3,636.5,636.0,596.4,615.0,634.3,654.2,671.8,535.9,554.4,575.0,591.7,572.5,552.5,679.1,697.5,718.1,734.8,719.1,699.5,556.4,585.4,613.5,633.4,656.3,683.9,709.8,683.6,655.7,631.3,609.9,582.2,565.5,612.9,633.2,656.4,700.3,655.8,632.3,611.4,334.2,379.6,424.0,466.7,505.7,541.3,572.3,599.0,606.9,599.0,574.0,544.7,512.1,475.9,436.7,394.4,350.5,318.2,304.5,302.3,308.2,319.2,321.0,310.8,307.8,310.8,324.1,360.7,393.1,425.4,457.8,456.9,467.3,476.2,468.3,460.0,357.4,350.5,351.9,362.6,366.2,364.8,365.0,354.8,354.4,362.0,368.2,368.7,483.3,483.5,487.5,492.3,488.7,485.9,485.4,518.1,535.4,538.5,535.1,518.1,486.7,497.6,500.9,498.0,489.6,516.6,519.8,516.4,-77.5,-76.9,-75.0,-71.7,-63.9,-51.5,-37.9,-22.1,-4.1,13.7,29.9,44.1,55.6,62.8,66.1,68.6,70.3,-63.8,-54.0,-42.4,-30.7,-19.7,17.2,29.8,41.2,52.2,60.2,-0.8,-1.2,-1.6,-1.8,-19.9,-11.4,-2.6,6.5,14.5,-47.7,-39.2,-29.7,-22.1,-30.8,-40.0,17.9,26.3,35.7,43.4,36.1,27.2,-39.0,-25.2,-12.2,-3.0,7.5,20.3,32.5,20.1,7.2,-4.0,-13.8,-26.7,-34.8,-12.4,-3.1,7.5,28.1,7.2,-3.5,-13.2,-12.2,9.3,30.5,51.0,69.6,86.5,100.6,112.3,115.7,112.4,101.5,88.0,72.5,54.9,36.1,16.1,-4.5,-19.2,-25.4,-26.3,-23.5,-18.4,-17.6,-22.3,-23.7,-22.4,-16.4,0.3,15.0,29.6,44.2,44.3,49.0,52.9,49.4,45.6,-1.2,-4.4,-3.7,1.2,2.8,2.2,2.3,-2.4,-2.5,0.9,3.7,4.0,57.6,57.0,58.5,60.7,59.0,58.1,58.5,73.1,80.5,81.8,80.4,73.1,59.1,63.2,64.7,63.3,60.3,72.0,73.4,72.0,1418.0,1423.5,1429.1,1433.4,1434.0,1430.8,1422.1,1409.5,1405.4,1410.4,1422.5,1430.0,1428.7,1421.4,1413.0,1407.9,1406.0,1379.0,1371.4,1365.0,1359.6,1354.4,1352.4,1357.8,1361.7,1367.5,1375.0,1360.0,1358.7,1357.0,1356.3,1372.2,1368.6,1366.1,1367.3,1369.4,1376.3,1372.7,1371.9,1372.3,1371.8,1372.7,1370.8,1370.4,1370.9,1373.9,1371.1,1370.3,1401.3,1385.2,1376.6,1374.9,1374.9,1383.9,1398.7,1386.5,1376.8,1375.8,1377.8,1387.1,1400.0,1378.3,1376.7,1376.9,1396.3,1378.8,1377.9,1380.3,2.166,0.341,0.043,0.018,634.379,438.4380000000001,-37.793,6.069,12.736,-18.578,3.644,15.657,-16.322,6.323,-9.756,-4.704,-13.459,0.868,0.623,1.764,6.086,4.481,1.6030000000000002,-1.947,-2.692,-1.298,0.421,1.786,-0.16,-3.012,0.365,3.729,-0.1369999999999999,-0.7140000000000001,1.012,0.225,0.541,-0.765,0.446,0.02,0.79,0.86,0.55,0.09,2.1,1.9,0.38,2.08,3.43,1.35,0.0,0.0,0.0,0.0,2.89,0.08,0.85,0.0,1.0,0.0,0.0,1.0,1.0,0.0,1.0,1.0,1.0,0.0,0.0,0.0,0.0,1.0,0.0,0.0,0.0,
,,,,,,,,,,,,,,,,,,,,,,,,,,,,,,,,,,,,,,,,,,,,,,,,,,,,,,,,,,,,,,,,,,,,,,,,,,,,,,,,,,,,,,,,,,,,,,,,,,,,,,,,,,,,,,,,,,,,,,,,,,,,,,,,,,,,,,,,,,,,,,,,,,,,,,,,,,,,,,,,,,,,,,,,,,,,,,,,,,,,,,,,,,,,,,,,,,,,,,,,,,,,,,,,,,,,,,,,,,,,,,,,,,,,,,,,,,,,,,,,,,,,,,,,,,,,,,,,,,,,,,,,,,,,,,,,,,,,,,,,,,,,,,,,,,,,,,,,,,,,,,,,,,,,,,,,,,,,,,,,,,,,,,,,,,,,,,,,,,,,,,,,,,,,,,,,,,,,,,,,,,,,,,,,,,,,,,,,,,,,,,,,,,,,,,,,,,,,,,,,,,,,,,,,,,,,,,,,,,,,,,,,,,,,,,,,,,,,,,,,,,,,,,,,,,,,,,,,,,,,,,,,,,,,,,,,,,,,,,,,,,,,,,,,,,,,,,,,,,,,,,,,,,,,,,,,,,,,,,,,,,,,,,,,,,,,,,,,,,,,,,,,,,,,,,,,,,,,,,,,,,,,,,,,,,,,,,,,,,,,,,,,,,,,,,,,,,,,,,,,,,,,,,,,,,,,,,,,,,,,,,,,,,,,,,,,,,,,,,,,,,,,,,,,,,,,,,,,,,,,,,,,,,,,,,,,,,,,,,,,,,,,,,,,,,,,,,,,,,,,,,,,,,,,,,,,
,,,,,,,,,,,,,,,,,,,,,,,,,,,,,,,,,,,,,,,,,,,,,,,,,,,,,,,,,,,,,,,,,,,,,,,,,,,,,,,,,,,,,,,,,,,,,,,,,,,,,,,,,,,,,,,,,,,,,,,,,,,,,,,,,,,,,,,,,,,,,,,,,,,,,,,,,,,,,,,,,,,,,,,,,,,,,,,,,,,,,,,,,,,,,,,,,,,,,,,,,,,,,,,,,,,,,,,,,,,,,,,,,,,,,,,,,,,,,,,,,,,,,,,,,,,,,,,,,,,,,,,,,,,,,,,,,,,,,,,,,,,,,,,,,,,,,,,,,,,,,,,,,,,,,,,,,,,,,,,,,,,,,,,,,,,,,,,,,,,,,,,,,,,,,,,,,,,,,,,,,,,,,,,,,,,,,,,,,,,,,,,,,,,,,,,,,,,,,,,,,,,,,,,,,,,,,,,,,,,,,,,,,,,,,,,,,,,,,,,,,,,,,,,,,,,,,,,,,,,,,,,,,,,,,,,,,,,,,,,,,,,,,,,,,,,,,,,,,,,,,,,,,,,,,,,,,,,,,,,,,,,,,,,,,,,,,,,,,,,,,,,,,,,,,,,,,,,,,,,,,,,,,,,,,,,,,,,,,,,,,,,,,,,,,,,,,,,,,,,,,,,,,,,,,,,,,,,,,,,,,,,,,,,,,,,,,,,,,,,,,,,,,,,,,,,,,,,,,,,,,,,,,,,,,,,,,,,,,,,,,,,,,,,,,,,,,,,,,,,,,,,,,,,,,,,,
,,,,,,,,,,,,,,,,,,,,,,,,,,,,,,,,,,,,,,,,,,,,,,,,,,,,,,,,,,,,,,,,,,,,,,,,,,,,,,,,,,,,,,,,,,,,,,,,,,,,,,,,,,,,,,,,,,,,,,,,,,,,,,,,,,,,,,,,,,,,,,,,,,,,,,,,,,,,,,,,,,,,,,,,,,,,,,,,,,,,,,,,,,,,,,,,,,,,,,,,,,,,,,,,,,,,,,,,,,,,,,,,,,,,,,,,,,,,,,,,,,,,,,,,,,,,,,,,,,,,,,,,,,,,,,,,,,,,,,,,,,,,,,,,,,,,,,,,,,,,,,,,,,,,,,,,,,,,,,,,,,,,,,,,,,,,,,,,,,,,,,,,,,,,,,,,,,,,,,,,,,,,,,,,,,,,,,,,,,,,,,,,,,,,,,,,,,,,,,,,,,,,,,,,,,,,,,,,,,,,,,,,,,,,,,,,,,,,,,,,,,,,,,,,,,,,,,,,,,,,,,,,,,,,,,,,,,,,,,,,,,,,,,,,,,,,,,,,,,,,,,,,,,,,,,,,,,,,,,,,,,,,,,,,,,,,,,,,,,,,,,,,,,,,,,,,,,,,,,,,,,,,,,,,,,,,,,,,,,,,,,,,,,,,,,,,,,,,,,,,,,,,,,,,,,,,,,,,,,,,,,,,,,,,,,,,,,,,,,,,,,,,,,,,,,,,,,,,,,,,,,,,,,,,,,,,,,,,,,,,,,,,,,,,,,,,,,,,,,,,,,,,,,,,,,,,
,,,,,,,,,,,,,,,,,,,,,,,,,,,,,,,,,,,,,,,,,,,,,,,,,,,,,,,,,,,,,,,,,,,,,,,,,,,,,,,,,,,,,,,,,,,,,,,,,,,,,,,,,,,,,,,,,,,,,,,,,,,,,,,,,,,,,,,,,,,,,,,,,,,,,,,,,,,,,,,,,,,,,,,,,,,,,,,,,,,,,,,,,,,,,,,,,,,,,,,,,,,,,,,,,,,,,,,,,,,,,,,,,,,,,,,,,,,,,,,,,,,,,,,,,,,,,,,,,,,,,,,,,,,,,,,,,,,,,,,,,,,,,,,,,,,,,,,,,,,,,,,,,,,,,,,,,,,,,,,,,,,,,,,,,,,,,,,,,,,,,,,,,,,,,,,,,,,,,,,,,,,,,,,,,,,,,,,,,,,,,,,,,,,,,,,,,,,,,,,,,,,,,,,,,,,,,,,,,,,,,,,,,,,,,,,,,,,,,,,,,,,,,,,,,,,,,,,,,,,,,,,,,,,,,,,,,,,,,,,,,,,,,,,,,,,,,,,,,,,,,,,,,,,,,,,,,,,,,,,,,,,,,,,,,,,,,,,,,,,,,,,,,,,,,,,,,,,,,,,,,,,,,,,,,,,,,,,,,,,,,,,,,,,,,,,,,,,,,,,,,,,,,,,,,,,,,,,,,,,,,,,,,,,,,,,,,,,,,,,,,,,,,,,,,,,,,,,,,,,,,,,,,,,,,,,,,,,,,,,,,,,,,,,,,,,,,,,,,,,,,,,,,,,,,,,,
,,,,,,,,,,,,,,,,,,,,,,,,,,,,,,,,,,,,,,,,,,,,,,,,,,,,,,,,,,,,,,,,,,,,,,,,,,,,,,,,,,,,,,,,,,,,,,,,,,,,,,,,,,,,,,,,,,,,,,,,,,,,,,,,,,,,,,,,,,,,,,,,,,,,,,,,,,,,,,,,,,,,,,,,,,,,,,,,,,,,,,,,,,,,,,,,,,,,,,,,,,,,,,,,,,,,,,,,,,,,,,,,,,,,,,,,,,,,,,,,,,,,,,,,,,,,,,,,,,,,,,,,,,,,,,,,,,,,,,,,,,,,,,,,,,,,,,,,,,,,,,,,,,,,,,,,,,,,,,,,,,,,,,,,,,,,,,,,,,,,,,,,,,,,,,,,,,,,,,,,,,,,,,,,,,,,,,,,,,,,,,,,,,,,,,,,,,,,,,,,,,,,,,,,,,,,,,,,,,,,,,,,,,,,,,,,,,,,,,,,,,,,,,,,,,,,,,,,,,,,,,,,,,,,,,,,,,,,,,,,,,,,,,,,,,,,,,,,,,,,,,,,,,,,,,,,,,,,,,,,,,,,,,,,,,,,,,,,,,,,,,,,,,,,,,,,,,,,,,,,,,,,,,,,,,,,,,,,,,,,,,,,,,,,,,,,,,,,,,,,,,,,,,,,,,,,,,,,,,,,,,,,,,,,,,,,,,,,,,,,,,,,,,,,,,,,,,,,,,,,,,,,,,,,,,,,,,,,,,,,,,,,,,,,,,,,,,,,,,,,,,,,,,,,,,,,
,,,,,,,,,,,,,,,,,,,,,,,,,,,,,,,,,,,,,,,,,,,,,,,,,,,,,,,,,,,,,,,,,,,,,,,,,,,,,,,,,,,,,,,,,,,,,,,,,,,,,,,,,,,,,,,,,,,,,,,,,,,,,,,,,,,,,,,,,,,,,,,,,,,,,,,,,,,,,,,,,,,,,,,,,,,,,,,,,,,,,,,,,,,,,,,,,,,,,,,,,,,,,,,,,,,,,,,,,,,,,,,,,,,,,,,,,,,,,,,,,,,,,,,,,,,,,,,,,,,,,,,,,,,,,,,,,,,,,,,,,,,,,,,,,,,,,,,,,,,,,,,,,,,,,,,,,,,,,,,,,,,,,,,,,,,,,,,,,,,,,,,,,,,,,,,,,,,,,,,,,,,,,,,,,,,,,,,,,,,,,,,,,,,,,,,,,,,,,,,,,,,,,,,,,,,,,,,,,,,,,,,,,,,,,,,,,,,,,,,,,,,,,,,,,,,,,,,,,,,,,,,,,,,,,,,,,,,,,,,,,,,,,,,,,,,,,,,,,,,,,,,,,,,,,,,,,,,,,,,,,,,,,,,,,,,,,,,,,,,,,,,,,,,,,,,,,,,,,,,,,,,,,,,,,,,,,,,,,,,,,,,,,,,,,,,,,,,,,,,,,,,,,,,,,,,,,,,,,,,,,,,,,,,,,,,,,,,,,,,,,,,,,,,,,,,,,,,,,,,,,,,,,,,,,,,,,,,,,,,,,,,,,,,,,,,,,,,,,,,,,,,,,,,,,,,,
,,,,,,,,,,,,,,,,,,,,,,,,,,,,,,,,,,,,,,,,,,,,,,,,,,,,,,,,,,,,,,,,,,,,,,,,,,,,,,,,,,,,,,,,,,,,,,,,,,,,,,,,,,,,,,,,,,,,,,,,,,,,,,,,,,,,,,,,,,,,,,,,,,,,,,,,,,,,,,,,,,,,,,,,,,,,,,,,,,,,,,,,,,,,,,,,,,,,,,,,,,,,,,,,,,,,,,,,,,,,,,,,,,,,,,,,,,,,,,,,,,,,,,,,,,,,,,,,,,,,,,,,,,,,,,,,,,,,,,,,,,,,,,,,,,,,,,,,,,,,,,,,,,,,,,,,,,,,,,,,,,,,,,,,,,,,,,,,,,,,,,,,,,,,,,,,,,,,,,,,,,,,,,,,,,,,,,,,,,,,,,,,,,,,,,,,,,,,,,,,,,,,,,,,,,,,,,,,,,,,,,,,,,,,,,,,,,,,,,,,,,,,,,,,,,,,,,,,,,,,,,,,,,,,,,,,,,,,,,,,,,,,,,,,,,,,,,,,,,,,,,,,,,,,,,,,,,,,,,,,,,,,,,,,,,,,,,,,,,,,,,,,,,,,,,,,,,,,,,,,,,,,,,,,,,,,,,,,,,,,,,,,,,,,,,,,,,,,,,,,,,,,,,,,,,,,,,,,,,,,,,,,,,,,,,,,,,,,,,,,,,,,,,,,,,,,,,,,,,,,,,,,,,,,,,,,,,,,,,,,,,,,,,,,,,,,,,,,,,,,,,,,,,,,,,,,
,,,,,,,,,,,,,,,,,,,,,,,,,,,,,,,,,,,,,,,,,,,,,,,,,,,,,,,,,,,,,,,,,,,,,,,,,,,,,,,,,,,,,,,,,,,,,,,,,,,,,,,,,,,,,,,,,,,,,,,,,,,,,,,,,,,,,,,,,,,,,,,,,,,,,,,,,,,,,,,,,,,,,,,,,,,,,,,,,,,,,,,,,,,,,,,,,,,,,,,,,,,,,,,,,,,,,,,,,,,,,,,,,,,,,,,,,,,,,,,,,,,,,,,,,,,,,,,,,,,,,,,,,,,,,,,,,,,,,,,,,,,,,,,,,,,,,,,,,,,,,,,,,,,,,,,,,,,,,,,,,,,,,,,,,,,,,,,,,,,,,,,,,,,,,,,,,,,,,,,,,,,,,,,,,,,,,,,,,,,,,,,,,,,,,,,,,,,,,,,,,,,,,,,,,,,,,,,,,,,,,,,,,,,,,,,,,,,,,,,,,,,,,,,,,,,,,,,,,,,,,,,,,,,,,,,,,,,,,,,,,,,,,,,,,,,,,,,,,,,,,,,,,,,,,,,,,,,,,,,,,,,,,,,,,,,,,,,,,,,,,,,,,,,,,,,,,,,,,,,,,,,,,,,,,,,,,,,,,,,,,,,,,,,,,,,,,,,,,,,,,,,,,,,,,,,,,,,,,,,,,,,,,,,,,,,,,,,,,,,,,,,,,,,,,,,,,,,,,,,,,,,,,,,,,,,,,,,,,,,,,,,,,,,,,,,,,,,,,,,,,,,,,,,,,,,,
,,,,,,,,,,,,,,,,,,,,,,,,,,,,,,,,,,,,,,,,,,,,,,,,,,,,,,,,,,,,,,,,,,,,,,,,,,,,,,,,,,,,,,,,,,,,,,,,,,,,,,,,,,,,,,,,,,,,,,,,,,,,,,,,,,,,,,,,,,,,,,,,,,,,,,,,,,,,,,,,,,,,,,,,,,,,,,,,,,,,,,,,,,,,,,,,,,,,,,,,,,,,,,,,,,,,,,,,,,,,,,,,,,,,,,,,,,,,,,,,,,,,,,,,,,,,,,,,,,,,,,,,,,,,,,,,,,,,,,,,,,,,,,,,,,,,,,,,,,,,,,,,,,,,,,,,,,,,,,,,,,,,,,,,,,,,,,,,,,,,,,,,,,,,,,,,,,,,,,,,,,,,,,,,,,,,,,,,,,,,,,,,,,,,,,,,,,,,,,,,,,,,,,,,,,,,,,,,,,,,,,,,,,,,,,,,,,,,,,,,,,,,,,,,,,,,,,,,,,,,,,,,,,,,,,,,,,,,,,,,,,,,,,,,,,,,,,,,,,,,,,,,,,,,,,,,,,,,,,,,,,,,,,,,,,,,,,,,,,,,,,,,,,,,,,,,,,,,,,,,,,,,,,,,,,,,,,,,,,,,,,,,,,,,,,,,,,,,,,,,,,,,,,,,,,,,,,,,,,,,,,,,,,,,,,,,,,,,,,,,,,,,,,,,,,,,,,,,,,,,,,,,,,,,,,,,,,,,,,,,,,,,,,,,,,,,,,,,,,,,,,,,,,,,,,,,
,,,,,,,,,,,,,,,,,,,,,,,,,,,,,,,,,,,,,,,,,,,,,,,,,,,,,,,,,,,,,,,,,,,,,,,,,,,,,,,,,,,,,,,,,,,,,,,,,,,,,,,,,,,,,,,,,,,,,,,,,,,,,,,,,,,,,,,,,,,,,,,,,,,,,,,,,,,,,,,,,,,,,,,,,,,,,,,,,,,,,,,,,,,,,,,,,,,,,,,,,,,,,,,,,,,,,,,,,,,,,,,,,,,,,,,,,,,,,,,,,,,,,,,,,,,,,,,,,,,,,,,,,,,,,,,,,,,,,,,,,,,,,,,,,,,,,,,,,,,,,,,,,,,,,,,,,,,,,,,,,,,,,,,,,,,,,,,,,,,,,,,,,,,,,,,,,,,,,,,,,,,,,,,,,,,,,,,,,,,,,,,,,,,,,,,,,,,,,,,,,,,,,,,,,,,,,,,,,,,,,,,,,,,,,,,,,,,,,,,,,,,,,,,,,,,,,,,,,,,,,,,,,,,,,,,,,,,,,,,,,,,,,,,,,,,,,,,,,,,,,,,,,,,,,,,,,,,,,,,,,,,,,,,,,,,,,,,,,,,,,,,,,,,,,,,,,,,,,,,,,,,,,,,,,,,,,,,,,,,,,,,,,,,,,,,,,,,,,,,,,,,,,,,,,,,,,,,,,,,,,,,,,,,,,,,,,,,,,,,,,,,,,,,,,,,,,,,,,,,,,,,,,,,,,,,,,,,,,,,,,,,,,,,,,,,,,,,,,,,,,,,,,,,,,,,,
,,,,,,,,,,,,,,,,,,,,,,,,,,,,,,,,,,,,,,,,,,,,,,,,,,,,,,,,,,,,,,,,,,,,,,,,,,,,,,,,,,,,,,,,,,,,,,,,,,,,,,,,,,,,,,,,,,,,,,,,,,,,,,,,,,,,,,,,,,,,,,,,,,,,,,,,,,,,,,,,,,,,,,,,,,,,,,,,,,,,,,,,,,,,,,,,,,,,,,,,,,,,,,,,,,,,,,,,,,,,,,,,,,,,,,,,,,,,,,,,,,,,,,,,,,,,,,,,,,,,,,,,,,,,,,,,,,,,,,,,,,,,,,,,,,,,,,,,,,,,,,,,,,,,,,,,,,,,,,,,,,,,,,,,,,,,,,,,,,,,,,,,,,,,,,,,,,,,,,,,,,,,,,,,,,,,,,,,,,,,,,,,,,,,,,,,,,,,,,,,,,,,,,,,,,,,,,,,,,,,,,,,,,,,,,,,,,,,,,,,,,,,,,,,,,,,,,,,,,,,,,,,,,,,,,,,,,,,,,,,,,,,,,,,,,,,,,,,,,,,,,,,,,,,,,,,,,,,,,,,,,,,,,,,,,,,,,,,,,,,,,,,,,,,,,,,,,,,,,,,,,,,,,,,,,,,,,,,,,,,,,,,,,,,,,,,,,,,,,,,,,,,,,,,,,,,,,,,,,,,,,,,,,,,,,,,,,,,,,,,,,,,,,,,,,,,,,,,,,,,,,,,,,,,,,,,,,,,,,,,,,,,,,,,,,,,,,,,,,,,,,,,,,,,,,,,
,,,,,,,,,,,,,,,,,,,,,,,,,,,,,,,,,,,,,,,,,,,,,,,,,,,,,,,,,,,,,,,,,,,,,,,,,,,,,,,,,,,,,,,,,,,,,,,,,,,,,,,,,,,,,,,,,,,,,,,,,,,,,,,,,,,,,,,,,,,,,,,,,,,,,,,,,,,,,,,,,,,,,,,,,,,,,,,,,,,,,,,,,,,,,,,,,,,,,,,,,,,,,,,,,,,,,,,,,,,,,,,,,,,,,,,,,,,,,,,,,,,,,,,,,,,,,,,,,,,,,,,,,,,,,,,,,,,,,,,,,,,,,,,,,,,,,,,,,,,,,,,,,,,,,,,,,,,,,,,,,,,,,,,,,,,,,,,,,,,,,,,,,,,,,,,,,,,,,,,,,,,,,,,,,,,,,,,,,,,,,,,,,,,,,,,,,,,,,,,,,,,,,,,,,,,,,,,,,,,,,,,,,,,,,,,,,,,,,,,,,,,,,,,,,,,,,,,,,,,,,,,,,,,,,,,,,,,,,,,,,,,,,,,,,,,,,,,,,,,,,,,,,,,,,,,,,,,,,,,,,,,,,,,,,,,,,,,,,,,,,,,,,,,,,,,,,,,,,,,,,,,,,,,,,,,,,,,,,,,,,,,,,,,,,,,,,,,,,,,,,,,,,,,,,,,,,,,,,,,,,,,,,,,,,,,,,,,,,,,,,,,,,,,,,,,,,,,,,,,,,,,,,,,,,,,,,,,,,,,,,,,,,,,,,,,,,,,,,,,,,,,,,,,,,,,,
,,,,,,,,,,,,,,,,,,,,,,,,,,,,,,,,,,,,,,,,,,,,,,,,,,,,,,,,,,,,,,,,,,,,,,,,,,,,,,,,,,,,,,,,,,,,,,,,,,,,,,,,,,,,,,,,,,,,,,,,,,,,,,,,,,,,,,,,,,,,,,,,,,,,,,,,,,,,,,,,,,,,,,,,,,,,,,,,,,,,,,,,,,,,,,,,,,,,,,,,,,,,,,,,,,,,,,,,,,,,,,,,,,,,,,,,,,,,,,,,,,,,,,,,,,,,,,,,,,,,,,,,,,,,,,,,,,,,,,,,,,,,,,,,,,,,,,,,,,,,,,,,,,,,,,,,,,,,,,,,,,,,,,,,,,,,,,,,,,,,,,,,,,,,,,,,,,,,,,,,,,,,,,,,,,,,,,,,,,,,,,,,,,,,,,,,,,,,,,,,,,,,,,,,,,,,,,,,,,,,,,,,,,,,,,,,,,,,,,,,,,,,,,,,,,,,,,,,,,,,,,,,,,,,,,,,,,,,,,,,,,,,,,,,,,,,,,,,,,,,,,,,,,,,,,,,,,,,,,,,,,,,,,,,,,,,,,,,,,,,,,,,,,,,,,,,,,,,,,,,,,,,,,,,,,,,,,,,,,,,,,,,,,,,,,,,,,,,,,,,,,,,,,,,,,,,,,,,,,,,,,,,,,,,,,,,,,,,,,,,,,,,,,,,,,,,,,,,,,,,,,,,,,,,,,,,,,,,,,,,,,,,,,,,,,,,,,,,,,,,,,,,,,,,,,,,
,,,,,,,,,,,,,,,,,,,,,,,,,,,,,,,,,,,,,,,,,,,,,,,,,,,,,,,,,,,,,,,,,,,,,,,,,,,,,,,,,,,,,,,,,,,,,,,,,,,,,,,,,,,,,,,,,,,,,,,,,,,,,,,,,,,,,,,,,,,,,,,,,,,,,,,,,,,,,,,,,,,,,,,,,,,,,,,,,,,,,,,,,,,,,,,,,,,,,,,,,,,,,,,,,,,,,,,,,,,,,,,,,,,,,,,,,,,,,,,,,,,,,,,,,,,,,,,,,,,,,,,,,,,,,,,,,,,,,,,,,,,,,,,,,,,,,,,,,,,,,,,,,,,,,,,,,,,,,,,,,,,,,,,,,,,,,,,,,,,,,,,,,,,,,,,,,,,,,,,,,,,,,,,,,,,,,,,,,,,,,,,,,,,,,,,,,,,,,,,,,,,,,,,,,,,,,,,,,,,,,,,,,,,,,,,,,,,,,,,,,,,,,,,,,,,,,,,,,,,,,,,,,,,,,,,,,,,,,,,,,,,,,,,,,,,,,,,,,,,,,,,,,,,,,,,,,,,,,,,,,,,,,,,,,,,,,,,,,,,,,,,,,,,,,,,,,,,,,,,,,,,,,,,,,,,,,,,,,,,,,,,,,,,,,,,,,,,,,,,,,,,,,,,,,,,,,,,,,,,,,,,,,,,,,,,,,,,,,,,,,,,,,,,,,,,,,,,,,,,,,,,,,,,,,,,,,,,,,,,,,,,,,,,,,,,,,,,,,,,,,,,,,,,,,,,,
,,,,,,,,,,,,,,,,,,,,,,,,,,,,,,,,,,,,,,,,,,,,,,,,,,,,,,,,,,,,,,,,,,,,,,,,,,,,,,,,,,,,,,,,,,,,,,,,,,,,,,,,,,,,,,,,,,,,,,,,,,,,,,,,,,,,,,,,,,,,,,,,,,,,,,,,,,,,,,,,,,,,,,,,,,,,,,,,,,,,,,,,,,,,,,,,,,,,,,,,,,,,,,,,,,,,,,,,,,,,,,,,,,,,,,,,,,,,,,,,,,,,,,,,,,,,,,,,,,,,,,,,,,,,,,,,,,,,,,,,,,,,,,,,,,,,,,,,,,,,,,,,,,,,,,,,,,,,,,,,,,,,,,,,,,,,,,,,,,,,,,,,,,,,,,,,,,,,,,,,,,,,,,,,,,,,,,,,,,,,,,,,,,,,,,,,,,,,,,,,,,,,,,,,,,,,,,,,,,,,,,,,,,,,,,,,,,,,,,,,,,,,,,,,,,,,,,,,,,,,,,,,,,,,,,,,,,,,,,,,,,,,,,,,,,,,,,,,,,,,,,,,,,,,,,,,,,,,,,,,,,,,,,,,,,,,,,,,,,,,,,,,,,,,,,,,,,,,,,,,,,,,,,,,,,,,,,,,,,,,,,,,,,,,,,,,,,,,,,,,,,,,,,,,,,,,,,,,,,,,,,,,,,,,,,,,,,,,,,,,,,,,,,,,,,,,,,,,,,,,,,,,,,,,,,,,,,,,,,,,,,,,,,,,,,,,,,,,,,,,,,,,,,,,,,,,
,,,,,,,,,,,,,,,,,,,,,,,,,,,,,,,,,,,,,,,,,,,,,,,,,,,,,,,,,,,,,,,,,,,,,,,,,,,,,,,,,,,,,,,,,,,,,,,,,,,,,,,,,,,,,,,,,,,,,,,,,,,,,,,,,,,,,,,,,,,,,,,,,,,,,,,,,,,,,,,,,,,,,,,,,,,,,,,,,,,,,,,,,,,,,,,,,,,,,,,,,,,,,,,,,,,,,,,,,,,,,,,,,,,,,,,,,,,,,,,,,,,,,,,,,,,,,,,,,,,,,,,,,,,,,,,,,,,,,,,,,,,,,,,,,,,,,,,,,,,,,,,,,,,,,,,,,,,,,,,,,,,,,,,,,,,,,,,,,,,,,,,,,,,,,,,,,,,,,,,,,,,,,,,,,,,,,,,,,,,,,,,,,,,,,,,,,,,,,,,,,,,,,,,,,,,,,,,,,,,,,,,,,,,,,,,,,,,,,,,,,,,,,,,,,,,,,,,,,,,,,,,,,,,,,,,,,,,,,,,,,,,,,,,,,,,,,,,,,,,,,,,,,,,,,,,,,,,,,,,,,,,,,,,,,,,,,,,,,,,,,,,,,,,,,,,,,,,,,,,,,,,,,,,,,,,,,,,,,,,,,,,,,,,,,,,,,,,,,,,,,,,,,,,,,,,,,,,,,,,,,,,,,,,,,,,,,,,,,,,,,,,,,,,,,,,,,,,,,,,,,,,,,,,,,,,,,,,,,,,,,,,,,,,,,,,,,,,,,,,,,,,,,,,,,,,,
,,,,,,,,,,,,,,,,,,,,,,,,,,,,,,,,,,,,,,,,,,,,,,,,,,,,,,,,,,,,,,,,,,,,,,,,,,,,,,,,,,,,,,,,,,,,,,,,,,,,,,,,,,,,,,,,,,,,,,,,,,,,,,,,,,,,,,,,,,,,,,,,,,,,,,,,,,,,,,,,,,,,,,,,,,,,,,,,,,,,,,,,,,,,,,,,,,,,,,,,,,,,,,,,,,,,,,,,,,,,,,,,,,,,,,,,,,,,,,,,,,,,,,,,,,,,,,,,,,,,,,,,,,,,,,,,,,,,,,,,,,,,,,,,,,,,,,,,,,,,,,,,,,,,,,,,,,,,,,,,,,,,,,,,,,,,,,,,,,,,,,,,,,,,,,,,,,,,,,,,,,,,,,,,,,,,,,,,,,,,,,,,,,,,,,,,,,,,,,,,,,,,,,,,,,,,,,,,,,,,,,,,,,,,,,,,,,,,,,,,,,,,,,,,,,,,,,,,,,,,,,,,,,,,,,,,,,,,,,,,,,,,,,,,,,,,,,,,,,,,,,,,,,,,,,,,,,,,,,,,,,,,,,,,,,,,,,,,,,,,,,,,,,,,,,,,,,,,,,,,,,,,,,,,,,,,,,,,,,,,,,,,,,,,,,,,,,,,,,,,,,,,,,,,,,,,,,,,,,,,,,,,,,,,,,,,,,,,,,,,,,,,,,,,,,,,,,,,,,,,,,,,,,,,,,,,,,,,,,,,,,,,,,,,,,,,,,,,,,,,,,,,,,,,,,,,
,,,,,,,,,,,,,,,,,,,,,,,,,,,,,,,,,,,,,,,,,,,,,,,,,,,,,,,,,,,,,,,,,,,,,,,,,,,,,,,,,,,,,,,,,,,,,,,,,,,,,,,,,,,,,,,,,,,,,,,,,,,,,,,,,,,,,,,,,,,,,,,,,,,,,,,,,,,,,,,,,,,,,,,,,,,,,,,,,,,,,,,,,,,,,,,,,,,,,,,,,,,,,,,,,,,,,,,,,,,,,,,,,,,,,,,,,,,,,,,,,,,,,,,,,,,,,,,,,,,,,,,,,,,,,,,,,,,,,,,,,,,,,,,,,,,,,,,,,,,,,,,,,,,,,,,,,,,,,,,,,,,,,,,,,,,,,,,,,,,,,,,,,,,,,,,,,,,,,,,,,,,,,,,,,,,,,,,,,,,,,,,,,,,,,,,,,,,,,,,,,,,,,,,,,,,,,,,,,,,,,,,,,,,,,,,,,,,,,,,,,,,,,,,,,,,,,,,,,,,,,,,,,,,,,,,,,,,,,,,,,,,,,,,,,,,,,,,,,,,,,,,,,,,,,,,,,,,,,,,,,,,,,,,,,,,,,,,,,,,,,,,,,,,,,,,,,,,,,,,,,,,,,,,,,,,,,,,,,,,,,,,,,,,,,,,,,,,,,,,,,,,,,,,,,,,,,,,,,,,,,,,,,,,,,,,,,,,,,,,,,,,,,,,,,,,,,,,,,,,,,,,,,,,,,,,,,,,,,,,,,,,,,,,,,,,,,,,,,,,,,,,,,,,,,,,,
,,,,,,,,,,,,,,,,,,,,,,,,,,,,,,,,,,,,,,,,,,,,,,,,,,,,,,,,,,,,,,,,,,,,,,,,,,,,,,,,,,,,,,,,,,,,,,,,,,,,,,,,,,,,,,,,,,,,,,,,,,,,,,,,,,,,,,,,,,,,,,,,,,,,,,,,,,,,,,,,,,,,,,,,,,,,,,,,,,,,,,,,,,,,,,,,,,,,,,,,,,,,,,,,,,,,,,,,,,,,,,,,,,,,,,,,,,,,,,,,,,,,,,,,,,,,,,,,,,,,,,,,,,,,,,,,,,,,,,,,,,,,,,,,,,,,,,,,,,,,,,,,,,,,,,,,,,,,,,,,,,,,,,,,,,,,,,,,,,,,,,,,,,,,,,,,,,,,,,,,,,,,,,,,,,,,,,,,,,,,,,,,,,,,,,,,,,,,,,,,,,,,,,,,,,,,,,,,,,,,,,,,,,,,,,,,,,,,,,,,,,,,,,,,,,,,,,,,,,,,,,,,,,,,,,,,,,,,,,,,,,,,,,,,,,,,,,,,,,,,,,,,,,,,,,,,,,,,,,,,,,,,,,,,,,,,,,,,,,,,,,,,,,,,,,,,,,,,,,,,,,,,,,,,,,,,,,,,,,,,,,,,,,,,,,,,,,,,,,,,,,,,,,,,,,,,,,,,,,,,,,,,,,,,,,,,,,,,,,,,,,,,,,,,,,,,,,,,,,,,,,,,,,,,,,,,,,,,,,,,,,,,,,,,,,,,,,,,,,,,,,,,,,,,,,,,
,,,,,,,,,,,,,,,,,,,,,,,,,,,,,,,,,,,,,,,,,,,,,,,,,,,,,,,,,,,,,,,,,,,,,,,,,,,,,,,,,,,,,,,,,,,,,,,,,,,,,,,,,,,,,,,,,,,,,,,,,,,,,,,,,,,,,,,,,,,,,,,,,,,,,,,,,,,,,,,,,,,,,,,,,,,,,,,,,,,,,,,,,,,,,,,,,,,,,,,,,,,,,,,,,,,,,,,,,,,,,,,,,,,,,,,,,,,,,,,,,,,,,,,,,,,,,,,,,,,,,,,,,,,,,,,,,,,,,,,,,,,,,,,,,,,,,,,,,,,,,,,,,,,,,,,,,,,,,,,,,,,,,,,,,,,,,,,,,,,,,,,,,,,,,,,,,,,,,,,,,,,,,,,,,,,,,,,,,,,,,,,,,,,,,,,,,,,,,,,,,,,,,,,,,,,,,,,,,,,,,,,,,,,,,,,,,,,,,,,,,,,,,,,,,,,,,,,,,,,,,,,,,,,,,,,,,,,,,,,,,,,,,,,,,,,,,,,,,,,,,,,,,,,,,,,,,,,,,,,,,,,,,,,,,,,,,,,,,,,,,,,,,,,,,,,,,,,,,,,,,,,,,,,,,,,,,,,,,,,,,,,,,,,,,,,,,,,,,,,,,,,,,,,,,,,,,,,,,,,,,,,,,,,,,,,,,,,,,,,,,,,,,,,,,,,,,,,,,,,,,,,,,,,,,,,,,,,,,,,,,,,,,,,,,,,,,,,,,,,,,,,,,,,,,,,,
,,,,,,,,,,,,,,,,,,,,,,,,,,,,,,,,,,,,,,,,,,,,,,,,,,,,,,,,,,,,,,,,,,,,,,,,,,,,,,,,,,,,,,,,,,,,,,,,,,,,,,,,,,,,,,,,,,,,,,,,,,,,,,,,,,,,,,,,,,,,,,,,,,,,,,,,,,,,,,,,,,,,,,,,,,,,,,,,,,,,,,,,,,,,,,,,,,,,,,,,,,,,,,,,,,,,,,,,,,,,,,,,,,,,,,,,,,,,,,,,,,,,,,,,,,,,,,,,,,,,,,,,,,,,,,,,,,,,,,,,,,,,,,,,,,,,,,,,,,,,,,,,,,,,,,,,,,,,,,,,,,,,,,,,,,,,,,,,,,,,,,,,,,,,,,,,,,,,,,,,,,,,,,,,,,,,,,,,,,,,,,,,,,,,,,,,,,,,,,,,,,,,,,,,,,,,,,,,,,,,,,,,,,,,,,,,,,,,,,,,,,,,,,,,,,,,,,,,,,,,,,,,,,,,,,,,,,,,,,,,,,,,,,,,,,,,,,,,,,,,,,,,,,,,,,,,,,,,,,,,,,,,,,,,,,,,,,,,,,,,,,,,,,,,,,,,,,,,,,,,,,,,,,,,,,,,,,,,,,,,,,,,,,,,,,,,,,,,,,,,,,,,,,,,,,,,,,,,,,,,,,,,,,,,,,,,,,,,,,,,,,,,,,,,,,,,,,,,,,,,,,,,,,,,,,,,,,,,,,,,,,,,,,,,,,,,,,,,,,,,,,,,,,,,,,,,
,,,,,,,,,,,,,,,,,,,,,,,,,,,,,,,,,,,,,,,,,,,,,,,,,,,,,,,,,,,,,,,,,,,,,,,,,,,,,,,,,,,,,,,,,,,,,,,,,,,,,,,,,,,,,,,,,,,,,,,,,,,,,,,,,,,,,,,,,,,,,,,,,,,,,,,,,,,,,,,,,,,,,,,,,,,,,,,,,,,,,,,,,,,,,,,,,,,,,,,,,,,,,,,,,,,,,,,,,,,,,,,,,,,,,,,,,,,,,,,,,,,,,,,,,,,,,,,,,,,,,,,,,,,,,,,,,,,,,,,,,,,,,,,,,,,,,,,,,,,,,,,,,,,,,,,,,,,,,,,,,,,,,,,,,,,,,,,,,,,,,,,,,,,,,,,,,,,,,,,,,,,,,,,,,,,,,,,,,,,,,,,,,,,,,,,,,,,,,,,,,,,,,,,,,,,,,,,,,,,,,,,,,,,,,,,,,,,,,,,,,,,,,,,,,,,,,,,,,,,,,,,,,,,,,,,,,,,,,,,,,,,,,,,,,,,,,,,,,,,,,,,,,,,,,,,,,,,,,,,,,,,,,,,,,,,,,,,,,,,,,,,,,,,,,,,,,,,,,,,,,,,,,,,,,,,,,,,,,,,,,,,,,,,,,,,,,,,,,,,,,,,,,,,,,,,,,,,,,,,,,,,,,,,,,,,,,,,,,,,,,,,,,,,,,,,,,,,,,,,,,,,,,,,,,,,,,,,,,,,,,,,,,,,,,,,,,,,,,,,,,,,,,,,,,,,,
,,,,,,,,,,,,,,,,,,,,,,,,,,,,,,,,,,,,,,,,,,,,,,,,,,,,,,,,,,,,,,,,,,,,,,,,,,,,,,,,,,,,,,,,,,,,,,,,,,,,,,,,,,,,,,,,,,,,,,,,,,,,,,,,,,,,,,,,,,,,,,,,,,,,,,,,,,,,,,,,,,,,,,,,,,,,,,,,,,,,,,,,,,,,,,,,,,,,,,,,,,,,,,,,,,,,,,,,,,,,,,,,,,,,,,,,,,,,,,,,,,,,,,,,,,,,,,,,,,,,,,,,,,,,,,,,,,,,,,,,,,,,,,,,,,,,,,,,,,,,,,,,,,,,,,,,,,,,,,,,,,,,,,,,,,,,,,,,,,,,,,,,,,,,,,,,,,,,,,,,,,,,,,,,,,,,,,,,,,,,,,,,,,,,,,,,,,,,,,,,,,,,,,,,,,,,,,,,,,,,,,,,,,,,,,,,,,,,,,,,,,,,,,,,,,,,,,,,,,,,,,,,,,,,,,,,,,,,,,,,,,,,,,,,,,,,,,,,,,,,,,,,,,,,,,,,,,,,,,,,,,,,,,,,,,,,,,,,,,,,,,,,,,,,,,,,,,,,,,,,,,,,,,,,,,,,,,,,,,,,,,,,,,,,,,,,,,,,,,,,,,,,,,,,,,,,,,,,,,,,,,,,,,,,,,,,,,,,,,,,,,,,,,,,,,,,,,,,,,,,,,,,,,,,,,,,,,,,,,,,,,,,,,,,,,,,,,,,,,,,,,,,,,,,,,,,
,,,,,,,,,,,,,,,,,,,,,,,,,,,,,,,,,,,,,,,,,,,,,,,,,,,,,,,,,,,,,,,,,,,,,,,,,,,,,,,,,,,,,,,,,,,,,,,,,,,,,,,,,,,,,,,,,,,,,,,,,,,,,,,,,,,,,,,,,,,,,,,,,,,,,,,,,,,,,,,,,,,,,,,,,,,,,,,,,,,,,,,,,,,,,,,,,,,,,,,,,,,,,,,,,,,,,,,,,,,,,,,,,,,,,,,,,,,,,,,,,,,,,,,,,,,,,,,,,,,,,,,,,,,,,,,,,,,,,,,,,,,,,,,,,,,,,,,,,,,,,,,,,,,,,,,,,,,,,,,,,,,,,,,,,,,,,,,,,,,,,,,,,,,,,,,,,,,,,,,,,,,,,,,,,,,,,,,,,,,,,,,,,,,,,,,,,,,,,,,,,,,,,,,,,,,,,,,,,,,,,,,,,,,,,,,,,,,,,,,,,,,,,,,,,,,,,,,,,,,,,,,,,,,,,,,,,,,,,,,,,,,,,,,,,,,,,,,,,,,,,,,,,,,,,,,,,,,,,,,,,,,,,,,,,,,,,,,,,,,,,,,,,,,,,,,,,,,,,,,,,,,,,,,,,,,,,,,,,,,,,,,,,,,,,,,,,,,,,,,,,,,,,,,,,,,,,,,,,,,,,,,,,,,,,,,,,,,,,,,,,,,,,,,,,,,,,,,,,,,,,,,,,,,,,,,,,,,,,,,,,,,,,,,,,,,,,,,,,,,,,,,,,,,,,,,,
,,,,,,,,,,,,,,,,,,,,,,,,,,,,,,,,,,,,,,,,,,,,,,,,,,,,,,,,,,,,,,,,,,,,,,,,,,,,,,,,,,,,,,,,,,,,,,,,,,,,,,,,,,,,,,,,,,,,,,,,,,,,,,,,,,,,,,,,,,,,,,,,,,,,,,,,,,,,,,,,,,,,,,,,,,,,,,,,,,,,,,,,,,,,,,,,,,,,,,,,,,,,,,,,,,,,,,,,,,,,,,,,,,,,,,,,,,,,,,,,,,,,,,,,,,,,,,,,,,,,,,,,,,,,,,,,,,,,,,,,,,,,,,,,,,,,,,,,,,,,,,,,,,,,,,,,,,,,,,,,,,,,,,,,,,,,,,,,,,,,,,,,,,,,,,,,,,,,,,,,,,,,,,,,,,,,,,,,,,,,,,,,,,,,,,,,,,,,,,,,,,,,,,,,,,,,,,,,,,,,,,,,,,,,,,,,,,,,,,,,,,,,,,,,,,,,,,,,,,,,,,,,,,,,,,,,,,,,,,,,,,,,,,,,,,,,,,,,,,,,,,,,,,,,,,,,,,,,,,,,,,,,,,,,,,,,,,,,,,,,,,,,,,,,,,,,,,,,,,,,,,,,,,,,,,,,,,,,,,,,,,,,,,,,,,,,,,,,,,,,,,,,,,,,,,,,,,,,,,,,,,,,,,,,,,,,,,,,,,,,,,,,,,,,,,,,,,,,,,,,,,,,,,,,,,,,,,,,,,,,,,,,,,,,,,,,,,,,,,,,,,,,,,,,,,,,
,,,,,,,,,,,,,,,,,,,,,,,,,,,,,,,,,,,,,,,,,,,,,,,,,,,,,,,,,,,,,,,,,,,,,,,,,,,,,,,,,,,,,,,,,,,,,,,,,,,,,,,,,,,,,,,,,,,,,,,,,,,,,,,,,,,,,,,,,,,,,,,,,,,,,,,,,,,,,,,,,,,,,,,,,,,,,,,,,,,,,,,,,,,,,,,,,,,,,,,,,,,,,,,,,,,,,,,,,,,,,,,,,,,,,,,,,,,,,,,,,,,,,,,,,,,,,,,,,,,,,,,,,,,,,,,,,,,,,,,,,,,,,,,,,,,,,,,,,,,,,,,,,,,,,,,,,,,,,,,,,,,,,,,,,,,,,,,,,,,,,,,,,,,,,,,,,,,,,,,,,,,,,,,,,,,,,,,,,,,,,,,,,,,,,,,,,,,,,,,,,,,,,,,,,,,,,,,,,,,,,,,,,,,,,,,,,,,,,,,,,,,,,,,,,,,,,,,,,,,,,,,,,,,,,,,,,,,,,,,,,,,,,,,,,,,,,,,,,,,,,,,,,,,,,,,,,,,,,,,,,,,,,,,,,,,,,,,,,,,,,,,,,,,,,,,,,,,,,,,,,,,,,,,,,,,,,,,,,,,,,,,,,,,,,,,,,,,,,,,,,,,,,,,,,,,,,,,,,,,,,,,,,,,,,,,,,,,,,,,,,,,,,,,,,,,,,,,,,,,,,,,,,,,,,,,,,,,,,,,,,,,,,,,,,,,,,,,,,,,,,,,,,,,,,,,,
,,,,,,,,,,,,,,,,,,,,,,,,,,,,,,,,,,,,,,,,,,,,,,,,,,,,,,,,,,,,,,,,,,,,,,,,,,,,,,,,,,,,,,,,,,,,,,,,,,,,,,,,,,,,,,,,,,,,,,,,,,,,,,,,,,,,,,,,,,,,,,,,,,,,,,,,,,,,,,,,,,,,,,,,,,,,,,,,,,,,,,,,,,,,,,,,,,,,,,,,,,,,,,,,,,,,,,,,,,,,,,,,,,,,,,,,,,,,,,,,,,,,,,,,,,,,,,,,,,,,,,,,,,,,,,,,,,,,,,,,,,,,,,,,,,,,,,,,,,,,,,,,,,,,,,,,,,,,,,,,,,,,,,,,,,,,,,,,,,,,,,,,,,,,,,,,,,,,,,,,,,,,,,,,,,,,,,,,,,,,,,,,,,,,,,,,,,,,,,,,,,,,,,,,,,,,,,,,,,,,,,,,,,,,,,,,,,,,,,,,,,,,,,,,,,,,,,,,,,,,,,,,,,,,,,,,,,,,,,,,,,,,,,,,,,,,,,,,,,,,,,,,,,,,,,,,,,,,,,,,,,,,,,,,,,,,,,,,,,,,,,,,,,,,,,,,,,,,,,,,,,,,,,,,,,,,,,,,,,,,,,,,,,,,,,,,,,,,,,,,,,,,,,,,,,,,,,,,,,,,,,,,,,,,,,,,,,,,,,,,,,,,,,,,,,,,,,,,,,,,,,,,,,,,,,,,,,,,,,,,,,,,,,,,,,,,,,,,,,,,,,,,,,,,,,,,
,,,,,,,,,,,,,,,,,,,,,,,,,,,,,,,,,,,,,,,,,,,,,,,,,,,,,,,,,,,,,,,,,,,,,,,,,,,,,,,,,,,,,,,,,,,,,,,,,,,,,,,,,,,,,,,,,,,,,,,,,,,,,,,,,,,,,,,,,,,,,,,,,,,,,,,,,,,,,,,,,,,,,,,,,,,,,,,,,,,,,,,,,,,,,,,,,,,,,,,,,,,,,,,,,,,,,,,,,,,,,,,,,,,,,,,,,,,,,,,,,,,,,,,,,,,,,,,,,,,,,,,,,,,,,,,,,,,,,,,,,,,,,,,,,,,,,,,,,,,,,,,,,,,,,,,,,,,,,,,,,,,,,,,,,,,,,,,,,,,,,,,,,,,,,,,,,,,,,,,,,,,,,,,,,,,,,,,,,,,,,,,,,,,,,,,,,,,,,,,,,,,,,,,,,,,,,,,,,,,,,,,,,,,,,,,,,,,,,,,,,,,,,,,,,,,,,,,,,,,,,,,,,,,,,,,,,,,,,,,,,,,,,,,,,,,,,,,,,,,,,,,,,,,,,,,,,,,,,,,,,,,,,,,,,,,,,,,,,,,,,,,,,,,,,,,,,,,,,,,,,,,,,,,,,,,,,,,,,,,,,,,,,,,,,,,,,,,,,,,,,,,,,,,,,,,,,,,,,,,,,,,,,,,,,,,,,,,,,,,,,,,,,,,,,,,,,,,,,,,,,,,,,,,,,,,,,,,,,,,,,,,,,,,,,,,,,,,,,,,,,,,,,,,,,,,,
,,,,,,,,,,,,,,,,,,,,,,,,,,,,,,,,,,,,,,,,,,,,,,,,,,,,,,,,,,,,,,,,,,,,,,,,,,,,,,,,,,,,,,,,,,,,,,,,,,,,,,,,,,,,,,,,,,,,,,,,,,,,,,,,,,,,,,,,,,,,,,,,,,,,,,,,,,,,,,,,,,,,,,,,,,,,,,,,,,,,,,,,,,,,,,,,,,,,,,,,,,,,,,,,,,,,,,,,,,,,,,,,,,,,,,,,,,,,,,,,,,,,,,,,,,,,,,,,,,,,,,,,,,,,,,,,,,,,,,,,,,,,,,,,,,,,,,,,,,,,,,,,,,,,,,,,,,,,,,,,,,,,,,,,,,,,,,,,,,,,,,,,,,,,,,,,,,,,,,,,,,,,,,,,,,,,,,,,,,,,,,,,,,,,,,,,,,,,,,,,,,,,,,,,,,,,,,,,,,,,,,,,,,,,,,,,,,,,,,,,,,,,,,,,,,,,,,,,,,,,,,,,,,,,,,,,,,,,,,,,,,,,,,,,,,,,,,,,,,,,,,,,,,,,,,,,,,,,,,,,,,,,,,,,,,,,,,,,,,,,,,,,,,,,,,,,,,,,,,,,,,,,,,,,,,,,,,,,,,,,,,,,,,,,,,,,,,,,,,,,,,,,,,,,,,,,,,,,,,,,,,,,,,,,,,,,,,,,,,,,,,,,,,,,,,,,,,,,,,,,,,,,,,,,,,,,,,,,,,,,,,,,,,,,,,,,,,,,,,,,,,,,,,,,,,,,
,,,,,,,,,,,,,,,,,,,,,,,,,,,,,,,,,,,,,,,,,,,,,,,,,,,,,,,,,,,,,,,,,,,,,,,,,,,,,,,,,,,,,,,,,,,,,,,,,,,,,,,,,,,,,,,,,,,,,,,,,,,,,,,,,,,,,,,,,,,,,,,,,,,,,,,,,,,,,,,,,,,,,,,,,,,,,,,,,,,,,,,,,,,,,,,,,,,,,,,,,,,,,,,,,,,,,,,,,,,,,,,,,,,,,,,,,,,,,,,,,,,,,,,,,,,,,,,,,,,,,,,,,,,,,,,,,,,,,,,,,,,,,,,,,,,,,,,,,,,,,,,,,,,,,,,,,,,,,,,,,,,,,,,,,,,,,,,,,,,,,,,,,,,,,,,,,,,,,,,,,,,,,,,,,,,,,,,,,,,,,,,,,,,,,,,,,,,,,,,,,,,,,,,,,,,,,,,,,,,,,,,,,,,,,,,,,,,,,,,,,,,,,,,,,,,,,,,,,,,,,,,,,,,,,,,,,,,,,,,,,,,,,,,,,,,,,,,,,,,,,,,,,,,,,,,,,,,,,,,,,,,,,,,,,,,,,,,,,,,,,,,,,,,,,,,,,,,,,,,,,,,,,,,,,,,,,,,,,,,,,,,,,,,,,,,,,,,,,,,,,,,,,,,,,,,,,,,,,,,,,,,,,,,,,,,,,,,,,,,,,,,,,,,,,,,,,,,,,,,,,,,,,,,,,,,,,,,,,,,,,,,,,,,,,,,,,,,,,,,,,,,,,,,,,,,,
,,,,,,,,,,,,,,,,,,,,,,,,,,,,,,,,,,,,,,,,,,,,,,,,,,,,,,,,,,,,,,,,,,,,,,,,,,,,,,,,,,,,,,,,,,,,,,,,,,,,,,,,,,,,,,,,,,,,,,,,,,,,,,,,,,,,,,,,,,,,,,,,,,,,,,,,,,,,,,,,,,,,,,,,,,,,,,,,,,,,,,,,,,,,,,,,,,,,,,,,,,,,,,,,,,,,,,,,,,,,,,,,,,,,,,,,,,,,,,,,,,,,,,,,,,,,,,,,,,,,,,,,,,,,,,,,,,,,,,,,,,,,,,,,,,,,,,,,,,,,,,,,,,,,,,,,,,,,,,,,,,,,,,,,,,,,,,,,,,,,,,,,,,,,,,,,,,,,,,,,,,,,,,,,,,,,,,,,,,,,,,,,,,,,,,,,,,,,,,,,,,,,,,,,,,,,,,,,,,,,,,,,,,,,,,,,,,,,,,,,,,,,,,,,,,,,,,,,,,,,,,,,,,,,,,,,,,,,,,,,,,,,,,,,,,,,,,,,,,,,,,,,,,,,,,,,,,,,,,,,,,,,,,,,,,,,,,,,,,,,,,,,,,,,,,,,,,,,,,,,,,,,,,,,,,,,,,,,,,,,,,,,,,,,,,,,,,,,,,,,,,,,,,,,,,,,,,,,,,,,,,,,,,,,,,,,,,,,,,,,,,,,,,,,,,,,,,,,,,,,,,,,,,,,,,,,,,,,,,,,,,,,,,,,,,,,,,,,,,,,,,,,,,,,,,,,
,,,,,,,,,,,,,,,,,,,,,,,,,,,,,,,,,,,,,,,,,,,,,,,,,,,,,,,,,,,,,,,,,,,,,,,,,,,,,,,,,,,,,,,,,,,,,,,,,,,,,,,,,,,,,,,,,,,,,,,,,,,,,,,,,,,,,,,,,,,,,,,,,,,,,,,,,,,,,,,,,,,,,,,,,,,,,,,,,,,,,,,,,,,,,,,,,,,,,,,,,,,,,,,,,,,,,,,,,,,,,,,,,,,,,,,,,,,,,,,,,,,,,,,,,,,,,,,,,,,,,,,,,,,,,,,,,,,,,,,,,,,,,,,,,,,,,,,,,,,,,,,,,,,,,,,,,,,,,,,,,,,,,,,,,,,,,,,,,,,,,,,,,,,,,,,,,,,,,,,,,,,,,,,,,,,,,,,,,,,,,,,,,,,,,,,,,,,,,,,,,,,,,,,,,,,,,,,,,,,,,,,,,,,,,,,,,,,,,,,,,,,,,,,,,,,,,,,,,,,,,,,,,,,,,,,,,,,,,,,,,,,,,,,,,,,,,,,,,,,,,,,,,,,,,,,,,,,,,,,,,,,,,,,,,,,,,,,,,,,,,,,,,,,,,,,,,,,,,,,,,,,,,,,,,,,,,,,,,,,,,,,,,,,,,,,,,,,,,,,,,,,,,,,,,,,,,,,,,,,,,,,,,,,,,,,,,,,,,,,,,,,,,,,,,,,,,,,,,,,,,,,,,,,,,,,,,,,,,,,,,,,,,,,,,,,,,,,,,,,,,,,,,,,,,,,,
,,,,,,,,,,,,,,,,,,,,,,,,,,,,,,,,,,,,,,,,,,,,,,,,,,,,,,,,,,,,,,,,,,,,,,,,,,,,,,,,,,,,,,,,,,,,,,,,,,,,,,,,,,,,,,,,,,,,,,,,,,,,,,,,,,,,,,,,,,,,,,,,,,,,,,,,,,,,,,,,,,,,,,,,,,,,,,,,,,,,,,,,,,,,,,,,,,,,,,,,,,,,,,,,,,,,,,,,,,,,,,,,,,,,,,,,,,,,,,,,,,,,,,,,,,,,,,,,,,,,,,,,,,,,,,,,,,,,,,,,,,,,,,,,,,,,,,,,,,,,,,,,,,,,,,,,,,,,,,,,,,,,,,,,,,,,,,,,,,,,,,,,,,,,,,,,,,,,,,,,,,,,,,,,,,,,,,,,,,,,,,,,,,,,,,,,,,,,,,,,,,,,,,,,,,,,,,,,,,,,,,,,,,,,,,,,,,,,,,,,,,,,,,,,,,,,,,,,,,,,,,,,,,,,,,,,,,,,,,,,,,,,,,,,,,,,,,,,,,,,,,,,,,,,,,,,,,,,,,,,,,,,,,,,,,,,,,,,,,,,,,,,,,,,,,,,,,,,,,,,,,,,,,,,,,,,,,,,,,,,,,,,,,,,,,,,,,,,,,,,,,,,,,,,,,,,,,,,,,,,,,,,,,,,,,,,,,,,,,,,,,,,,,,,,,,,,,,,,,,,,,,,,,,,,,,,,,,,,,,,,,,,,,,,,,,,,,,,,,,,,,,,,,,,,,,,
,,,,,,,,,,,,,,,,,,,,,,,,,,,,,,,,,,,,,,,,,,,,,,,,,,,,,,,,,,,,,,,,,,,,,,,,,,,,,,,,,,,,,,,,,,,,,,,,,,,,,,,,,,,,,,,,,,,,,,,,,,,,,,,,,,,,,,,,,,,,,,,,,,,,,,,,,,,,,,,,,,,,,,,,,,,,,,,,,,,,,,,,,,,,,,,,,,,,,,,,,,,,,,,,,,,,,,,,,,,,,,,,,,,,,,,,,,,,,,,,,,,,,,,,,,,,,,,,,,,,,,,,,,,,,,,,,,,,,,,,,,,,,,,,,,,,,,,,,,,,,,,,,,,,,,,,,,,,,,,,,,,,,,,,,,,,,,,,,,,,,,,,,,,,,,,,,,,,,,,,,,,,,,,,,,,,,,,,,,,,,,,,,,,,,,,,,,,,,,,,,,,,,,,,,,,,,,,,,,,,,,,,,,,,,,,,,,,,,,,,,,,,,,,,,,,,,,,,,,,,,,,,,,,,,,,,,,,,,,,,,,,,,,,,,,,,,,,,,,,,,,,,,,,,,,,,,,,,,,,,,,,,,,,,,,,,,,,,,,,,,,,,,,,,,,,,,,,,,,,,,,,,,,,,,,,,,,,,,,,,,,,,,,,,,,,,,,,,,,,,,,,,,,,,,,,,,,,,,,,,,,,,,,,,,,,,,,,,,,,,,,,,,,,,,,,,,,,,,,,,,,,,,,,,,,,,,,,,,,,,,,,,,,,,,,,,,,,,,,,,,,,,,,,,,,,,
,,,,,,,,,,,,,,,,,,,,,,,,,,,,,,,,,,,,,,,,,,,,,,,,,,,,,,,,,,,,,,,,,,,,,,,,,,,,,,,,,,,,,,,,,,,,,,,,,,,,,,,,,,,,,,,,,,,,,,,,,,,,,,,,,,,,,,,,,,,,,,,,,,,,,,,,,,,,,,,,,,,,,,,,,,,,,,,,,,,,,,,,,,,,,,,,,,,,,,,,,,,,,,,,,,,,,,,,,,,,,,,,,,,,,,,,,,,,,,,,,,,,,,,,,,,,,,,,,,,,,,,,,,,,,,,,,,,,,,,,,,,,,,,,,,,,,,,,,,,,,,,,,,,,,,,,,,,,,,,,,,,,,,,,,,,,,,,,,,,,,,,,,,,,,,,,,,,,,,,,,,,,,,,,,,,,,,,,,,,,,,,,,,,,,,,,,,,,,,,,,,,,,,,,,,,,,,,,,,,,,,,,,,,,,,,,,,,,,,,,,,,,,,,,,,,,,,,,,,,,,,,,,,,,,,,,,,,,,,,,,,,,,,,,,,,,,,,,,,,,,,,,,,,,,,,,,,,,,,,,,,,,,,,,,,,,,,,,,,,,,,,,,,,,,,,,,,,,,,,,,,,,,,,,,,,,,,,,,,,,,,,,,,,,,,,,,,,,,,,,,,,,,,,,,,,,,,,,,,,,,,,,,,,,,,,,,,,,,,,,,,,,,,,,,,,,,,,,,,,,,,,,,,,,,,,,,,,,,,,,,,,,,,,,,,,,,,,,,,,,,,,,,,,,,,,,
,,,,,,,,,,,,,,,,,,,,,,,,,,,,,,,,,,,,,,,,,,,,,,,,,,,,,,,,,,,,,,,,,,,,,,,,,,,,,,,,,,,,,,,,,,,,,,,,,,,,,,,,,,,,,,,,,,,,,,,,,,,,,,,,,,,,,,,,,,,,,,,,,,,,,,,,,,,,,,,,,,,,,,,,,,,,,,,,,,,,,,,,,,,,,,,,,,,,,,,,,,,,,,,,,,,,,,,,,,,,,,,,,,,,,,,,,,,,,,,,,,,,,,,,,,,,,,,,,,,,,,,,,,,,,,,,,,,,,,,,,,,,,,,,,,,,,,,,,,,,,,,,,,,,,,,,,,,,,,,,,,,,,,,,,,,,,,,,,,,,,,,,,,,,,,,,,,,,,,,,,,,,,,,,,,,,,,,,,,,,,,,,,,,,,,,,,,,,,,,,,,,,,,,,,,,,,,,,,,,,,,,,,,,,,,,,,,,,,,,,,,,,,,,,,,,,,,,,,,,,,,,,,,,,,,,,,,,,,,,,,,,,,,,,,,,,,,,,,,,,,,,,,,,,,,,,,,,,,,,,,,,,,,,,,,,,,,,,,,,,,,,,,,,,,,,,,,,,,,,,,,,,,,,,,,,,,,,,,,,,,,,,,,,,,,,,,,,,,,,,,,,,,,,,,,,,,,,,,,,,,,,,,,,,,,,,,,,,,,,,,,,,,,,,,,,,,,,,,,,,,,,,,,,,,,,,,,,,,,,,,,,,,,,,,,,,,,,,,,,,,,,,,,,,,,,,
,,,,,,,,,,,,,,,,,,,,,,,,,,,,,,,,,,,,,,,,,,,,,,,,,,,,,,,,,,,,,,,,,,,,,,,,,,,,,,,,,,,,,,,,,,,,,,,,,,,,,,,,,,,,,,,,,,,,,,,,,,,,,,,,,,,,,,,,,,,,,,,,,,,,,,,,,,,,,,,,,,,,,,,,,,,,,,,,,,,,,,,,,,,,,,,,,,,,,,,,,,,,,,,,,,,,,,,,,,,,,,,,,,,,,,,,,,,,,,,,,,,,,,,,,,,,,,,,,,,,,,,,,,,,,,,,,,,,,,,,,,,,,,,,,,,,,,,,,,,,,,,,,,,,,,,,,,,,,,,,,,,,,,,,,,,,,,,,,,,,,,,,,,,,,,,,,,,,,,,,,,,,,,,,,,,,,,,,,,,,,,,,,,,,,,,,,,,,,,,,,,,,,,,,,,,,,,,,,,,,,,,,,,,,,,,,,,,,,,,,,,,,,,,,,,,,,,,,,,,,,,,,,,,,,,,,,,,,,,,,,,,,,,,,,,,,,,,,,,,,,,,,,,,,,,,,,,,,,,,,,,,,,,,,,,,,,,,,,,,,,,,,,,,,,,,,,,,,,,,,,,,,,,,,,,,,,,,,,,,,,,,,,,,,,,,,,,,,,,,,,,,,,,,,,,,,,,,,,,,,,,,,,,,,,,,,,,,,,,,,,,,,,,,,,,,,,,,,,,,,,,,,,,,,,,,,,,,,,,,,,,,,,,,,,,,,,,,,,,,,,,,,,,,,,,,,
,,,,,,,,,,,,,,,,,,,,,,,,,,,,,,,,,,,,,,,,,,,,,,,,,,,,,,,,,,,,,,,,,,,,,,,,,,,,,,,,,,,,,,,,,,,,,,,,,,,,,,,,,,,,,,,,,,,,,,,,,,,,,,,,,,,,,,,,,,,,,,,,,,,,,,,,,,,,,,,,,,,,,,,,,,,,,,,,,,,,,,,,,,,,,,,,,,,,,,,,,,,,,,,,,,,,,,,,,,,,,,,,,,,,,,,,,,,,,,,,,,,,,,,,,,,,,,,,,,,,,,,,,,,,,,,,,,,,,,,,,,,,,,,,,,,,,,,,,,,,,,,,,,,,,,,,,,,,,,,,,,,,,,,,,,,,,,,,,,,,,,,,,,,,,,,,,,,,,,,,,,,,,,,,,,,,,,,,,,,,,,,,,,,,,,,,,,,,,,,,,,,,,,,,,,,,,,,,,,,,,,,,,,,,,,,,,,,,,,,,,,,,,,,,,,,,,,,,,,,,,,,,,,,,,,,,,,,,,,,,,,,,,,,,,,,,,,,,,,,,,,,,,,,,,,,,,,,,,,,,,,,,,,,,,,,,,,,,,,,,,,,,,,,,,,,,,,,,,,,,,,,,,,,,,,,,,,,,,,,,,,,,,,,,,,,,,,,,,,,,,,,,,,,,,,,,,,,,,,,,,,,,,,,,,,,,,,,,,,,,,,,,,,,,,,,,,,,,,,,,,,,,,,,,,,,,,,,,,,,,,,,,,,,,,,,,,,,,,,,,,,,,,,,,,,,,
,,,,,,,,,,,,,,,,,,,,,,,,,,,,,,,,,,,,,,,,,,,,,,,,,,,,,,,,,,,,,,,,,,,,,,,,,,,,,,,,,,,,,,,,,,,,,,,,,,,,,,,,,,,,,,,,,,,,,,,,,,,,,,,,,,,,,,,,,,,,,,,,,,,,,,,,,,,,,,,,,,,,,,,,,,,,,,,,,,,,,,,,,,,,,,,,,,,,,,,,,,,,,,,,,,,,,,,,,,,,,,,,,,,,,,,,,,,,,,,,,,,,,,,,,,,,,,,,,,,,,,,,,,,,,,,,,,,,,,,,,,,,,,,,,,,,,,,,,,,,,,,,,,,,,,,,,,,,,,,,,,,,,,,,,,,,,,,,,,,,,,,,,,,,,,,,,,,,,,,,,,,,,,,,,,,,,,,,,,,,,,,,,,,,,,,,,,,,,,,,,,,,,,,,,,,,,,,,,,,,,,,,,,,,,,,,,,,,,,,,,,,,,,,,,,,,,,,,,,,,,,,,,,,,,,,,,,,,,,,,,,,,,,,,,,,,,,,,,,,,,,,,,,,,,,,,,,,,,,,,,,,,,,,,,,,,,,,,,,,,,,,,,,,,,,,,,,,,,,,,,,,,,,,,,,,,,,,,,,,,,,,,,,,,,,,,,,,,,,,,,,,,,,,,,,,,,,,,,,,,,,,,,,,,,,,,,,,,,,,,,,,,,,,,,,,,,,,,,,,,,,,,,,,,,,,,,,,,,,,,,,,,,,,,,,,,,,,,,,,,,,,,,,,,,,,,
,,,,,,,,,,,,,,,,,,,,,,,,,,,,,,,,,,,,,,,,,,,,,,,,,,,,,,,,,,,,,,,,,,,,,,,,,,,,,,,,,,,,,,,,,,,,,,,,,,,,,,,,,,,,,,,,,,,,,,,,,,,,,,,,,,,,,,,,,,,,,,,,,,,,,,,,,,,,,,,,,,,,,,,,,,,,,,,,,,,,,,,,,,,,,,,,,,,,,,,,,,,,,,,,,,,,,,,,,,,,,,,,,,,,,,,,,,,,,,,,,,,,,,,,,,,,,,,,,,,,,,,,,,,,,,,,,,,,,,,,,,,,,,,,,,,,,,,,,,,,,,,,,,,,,,,,,,,,,,,,,,,,,,,,,,,,,,,,,,,,,,,,,,,,,,,,,,,,,,,,,,,,,,,,,,,,,,,,,,,,,,,,,,,,,,,,,,,,,,,,,,,,,,,,,,,,,,,,,,,,,,,,,,,,,,,,,,,,,,,,,,,,,,,,,,,,,,,,,,,,,,,,,,,,,,,,,,,,,,,,,,,,,,,,,,,,,,,,,,,,,,,,,,,,,,,,,,,,,,,,,,,,,,,,,,,,,,,,,,,,,,,,,,,,,,,,,,,,,,,,,,,,,,,,,,,,,,,,,,,,,,,,,,,,,,,,,,,,,,,,,,,,,,,,,,,,,,,,,,,,,,,,,,,,,,,,,,,,,,,,,,,,,,,,,,,,,,,,,,,,,,,,,,,,,,,,,,,,,,,,,,,,,,,,,,,,,,,,,,,,,,,,,,,,,,,,
,,,,,,,,,,,,,,,,,,,,,,,,,,,,,,,,,,,,,,,,,,,,,,,,,,,,,,,,,,,,,,,,,,,,,,,,,,,,,,,,,,,,,,,,,,,,,,,,,,,,,,,,,,,,,,,,,,,,,,,,,,,,,,,,,,,,,,,,,,,,,,,,,,,,,,,,,,,,,,,,,,,,,,,,,,,,,,,,,,,,,,,,,,,,,,,,,,,,,,,,,,,,,,,,,,,,,,,,,,,,,,,,,,,,,,,,,,,,,,,,,,,,,,,,,,,,,,,,,,,,,,,,,,,,,,,,,,,,,,,,,,,,,,,,,,,,,,,,,,,,,,,,,,,,,,,,,,,,,,,,,,,,,,,,,,,,,,,,,,,,,,,,,,,,,,,,,,,,,,,,,,,,,,,,,,,,,,,,,,,,,,,,,,,,,,,,,,,,,,,,,,,,,,,,,,,,,,,,,,,,,,,,,,,,,,,,,,,,,,,,,,,,,,,,,,,,,,,,,,,,,,,,,,,,,,,,,,,,,,,,,,,,,,,,,,,,,,,,,,,,,,,,,,,,,,,,,,,,,,,,,,,,,,,,,,,,,,,,,,,,,,,,,,,,,,,,,,,,,,,,,,,,,,,,,,,,,,,,,,,,,,,,,,,,,,,,,,,,,,,,,,,,,,,,,,,,,,,,,,,,,,,,,,,,,,,,,,,,,,,,,,,,,,,,,,,,,,,,,,,,,,,,,,,,,,,,,,,,,,,,,,,,,,,,,,,,,,,,,,,,,,,,,,,,,,,,
,,,,,,,,,,,,,,,,,,,,,,,,,,,,,,,,,,,,,,,,,,,,,,,,,,,,,,,,,,,,,,,,,,,,,,,,,,,,,,,,,,,,,,,,,,,,,,,,,,,,,,,,,,,,,,,,,,,,,,,,,,,,,,,,,,,,,,,,,,,,,,,,,,,,,,,,,,,,,,,,,,,,,,,,,,,,,,,,,,,,,,,,,,,,,,,,,,,,,,,,,,,,,,,,,,,,,,,,,,,,,,,,,,,,,,,,,,,,,,,,,,,,,,,,,,,,,,,,,,,,,,,,,,,,,,,,,,,,,,,,,,,,,,,,,,,,,,,,,,,,,,,,,,,,,,,,,,,,,,,,,,,,,,,,,,,,,,,,,,,,,,,,,,,,,,,,,,,,,,,,,,,,,,,,,,,,,,,,,,,,,,,,,,,,,,,,,,,,,,,,,,,,,,,,,,,,,,,,,,,,,,,,,,,,,,,,,,,,,,,,,,,,,,,,,,,,,,,,,,,,,,,,,,,,,,,,,,,,,,,,,,,,,,,,,,,,,,,,,,,,,,,,,,,,,,,,,,,,,,,,,,,,,,,,,,,,,,,,,,,,,,,,,,,,,,,,,,,,,,,,,,,,,,,,,,,,,,,,,,,,,,,,,,,,,,,,,,,,,,,,,,,,,,,,,,,,,,,,,,,,,,,,,,,,,,,,,,,,,,,,,,,,,,,,,,,,,,,,,,,,,,,,,,,,,,,,,,,,,,,,,,,,,,,,,,,,,,,,,,,,,,,,,,,,,,,,
,,,,,,,,,,,,,,,,,,,,,,,,,,,,,,,,,,,,,,,,,,,,,,,,,,,,,,,,,,,,,,,,,,,,,,,,,,,,,,,,,,,,,,,,,,,,,,,,,,,,,,,,,,,,,,,,,,,,,,,,,,,,,,,,,,,,,,,,,,,,,,,,,,,,,,,,,,,,,,,,,,,,,,,,,,,,,,,,,,,,,,,,,,,,,,,,,,,,,,,,,,,,,,,,,,,,,,,,,,,,,,,,,,,,,,,,,,,,,,,,,,,,,,,,,,,,,,,,,,,,,,,,,,,,,,,,,,,,,,,,,,,,,,,,,,,,,,,,,,,,,,,,,,,,,,,,,,,,,,,,,,,,,,,,,,,,,,,,,,,,,,,,,,,,,,,,,,,,,,,,,,,,,,,,,,,,,,,,,,,,,,,,,,,,,,,,,,,,,,,,,,,,,,,,,,,,,,,,,,,,,,,,,,,,,,,,,,,,,,,,,,,,,,,,,,,,,,,,,,,,,,,,,,,,,,,,,,,,,,,,,,,,,,,,,,,,,,,,,,,,,,,,,,,,,,,,,,,,,,,,,,,,,,,,,,,,,,,,,,,,,,,,,,,,,,,,,,,,,,,,,,,,,,,,,,,,,,,,,,,,,,,,,,,,,,,,,,,,,,,,,,,,,,,,,,,,,,,,,,,,,,,,,,,,,,,,,,,,,,,,,,,,,,,,,,,,,,,,,,,,,,,,,,,,,,,,,,,,,,,,,,,,,,,,,,,,,,,,,,,,,,,,,,,,,,,,
,,,,,,,,,,,,,,,,,,,,,,,,,,,,,,,,,,,,,,,,,,,,,,,,,,,,,,,,,,,,,,,,,,,,,,,,,,,,,,,,,,,,,,,,,,,,,,,,,,,,,,,,,,,,,,,,,,,,,,,,,,,,,,,,,,,,,,,,,,,,,,,,,,,,,,,,,,,,,,,,,,,,,,,,,,,,,,,,,,,,,,,,,,,,,,,,,,,,,,,,,,,,,,,,,,,,,,,,,,,,,,,,,,,,,,,,,,,,,,,,,,,,,,,,,,,,,,,,,,,,,,,,,,,,,,,,,,,,,,,,,,,,,,,,,,,,,,,,,,,,,,,,,,,,,,,,,,,,,,,,,,,,,,,,,,,,,,,,,,,,,,,,,,,,,,,,,,,,,,,,,,,,,,,,,,,,,,,,,,,,,,,,,,,,,,,,,,,,,,,,,,,,,,,,,,,,,,,,,,,,,,,,,,,,,,,,,,,,,,,,,,,,,,,,,,,,,,,,,,,,,,,,,,,,,,,,,,,,,,,,,,,,,,,,,,,,,,,,,,,,,,,,,,,,,,,,,,,,,,,,,,,,,,,,,,,,,,,,,,,,,,,,,,,,,,,,,,,,,,,,,,,,,,,,,,,,,,,,,,,,,,,,,,,,,,,,,,,,,,,,,,,,,,,,,,,,,,,,,,,,,,,,,,,,,,,,,,,,,,,,,,,,,,,,,,,,,,,,,,,,,,,,,,,,,,,,,,,,,,,,,,,,,,,,,,,,,,,,,,,,,,,,,,,,,,,,
,,,,,,,,,,,,,,,,,,,,,,,,,,,,,,,,,,,,,,,,,,,,,,,,,,,,,,,,,,,,,,,,,,,,,,,,,,,,,,,,,,,,,,,,,,,,,,,,,,,,,,,,,,,,,,,,,,,,,,,,,,,,,,,,,,,,,,,,,,,,,,,,,,,,,,,,,,,,,,,,,,,,,,,,,,,,,,,,,,,,,,,,,,,,,,,,,,,,,,,,,,,,,,,,,,,,,,,,,,,,,,,,,,,,,,,,,,,,,,,,,,,,,,,,,,,,,,,,,,,,,,,,,,,,,,,,,,,,,,,,,,,,,,,,,,,,,,,,,,,,,,,,,,,,,,,,,,,,,,,,,,,,,,,,,,,,,,,,,,,,,,,,,,,,,,,,,,,,,,,,,,,,,,,,,,,,,,,,,,,,,,,,,,,,,,,,,,,,,,,,,,,,,,,,,,,,,,,,,,,,,,,,,,,,,,,,,,,,,,,,,,,,,,,,,,,,,,,,,,,,,,,,,,,,,,,,,,,,,,,,,,,,,,,,,,,,,,,,,,,,,,,,,,,,,,,,,,,,,,,,,,,,,,,,,,,,,,,,,,,,,,,,,,,,,,,,,,,,,,,,,,,,,,,,,,,,,,,,,,,,,,,,,,,,,,,,,,,,,,,,,,,,,,,,,,,,,,,,,,,,,,,,,,,,,,,,,,,,,,,,,,,,,,,,,,,,,,,,,,,,,,,,,,,,,,,,,,,,,,,,,,,,,,,,,,,,,,,,,,,,,,,,,,,,,,,,
,,,,,,,,,,,,,,,,,,,,,,,,,,,,,,,,,,,,,,,,,,,,,,,,,,,,,,,,,,,,,,,,,,,,,,,,,,,,,,,,,,,,,,,,,,,,,,,,,,,,,,,,,,,,,,,,,,,,,,,,,,,,,,,,,,,,,,,,,,,,,,,,,,,,,,,,,,,,,,,,,,,,,,,,,,,,,,,,,,,,,,,,,,,,,,,,,,,,,,,,,,,,,,,,,,,,,,,,,,,,,,,,,,,,,,,,,,,,,,,,,,,,,,,,,,,,,,,,,,,,,,,,,,,,,,,,,,,,,,,,,,,,,,,,,,,,,,,,,,,,,,,,,,,,,,,,,,,,,,,,,,,,,,,,,,,,,,,,,,,,,,,,,,,,,,,,,,,,,,,,,,,,,,,,,,,,,,,,,,,,,,,,,,,,,,,,,,,,,,,,,,,,,,,,,,,,,,,,,,,,,,,,,,,,,,,,,,,,,,,,,,,,,,,,,,,,,,,,,,,,,,,,,,,,,,,,,,,,,,,,,,,,,,,,,,,,,,,,,,,,,,,,,,,,,,,,,,,,,,,,,,,,,,,,,,,,,,,,,,,,,,,,,,,,,,,,,,,,,,,,,,,,,,,,,,,,,,,,,,,,,,,,,,,,,,,,,,,,,,,,,,,,,,,,,,,,,,,,,,,,,,,,,,,,,,,,,,,,,,,,,,,,,,,,,,,,,,,,,,,,,,,,,,,,,,,,,,,,,,,,,,,,,,,,,,,,,,,,,,,,,,,,,,,,,,,,
,,,,,,,,,,,,,,,,,,,,,,,,,,,,,,,,,,,,,,,,,,,,,,,,,,,,,,,,,,,,,,,,,,,,,,,,,,,,,,,,,,,,,,,,,,,,,,,,,,,,,,,,,,,,,,,,,,,,,,,,,,,,,,,,,,,,,,,,,,,,,,,,,,,,,,,,,,,,,,,,,,,,,,,,,,,,,,,,,,,,,,,,,,,,,,,,,,,,,,,,,,,,,,,,,,,,,,,,,,,,,,,,,,,,,,,,,,,,,,,,,,,,,,,,,,,,,,,,,,,,,,,,,,,,,,,,,,,,,,,,,,,,,,,,,,,,,,,,,,,,,,,,,,,,,,,,,,,,,,,,,,,,,,,,,,,,,,,,,,,,,,,,,,,,,,,,,,,,,,,,,,,,,,,,,,,,,,,,,,,,,,,,,,,,,,,,,,,,,,,,,,,,,,,,,,,,,,,,,,,,,,,,,,,,,,,,,,,,,,,,,,,,,,,,,,,,,,,,,,,,,,,,,,,,,,,,,,,,,,,,,,,,,,,,,,,,,,,,,,,,,,,,,,,,,,,,,,,,,,,,,,,,,,,,,,,,,,,,,,,,,,,,,,,,,,,,,,,,,,,,,,,,,,,,,,,,,,,,,,,,,,,,,,,,,,,,,,,,,,,,,,,,,,,,,,,,,,,,,,,,,,,,,,,,,,,,,,,,,,,,,,,,,,,,,,,,,,,,,,,,,,,,,,,,,,,,,,,,,,,,,,,,,,,,,,,,,,,,,,,,,,,,,,,,,,,,
,,,,,,,,,,,,,,,,,,,,,,,,,,,,,,,,,,,,,,,,,,,,,,,,,,,,,,,,,,,,,,,,,,,,,,,,,,,,,,,,,,,,,,,,,,,,,,,,,,,,,,,,,,,,,,,,,,,,,,,,,,,,,,,,,,,,,,,,,,,,,,,,,,,,,,,,,,,,,,,,,,,,,,,,,,,,,,,,,,,,,,,,,,,,,,,,,,,,,,,,,,,,,,,,,,,,,,,,,,,,,,,,,,,,,,,,,,,,,,,,,,,,,,,,,,,,,,,,,,,,,,,,,,,,,,,,,,,,,,,,,,,,,,,,,,,,,,,,,,,,,,,,,,,,,,,,,,,,,,,,,,,,,,,,,,,,,,,,,,,,,,,,,,,,,,,,,,,,,,,,,,,,,,,,,,,,,,,,,,,,,,,,,,,,,,,,,,,,,,,,,,,,,,,,,,,,,,,,,,,,,,,,,,,,,,,,,,,,,,,,,,,,,,,,,,,,,,,,,,,,,,,,,,,,,,,,,,,,,,,,,,,,,,,,,,,,,,,,,,,,,,,,,,,,,,,,,,,,,,,,,,,,,,,,,,,,,,,,,,,,,,,,,,,,,,,,,,,,,,,,,,,,,,,,,,,,,,,,,,,,,,,,,,,,,,,,,,,,,,,,,,,,,,,,,,,,,,,,,,,,,,,,,,,,,,,,,,,,,,,,,,,,,,,,,,,,,,,,,,,,,,,,,,,,,,,,,,,,,,,,,,,,,,,,,,,,,,,,,,,,,,,,,,,,,,,,
,,,,,,,,,,,,,,,,,,,,,,,,,,,,,,,,,,,,,,,,,,,,,,,,,,,,,,,,,,,,,,,,,,,,,,,,,,,,,,,,,,,,,,,,,,,,,,,,,,,,,,,,,,,,,,,,,,,,,,,,,,,,,,,,,,,,,,,,,,,,,,,,,,,,,,,,,,,,,,,,,,,,,,,,,,,,,,,,,,,,,,,,,,,,,,,,,,,,,,,,,,,,,,,,,,,,,,,,,,,,,,,,,,,,,,,,,,,,,,,,,,,,,,,,,,,,,,,,,,,,,,,,,,,,,,,,,,,,,,,,,,,,,,,,,,,,,,,,,,,,,,,,,,,,,,,,,,,,,,,,,,,,,,,,,,,,,,,,,,,,,,,,,,,,,,,,,,,,,,,,,,,,,,,,,,,,,,,,,,,,,,,,,,,,,,,,,,,,,,,,,,,,,,,,,,,,,,,,,,,,,,,,,,,,,,,,,,,,,,,,,,,,,,,,,,,,,,,,,,,,,,,,,,,,,,,,,,,,,,,,,,,,,,,,,,,,,,,,,,,,,,,,,,,,,,,,,,,,,,,,,,,,,,,,,,,,,,,,,,,,,,,,,,,,,,,,,,,,,,,,,,,,,,,,,,,,,,,,,,,,,,,,,,,,,,,,,,,,,,,,,,,,,,,,,,,,,,,,,,,,,,,,,,,,,,,,,,,,,,,,,,,,,,,,,,,,,,,,,,,,,,,,,,,,,,,,,,,,,,,,,,,,,,,,,,,,,,,,,,,,,,,,,,,,,,,,
,,,,,,,,,,,,,,,,,,,,,,,,,,,,,,,,,,,,,,,,,,,,,,,,,,,,,,,,,,,,,,,,,,,,,,,,,,,,,,,,,,,,,,,,,,,,,,,,,,,,,,,,,,,,,,,,,,,,,,,,,,,,,,,,,,,,,,,,,,,,,,,,,,,,,,,,,,,,,,,,,,,,,,,,,,,,,,,,,,,,,,,,,,,,,,,,,,,,,,,,,,,,,,,,,,,,,,,,,,,,,,,,,,,,,,,,,,,,,,,,,,,,,,,,,,,,,,,,,,,,,,,,,,,,,,,,,,,,,,,,,,,,,,,,,,,,,,,,,,,,,,,,,,,,,,,,,,,,,,,,,,,,,,,,,,,,,,,,,,,,,,,,,,,,,,,,,,,,,,,,,,,,,,,,,,,,,,,,,,,,,,,,,,,,,,,,,,,,,,,,,,,,,,,,,,,,,,,,,,,,,,,,,,,,,,,,,,,,,,,,,,,,,,,,,,,,,,,,,,,,,,,,,,,,,,,,,,,,,,,,,,,,,,,,,,,,,,,,,,,,,,,,,,,,,,,,,,,,,,,,,,,,,,,,,,,,,,,,,,,,,,,,,,,,,,,,,,,,,,,,,,,,,,,,,,,,,,,,,,,,,,,,,,,,,,,,,,,,,,,,,,,,,,,,,,,,,,,,,,,,,,,,,,,,,,,,,,,,,,,,,,,,,,,,,,,,,,,,,,,,,,,,,,,,,,,,,,,,,,,,,,,,,,,,,,,,,,,,,,,,,,,,,,,,,,,,
,,,,,,,,,,,,,,,,,,,,,,,,,,,,,,,,,,,,,,,,,,,,,,,,,,,,,,,,,,,,,,,,,,,,,,,,,,,,,,,,,,,,,,,,,,,,,,,,,,,,,,,,,,,,,,,,,,,,,,,,,,,,,,,,,,,,,,,,,,,,,,,,,,,,,,,,,,,,,,,,,,,,,,,,,,,,,,,,,,,,,,,,,,,,,,,,,,,,,,,,,,,,,,,,,,,,,,,,,,,,,,,,,,,,,,,,,,,,,,,,,,,,,,,,,,,,,,,,,,,,,,,,,,,,,,,,,,,,,,,,,,,,,,,,,,,,,,,,,,,,,,,,,,,,,,,,,,,,,,,,,,,,,,,,,,,,,,,,,,,,,,,,,,,,,,,,,,,,,,,,,,,,,,,,,,,,,,,,,,,,,,,,,,,,,,,,,,,,,,,,,,,,,,,,,,,,,,,,,,,,,,,,,,,,,,,,,,,,,,,,,,,,,,,,,,,,,,,,,,,,,,,,,,,,,,,,,,,,,,,,,,,,,,,,,,,,,,,,,,,,,,,,,,,,,,,,,,,,,,,,,,,,,,,,,,,,,,,,,,,,,,,,,,,,,,,,,,,,,,,,,,,,,,,,,,,,,,,,,,,,,,,,,,,,,,,,,,,,,,,,,,,,,,,,,,,,,,,,,,,,,,,,,,,,,,,,,,,,,,,,,,,,,,,,,,,,,,,,,,,,,,,,,,,,,,,,,,,,,,,,,,,,,,,,,,,,,,,,,,,,,,,,,,,,,,,,
,,,,,,,,,,,,,,,,,,,,,,,,,,,,,,,,,,,,,,,,,,,,,,,,,,,,,,,,,,,,,,,,,,,,,,,,,,,,,,,,,,,,,,,,,,,,,,,,,,,,,,,,,,,,,,,,,,,,,,,,,,,,,,,,,,,,,,,,,,,,,,,,,,,,,,,,,,,,,,,,,,,,,,,,,,,,,,,,,,,,,,,,,,,,,,,,,,,,,,,,,,,,,,,,,,,,,,,,,,,,,,,,,,,,,,,,,,,,,,,,,,,,,,,,,,,,,,,,,,,,,,,,,,,,,,,,,,,,,,,,,,,,,,,,,,,,,,,,,,,,,,,,,,,,,,,,,,,,,,,,,,,,,,,,,,,,,,,,,,,,,,,,,,,,,,,,,,,,,,,,,,,,,,,,,,,,,,,,,,,,,,,,,,,,,,,,,,,,,,,,,,,,,,,,,,,,,,,,,,,,,,,,,,,,,,,,,,,,,,,,,,,,,,,,,,,,,,,,,,,,,,,,,,,,,,,,,,,,,,,,,,,,,,,,,,,,,,,,,,,,,,,,,,,,,,,,,,,,,,,,,,,,,,,,,,,,,,,,,,,,,,,,,,,,,,,,,,,,,,,,,,,,,,,,,,,,,,,,,,,,,,,,,,,,,,,,,,,,,,,,,,,,,,,,,,,,,,,,,,,,,,,,,,,,,,,,,,,,,,,,,,,,,,,,,,,,,,,,,,,,,,,,,,,,,,,,,,,,,,,,,,,,,,,,,,,,,,,,,,,,,,,,,,,,,,,,
,,,,,,,,,,,,,,,,,,,,,,,,,,,,,,,,,,,,,,,,,,,,,,,,,,,,,,,,,,,,,,,,,,,,,,,,,,,,,,,,,,,,,,,,,,,,,,,,,,,,,,,,,,,,,,,,,,,,,,,,,,,,,,,,,,,,,,,,,,,,,,,,,,,,,,,,,,,,,,,,,,,,,,,,,,,,,,,,,,,,,,,,,,,,,,,,,,,,,,,,,,,,,,,,,,,,,,,,,,,,,,,,,,,,,,,,,,,,,,,,,,,,,,,,,,,,,,,,,,,,,,,,,,,,,,,,,,,,,,,,,,,,,,,,,,,,,,,,,,,,,,,,,,,,,,,,,,,,,,,,,,,,,,,,,,,,,,,,,,,,,,,,,,,,,,,,,,,,,,,,,,,,,,,,,,,,,,,,,,,,,,,,,,,,,,,,,,,,,,,,,,,,,,,,,,,,,,,,,,,,,,,,,,,,,,,,,,,,,,,,,,,,,,,,,,,,,,,,,,,,,,,,,,,,,,,,,,,,,,,,,,,,,,,,,,,,,,,,,,,,,,,,,,,,,,,,,,,,,,,,,,,,,,,,,,,,,,,,,,,,,,,,,,,,,,,,,,,,,,,,,,,,,,,,,,,,,,,,,,,,,,,,,,,,,,,,,,,,,,,,,,,,,,,,,,,,,,,,,,,,,,,,,,,,,,,,,,,,,,,,,,,,,,,,,,,,,,,,,,,,,,,,,,,,,,,,,,,,,,,,,,,,,,,,,,,,,,,,,,,,,,,,,,,,,,,,
